     0.000      6.988      1.569      3.501      6.188      3.219      3.179      5.636      2.761      1.665      5.389      3.575      5.244      1.786      3.438      1.853      2.393      1.511      3.660      1.461      4.677      7.217      4.053      4.262      3.975      3.356      5.324      2.751      2.583      1.545      2.645      6.239      2.484      2.555      5.600      5.432      5.376      5.192      4.492      3.568      2.100
     6.167      0.000      6.001      3.696      3.606      4.586      4.816      4.234      5.314      7.924      1.438      4.108      1.171      8.075      4.400      8.075      8.027      5.229      2.983      7.031      3.535      5.171      2.424      3.215      5.208      4.217      5.786      4.593      6.162      6.688      4.579      1.356      3.899      5.098      3.981      0.740      1.235      2.372      2.888      3.236      6.482
     1.206      6.105      0.000      2.969      3.916      2.284      1.743      4.794      1.561      2.827      4.457      1.935      5.640      1.506      2.163      1.590      2.707      0.624      2.795      1.526      2.799      5.113      3.239      2.949      2.847      1.758      3.834      1.456      1.507      2.219      2.012      4.545      1.777      0.794      3.623      4.791      5.008      4.365      3.491      3.876      0.781
     4.533      4.228      3.669      0.000      5.709      1.001      2.293      6.365      4.348      3.261      3.162      1.828      3.275      4.304      4.320      5.770      5.177      3.108      3.763      4.604      4.076      6.716      2.989      3.637      4.350      3.550      5.603      2.220      4.049      2.027      1.480      3.797      2.245      3.412      4.721      3.533      3.843      5.063      0.894      0.906      4.030
     4.797      4.422      3.414      5.401      0.000      4.684      3.195      0.744      2.388      6.197      2.663      3.427      4.392      5.030      2.236      4.643      4.929      4.176      1.622      4.602      1.429      0.871      2.003      1.548      1.165      2.035      0.811      3.476      2.974      4.923      4.077      3.294      3.583      3.520      0.330      3.835      3.290      1.888      4.473      4.877      3.169
     3.506      3.838      2.504      1.142      4.650      0.000      1.321      5.610      2.766      2.855      3.319      0.958      3.312      4.486      3.583      4.920      5.964      1.933      2.803      3.623      2.538      4.661      3.107      2.180      4.178      2.567      5.492      1.104      4.051      1.702      1.014      3.078      1.173      2.141      3.682      4.018      3.815      3.488      1.065      1.064      2.382
     2.485      4.262      1.969      2.353      2.865      1.327      0.000      4.024      2.213      2.938      3.105      0.306      2.733      3.494      1.797      3.420      4.095      1.393      1.949      3.238      2.019      3.919      2.057      1.549      2.760      1.415      4.126      0.557      2.145      2.470      1.669      2.833      0.188      1.269      2.901      3.654      3.746      3.343      1.795      1.753      1.822
     5.743      5.182      4.495      5.950      0.781      5.231      3.762      0.000      3.413      7.213      3.766      4.372      4.901      4.981      2.469      5.437      6.066      4.550      2.268      5.576      2.182      0.907      2.489      2.358      1.320      3.060      0.131      3.672      4.050      5.476      5.294      3.118      3.287      3.157      1.078      3.761      4.001      2.953      5.451      4.925      3.684
     3.119      6.079      1.709      4.392      2.691      2.594      2.082      2.608      0.000      3.970      3.658      2.275      4.357      1.952      0.579      2.608      3.207      1.501      1.833      2.116      2.350      3.057      2.516      1.813      1.658      0.471      2.928      2.015      0.877      2.922      3.035      4.204      1.800      1.134      2.403      4.544      5.059      3.731      3.709      4.301      0.822
     1.657      6.130      2.384      3.082      6.648      2.705      3.081      6.787      3.548      0.000      5.751      3.978      5.160      2.902      4.774      3.268      3.784      2.571      4.559      2.918      4.548      6.560      5.255      4.018      5.378      4.008      7.561      2.444      3.546      1.098      1.872      5.278      3.470      3.184      7.120      6.481      5.935      7.285      3.461      3.387      3.682
     6.018      1.217      4.448      3.867      2.655      2.605      3.373      3.926      3.769      6.672      0.000      2.267      1.221      5.022      4.003      7.107      7.015      3.999      2.200      5.903      1.645      2.921      1.250      2.428      3.940      4.145      4.482      2.972      5.530      4.366      4.409      0.244      2.760      3.638      2.517      0.477      0.552      1.518      2.672      2.146      4.832
     3.347      3.996      1.848      1.962      3.037      1.317      0.304      3.599      2.217      3.843      3.015      0.000      2.468      2.987      1.997      4.341      4.270      1.781      1.728      3.629      1.715      3.560      2.059      1.431      3.145      2.027      3.531      0.778      3.155      2.256      1.790      2.913      0.557      1.548      2.553      2.881      2.943      3.496      1.713      1.437      1.773
     5.769      1.195      5.448      3.186      3.989      2.752      3.623      4.710      5.210      6.237      0.963      3.141      0.000      5.658      5.004      7.376      6.804      4.873      2.645      6.425      3.013      4.932      2.420      3.213      4.336      4.238      4.899      4.094      6.172      4.235      3.757      1.132      3.535      4.522      3.149      0.982      1.474      2.265      2.209      1.817      4.697
     1.682      7.611      1.309      5.528      4.104      4.519      2.858      4.127      1.815      3.004      4.830      3.050      5.846      0.000      2.397      0.721      1.302      2.305      3.840      0.461      3.554      5.380      3.720      4.014      3.244      2.472      4.414      2.905      0.840      3.046      3.750      4.851      2.444      2.118      3.904      6.435      6.742      5.696      4.915      5.081      1.584
     3.988      5.611      1.888      4.469      1.734      3.426      2.156      2.605      0.763      4.961      3.513      2.107      4.781      2.418      0.000      3.415      3.022      1.908      1.593      3.203      1.517      2.895      1.872      1.568      1.098      0.484      2.218      2.328      1.217      4.201      3.392      3.697      2.032      1.460      1.695      4.169      4.196      2.705      3.448      4.184      1.382
     1.567      7.043      2.012      4.899      5.361      4.966      3.675      5.315      2.292      3.200      7.309      4.302      6.176      0.845      3.318      0.000      0.896      2.545      4.297      0.517      5.202      5.959      4.496      4.193      3.770      2.567      5.551      3.378      1.752      3.329      4.005      5.900      2.883      2.260      4.673      5.840      6.191      6.688      4.982      4.757      1.875
     2.726      8.241      2.216      6.582      6.236      5.021      3.606      4.651      3.457      3.778      7.786      3.946      6.571      1.441      4.056      0.738      0.000      3.571      5.647      1.012      4.872      5.337      5.661      4.678      4.494      3.583      4.964      4.488      1.763      3.702      4.338      7.677      4.433      3.578      5.876      7.049      7.049      6.093      5.599      6.048      2.208
     1.761      6.094      0.581      2.437      3.490      2.188      1.346      4.502      1.415      1.956      3.980      1.595      3.720      2.148      1.859      2.664      3.299      0.000      2.300      2.214      2.833      4.420      2.845      2.535      3.319      1.910      4.175      0.883      1.873      1.662      1.280      4.098      1.002      0.613      3.291      5.082      4.394      4.766      3.103      2.473      1.233
     4.167      2.936      2.664      2.996      1.549      2.631      1.804      2.141      2.109      4.787      1.776      1.686      3.109      3.609      1.748      4.750      4.691      2.675      0.000      3.521      0.240      2.204      0.709      0.248      2.071      1.567      2.210      2.494      2.791      3.343      3.046      1.807      2.067      2.137      1.242      2.298      2.139      1.495      2.799      3.168      2.341
     1.659      8.279      1.152      5.044      4.546      3.508      3.023      4.169      2.426      3.365      6.512      3.067      6.928      0.441      2.345      0.511      1.013      2.160      3.642      0.000      4.567      5.122      4.789      3.866      3.245      2.109      4.840      3.066      1.478      3.007      3.926      6.530      2.820      2.273      4.106      6.554      6.039      6.224      4.293      5.568      1.380
     5.145      3.391      2.942      4.051      1.353      2.516      1.581      2.103      2.284      5.775      2.148      1.869      2.409      3.889      1.518      4.728      5.607      2.537      0.291      4.872      0.000      2.534      0.493      0.418      1.732      1.767      2.237      2.657      3.620      3.961      3.658      1.757      1.787      1.961      1.416      2.315      2.388      1.744      3.093      2.840      2.923
     6.416      3.771      4.167      5.485      1.056      4.601      4.207      0.887      3.904      8.310      3.636      3.693      4.738      5.222      3.212      6.165      5.548      5.147      2.705      6.477      2.490      0.000      2.108      2.338      2.250      3.042      0.891      4.254      3.978      7.031      6.080      3.241      4.735      4.614      1.221      3.401      3.299      2.350      5.842      4.854      3.966
     4.329      2.563      3.033      3.231      1.792      2.686      2.128      2.933      2.330      5.271      1.376      1.761      2.128      4.429      1.914      4.632      4.937      2.872      0.730      4.318      0.501      2.258      0.000      0.822      2.765      2.005      3.124      2.809      3.521      3.866      3.568      1.327      1.989      2.358      1.238      2.172      1.975      1.370      3.000      2.653      3.206
     3.609      3.681      2.693      3.601      2.070      2.577      1.519      3.036      2.177      4.071      2.023      1.252      3.174      3.861      1.413      4.359      4.682      2.574      0.222      3.503      0.453      2.862      0.811      0.000      1.943      1.482      2.614      1.748      3.156      3.392      3.038      2.394      1.644      1.733      1.389      2.617      2.070      1.876      2.294      2.707      2.026
     4.426      5.181      2.748      4.892      1.164      3.624      2.519      1.496      1.531      5.064      3.737      2.959      4.940      3.025      1.075      3.753      4.769      3.270      2.122      3.240      1.760      1.840      2.827      1.843      0.000      1.761      1.479      3.128      2.186      5.542      4.205      3.978      3.361      2.721      1.728      4.755      4.635      3.172      4.219      4.787      2.322
     2.620      5.316      1.576      4.112      2.277      2.606      1.501      2.460      0.408      3.965      3.073      1.590      4.548      2.271      0.461      3.360      3.646      1.385      1.839      2.768      2.031      3.364      2.068      1.659      1.470      0.000      2.678      1.485      1.134      2.960      2.797      3.846      1.489      0.781      2.140      3.584      4.550      3.391      3.129      3.687      1.010
     4.995      5.447      5.021      6.089      0.809      5.452      4.366      0.114      2.624      6.287      4.235      3.337      4.260      3.958      2.484      5.727      5.161      4.608      2.671      4.300      2.053      0.950      2.757      2.574      1.090      2.552      0.000      4.311      2.994      6.550      5.535      3.764      3.722      3.766      1.414      3.868      3.495      2.281      4.987      5.832      3.562
     1.988      4.668      1.703      2.489      3.395      1.091      0.512      3.897      2.227      2.553      3.457      0.813      3.376      3.103      2.418      3.337      3.780      0.777      2.389      2.361      2.344      4.644      2.924      1.786      3.340      1.765      3.953      0.000      2.721      1.747      1.202      3.638      0.388      1.105      3.249      4.523      3.657      3.754      2.126      2.002      1.530
     2.509      6.508      1.214      5.058      3.014      4.155      2.693      3.479      0.874      3.687      4.958      2.439      5.896      0.818      1.576      1.572      2.391      1.775      2.795      1.250      3.565      3.951      3.993      2.801      1.857      1.284      3.596      2.309      0.000      3.251      3.012      5.185      2.168      1.257      3.259      5.608      5.770      4.433      4.508      4.836      0.936
     1.754      6.193      2.044      2.168      5.360      1.705      2.202      6.046      3.619      1.158      4.963      2.945      5.226      3.236      4.066      3.598      3.737      1.669      4.489      2.502      3.978      6.453      4.415      3.459      4.849      2.890      6.616      1.708      3.630      0.000      1.243      4.740      2.048      2.286      4.830      5.539      5.579      4.834      3.199      2.768      2.536
     2.141      4.588      1.806      1.464      3.936      0.833      1.649      4.538      3.195      2.401      4.110      1.632      4.279      3.829      3.061      4.041      4.650      1.608      3.120      2.984      3.611      6.436      3.935      2.454      3.717      2.961      5.002      1.003      2.827      0.999      0.000      3.828      1.340      1.949      4.861      3.771      4.992      4.283      1.601      1.607      2.528
     4.976      1.559      4.892      3.380      2.646      3.701      2.757      3.197      4.475      5.355      0.232      3.084      1.205      5.851      3.828      7.197      6.738      4.456      1.796      5.443      1.924      3.645      1.267      2.249      4.115      4.030      3.329      3.128      5.130      5.339      4.079      0.000      3.390      3.270      2.793      0.660      0.465      1.200      2.984      3.010      3.708
     2.964      4.701      1.681      2.547      3.522      1.124      0.168      4.277      1.947      3.613      3.423      0.549      3.907      2.964      2.045      3.381      4.621      0.929      1.625      3.056      2.067      4.542      2.537      1.847      2.594      1.689      3.862      0.473      2.323      2.498      1.668      2.976      0.000      1.121      3.226      4.144      3.055      2.976      1.668      1.951      1.744
     2.225      5.903      0.741      2.746      3.635      2.232      1.193      3.901      1.073      3.051      3.288      1.540      4.897      1.727      1.287      2.916      2.967      0.748      1.896      1.862      2.601      4.260      2.275      2.046      2.611      0.836      3.410      0.977      1.398      2.137      1.866      4.365      1.051      0.000      3.440      4.189      4.384      3.473      2.606      2.991      0.637
     5.582      3.295      3.935      4.968      0.361      3.926      3.035      1.160      3.048      5.788      2.861      3.055      3.104      4.510      1.680      5.717      6.317      4.006      1.474      4.848      1.137      0.980      1.611      1.396      1.347      2.700      1.266      3.182      3.267      5.004      4.987      2.570      2.806      3.528      0.000      3.027      2.637      1.508      4.162      3.534      3.604
     5.336      0.931      6.034      3.936      3.281      3.500      3.596      3.764      3.851      7.227      0.581      3.538      1.067      5.726      4.705      7.749      6.494      4.433      2.853      7.009      2.008      4.270      2.161      2.908      4.534      3.994      3.573      4.577      4.920      5.236      4.017      0.642      3.275      4.348      2.580      0.000      0.462      1.394      3.051      2.382      5.309
     6.467      1.152      4.674      4.360      2.645      3.056      3.154      3.216      4.431      5.649      0.481      3.453      1.411      6.697      3.589      7.032      8.604      4.571      2.708      6.014      1.916      3.514      1.486      2.400      3.876      3.916      3.990      4.498      5.795      5.447      3.786      0.419      3.371      4.761      2.669      0.436      0.000      1.392      3.200      2.584      4.889
     6.127      2.372      5.300      3.998      1.879      3.707      3.795      2.729      3.395      7.225      1.252      3.275      2.065      5.116      2.821      6.108      7.364      4.080      1.749      6.548      1.631      1.738      1.400      1.908      3.187      3.454      2.874      3.615      3.962      4.696      5.082      1.205      3.520      3.688      1.577      1.626      1.191      0.000      3.644      3.662      3.902
     3.949      3.461      3.147      1.066      3.775      0.948      1.712      5.267      4.189      3.571      2.874      1.777      2.102      4.949      4.177      5.406      6.897      3.091      2.958      5.488      3.038      5.543      2.544      2.241      4.534      2.856      5.961      1.712      4.824      2.687      2.001      3.051      1.684      3.053      4.577      2.628      2.719      3.013      0.000      0.000      3.943
     3.901      3.132      3.700      0.848      3.872      0.828      1.965      5.820      3.719      3.747      2.281      1.645      2.143      5.315      3.447      4.567      6.885      2.462      3.136      4.616      2.983      4.536      2.727      2.365      3.781      3.458      5.129      1.740      4.604      2.814      1.909      2.896      1.685      2.545      4.272      2.936      3.136      3.698      0.000      0.000      3.086
     1.779      5.474      0.771      3.624      3.060      2.796      1.577      3.847      0.811      2.816      4.324      2.122      4.970      1.523      1.418      2.195      2.855      1.105      2.340      1.679      2.420      4.833      2.841      2.015      2.355      0.888      3.621      1.662      0.806      2.607      2.965      4.300      1.393      0.537      2.969      5.552      4.017      4.566      3.131      3.375      0.000
