0 549 130 376 431 253 239 442 261 123 568 288 451 169 299 156 250 165 339 151 408 620 374 342 368 230 451 234 231 139 216 567 250 176 500 596 485 469 325 341 199
667 0 479 382 323 365 323 427 513 546 106 376 87 535 420 668 776 555 283 727 340 407 250 345 406 487 516 360 646 448 465 150 409 389 298 69 104 207 261 243 469
141 468 0 281 381 257 147 366 124 248 487 212 417 117 163 186 190 65 307 99 273 386 345 238 254 169 385 141 125 197 183 391 135 81 329 412 542 392 339 330 68
293 302 273 0 513 92 211 531 391 300 254 209 290 385 354 490 505 228 284 418 281 469 351 279 493 297 461 213 479 223 140 268 184 272 429 306 398 384 68 68 381
549 387 305 395 0 446 267 75 216 557 278 261 375 356 147 478 454 335 124 420 141 85 167 144 105 177 82 327 273 488 365 226 328 293 39 341 300 151 342 393 320
253 395 246 81 441 0 91 380 273 257 295 117 225 412 291 344 531 182 209 311 251 429 267 191 424 223 421 101 341 206 85 311 108 203 363 331 333 372 80 77 239
293 398 183 212 295 125 0 321 150 321 310 25 260 277 203 278 327 102 157 265 159 430 187 134 275 147 313 54 214 186 132 234 14 115 241 314 340 340 140 145 166
464 404 394 598 78 407 328 0 261 572 331 370 402 422 184 479 448 427 194 468 206 83 205 254 138 272 9 411 284 463 415 279 316 355 102 411 372 194 454 400 339
247 556 154 340 200 248 176 244 0 373 355 180 422 165 58 206 223 132 200 159 180 295 262 159 147 32 253 165 67 278 300 382 146 93 220 459 386 343 363 318 63
147 643 236 337 514 291 254 551 392 0 527 288 515 277 405 243 354 244 465 269 524 642 508 397 578 369 648 210 356 88 166 483 327 309 515 609 661 569 393 386 289
595 105 484 309 312 263 251 314 388 512 0 264 95 560 315 638 561 415 186 568 183 333 131 173 341 299 378 321 509 465 312 19 315 362 221 43 55 133 252 185 404
289 367 175 189 247 88 33 377 217 268 268 0 268 315 220 334 403 136 156 346 136 396 145 127 243 161 339 86 248 196 163 209 44 150 282 248 268 304 132 128 180
472 111 403 265 360 262 306 403 418 604 93 260 0 509 365 521 755 380 219 505 226 452 227 286 436 445 475 280 525 395 382 123 304 358 332 94 103 243 155 178 499
190 711 118 400 354 353 277 375 142 292 515 258 630 0 192 62 115 183 383 38 344 438 392 329 245 195 336 231 92 303 268 434 249 179 423 534 592 570 452 419 138
281 496 194 344 186 286 156 241 50 335 368 183 372 191 0 319 305 180 126 288 154 282 172 126 85 37 217 190 114 326 258 291 198 136 157 385 326 276 276 314 116
126 597 183 462 393 434 311 552 218 238 638 308 580 84 243 0 69 210 433 42 430 579 497 450 388 291 481 315 144 279 295 561 331 237 531 636 595 557 537 442 170
202 822 207 583 423 514 345 427 254 363 581 375 688 95 272 72 0 310 375 114 496 507 456 459 325 259 534 299 217 354 353 623 341 280 432 762 669 615 500 471 198
168 490 64 226 336 170 106 409 125 226 440 139 412 164 162 187 309 0 240 196 301 412 265 188 261 160 441 84 136 151 151 340 101 71 362 489 471 412 245 221 80
326 350 305 284 148 227 134 231 195 494 206 162 231 377 156 416 395 238 0 382 20 216 52 21 174 151 194 184 280 408 245 176 153 188 134 259 195 165 238 245 181
117 640 137 493 476 397 271 419 221 248 562 355 501 36 264 39 110 195 335 0 323 431 464 362 327 192 368 240 136 239 345 570 275 174 470 621 492 534 405 415 129
433 255 321 270 148 277 167 193 221 446 165 159 246 384 151 441 419 286 23 397 0 190 34 40 157 152 250 226 313 405 283 178 174 188 104 218 217 136 278 205 266
546 427 475 543 80 522 423 69 282 634 301 374 441 531 283 459 626 376 252 509 181 0 253 244 185 337 83 412 341 514 548 248 404 360 105 354 266 180 464 426 342
382 248 303 299 149 208 183 245 219 510 119 162 210 418 183 461 532 262 51 353 38 257 0 69 223 236 255 220 284 379 283 136 178 275 128 185 176 97 247 234 310
405 331 286 341 138 200 111 206 205 412 187 105 281 320 158 403 514 256 17 409 36 255 60 0 180 152 244 196 265 336 244 197 147 153 154 228 226 177 197 227 182
396 539 282 456 113 404 304 112 128 537 320 272 455 296 102 299 412 303 154 354 155 209 231 157 0 138 123 328 224 508 380 365 249 202 126 406 405 276 397 428 210
268 456 139 332 245 240 152 276 41 348 296 186 395 218 43 271 333 170 130 242 159 276 177 145 138 0 279 157 118 274 268 345 123 92 232 384 389 327 253 309 69
553 464 343 582 67 464 377 11 266 589 301 298 424 341 175 528 509 384 246 434 187 71 216 211 129 247 0 424 302 591 410 292 405 339 123 344 295 234 422 531 337
210 416 120 179 305 112 47 441 160 268 334 77 317 228 194 283 400 81 210 266 244 462 198 207 257 143 393 0 210 170 104 322 33 100 274 322 367 332 202 167 126
249 527 109 366 332 301 222 303 81 292 419 222 518 74 124 182 168 169 247 113 291 395 265 263 219 115 319 205 0 344 317 503 231 106 356 435 502 342 372 328 73
142 600 198 215 475 199 206 463 311 92 514 209 412 246 380 265 347 149 333 244 338 611 410 374 489 282 541 140 260 0 93 527 195 221 499 563 421 492 297 270 232
219 506 186 125 356 71 120 455 296 170 406 153 393 343 256 315 360 143 290 335 302 471 343 259 370 228 466 113 336 109 0 420 136 201 456 374 429 463 138 172 221
496 123 412 269 225 300 307 321 389 468 18 203 131 513 321 596 711 332 203 604 161 253 126 203 376 345 327 279 473 511 376 0 259 338 185 52 37 88 221 257 414
205 417 172 223 275 116 15 308 149 294 256 41 336 244 150 311 317 105 162 277 207 432 208 159 258 133 373 35 184 221 147 289 0 92 302 284 273 266 204 190 158
199 518 68 313 265 228 88 382 99 236 303 139 343 175 138 255 292 74 164 173 216 322 253 194 194 72 364 92 129 206 166 322 77 0 325 422 406 291 249 245 45
523 305 412 427 38 389 292 119 262 589 232 283 371 370 171 420 453 328 105 407 113 90 148 136 125 191 93 341 353 550 467 194 252 283 0 300 207 140 410 312 286
494 64 458 321 351 313 289 398 346 526 43 286 72 542 336 533 616 457 239 577 181 292 188 206 437 386 429 336 468 511 436 57 340 357 271 0 42 142 258 212 449
655 109 487 337 285 341 271 323 378 641 46 275 130 580 386 715 676 400 246 587 191 314 156 189 374 341 404 332 539 457 341 41 333 449 255 42 0 114 280 263 401
479 236 413 356 191 377 245 265 350 498 115 233 201 565 271 515 603 418 137 526 118 187 96 164 276 305 278 288 345 419 355 97 300 315 142 123 120 0 283 264 376
383 274 318 90 347 69 168 514 303 300 208 164 162 372 357 472 616 254 260 467 229 452 235 224 392 286 460 165 350 249 140 203 161 264 307 237 234 302 0 0 289
340 326 262 83 451 77 146 510 383 292 230 123 195 361 379 530 541 222 241 455 252 428 219 191 361 276 510 195 350 266 141 207 177 285 418 243 278 325 0 0 291
182 466 77 332 307 257 133 296 58 330 376 166 408 114 115 187 201 104 227 166 276 417 234 207 207 79 374 139 60 217 252 438 150 58 279 458 459 329 310 301 0
