0 209 95 374 178 177 170 199 377 109 185 277 266 340 211 311 299 310 165 389 199 214 65 89 63 320 261 335 71 184 128 401 178 98 249 62 253 284 186 82 174 245 332 126 244 188 351 199 861 349 149 305 340 193 308 186 321 81 308 318 190 24 290 184 385 344 328 176 253 62 271 105 318 229 177 52 348 258 181 168 302 259 320 372 307 208 127 171 286 418 149 240 190 110 192 154 389 117 156 158 165
218 0 108 295 388 325 355 212 440 122 348 538 93 476 205 234 126 480 365 550 372 429 170 237 143 326 286 476 183 204 180 581 380 115 185 206 480 125 193 230 38 414 280 99 135 296 523 191 1153 122 318 459 119 30 511 393 266 200 382 213 384 187 101 284 495 575 251 44 406 213 166 180 557 473 383 160 495 510 52 416 142 349 338 138 125 274 349 305 209 387 126 118 381 180 70 229 136 272 311 353 110
77 107 0 293 259 313 228 175 314 94 233 379 178 381 181 219 313 327 212 422 337 365 85 110 77 310 218 416 42 211 144 385 206 101 194 167 348 288 125 157 85 297 271 48 123 145 398 178 859 283 196 308 177 120 397 257 277 125 258 236 266 83 186 154 405 396 256 93 331 141 133 51 370 305 243 20 351 282 139 285 316 301 260 302 189 229 191 230 218 382 98 242 217 129 94 225 280 121 260 251 99
304 287 281 0 486 493 454 112 176 395 351 647 378 469 128 64 311 523 337 646 538 514 243 299 342 173 86 651 229 449 408 471 268 371 97 350 456 239 175 442 272 641 27 318 181 235 637 430 996 308 539 452 247 305 420 491 67 343 181 44 514 382 374 232 466 580 47 249 494 376 118 252 717 534 359 261 644 595 303 475 341 463 105 318 163 500 446 479 92 147 216 420 577 357 186 515 264 242 456 598 354
196 400 244 490 0 126 217 390 519 210 232 199 379 337 457 437 415 145 229 313 97 151 281 268 203 456 448 162 299 233 203 416 278 211 455 101 212 579 304 100 337 87 557 314 392 385 307 181 765 544 88 355 471 311 317 223 496 199 539 545 134 212 417 269 338 282 466 345 166 152 358 321 130 105 279 274 136 116 374 103 518 277 511 436 464 200 56 117 561 519 343 383 40 134 360 174 540 233 20 24 284
181 338 275 467 110 0 114 401 389 284 158 120 506 207 413 505 504 113 148 298 179 69 227 160 248 410 459 252 256 317 276 263 195 272 486 146 98 466 338 128 383 174 406 282 401 246 218 263 741 510 147 184 449 441 191 115 517 215 414 504 41 180 415 268 263 159 480 395 74 149 421 294 119 56 137 210 247 65 329 13 554 146 450 461 473 263 108 231 551 461 383 389 150 233 319 321 514 203 141 132 278
168 384 269 423 224 97 0 318 377 301 51 114 413 108 326 486 612 213 58 188 268 133 192 146 314 296 280 301 206 367 279 158 109 346 395 208 137 469 238 176 383 270 434 289 336 183 128 363 640 551 270 104 440 365 118 22 425 163 311 360 85 213 482 168 170 136 434 352 125 202 391 246 195 162 44 267 313 159 422 121 523 34 289 482 492 297 207 312 493 448 273 478 212 308 344 391 589 147 203 222 318
255 193 139 119 371 342 270 0 161 307 233 474 272 438 10 137 293 450 247 525 414 411 175 155 256 165 64 456 163 332 306 480 209 218 105 283 407 312 53 290 184 442 84 195 88 123 401 385 1048 308 349 340 191 248 366 314 119 204 178 124 320 235 283 114 333 490 106 208 367 318 72 91 517 477 272 193 465 447 296 378 305 276 109 362 159 435 309 443 152 174 107 292 394 284 124 346 302 128 431 416 256
363 342 296 160 440 382 371 162 0 441 239 460 509 288 174 255 412 499 297 466 576 418 238 268 337 65 112 565 302 445 452 413 253 398 226 452 497 440 148 416 439 491 160 334 306 155 364 461 931 516 430 289 346 456 330 340 114 273 26 192 338 277 457 196 336 477 237 394 510 357 258 214 540 415 285 353 542 504 376 436 447 375 73 424 387 555 453 538 311 79 303 508 440 369 312 514 439 228 571 573 374
95 138 118 347 216 233 348 294 419 0 304 391 164 390 252 286 232 311 291 597 256 356 149 222 43 432 313 292 123 68 52 463 306 12 223 107 420 253 287 165 111 273 320 57 233 308 450 88 881 229 157 389 266 140 372 361 324 164 426 389 296 129 164 286 457 422 301 128 410 94 242 190 336 293 339 105 267 377 101 300 279 347 387 233 274 135 193 150 328 404 182 180 188 75 130 105 272 208 251 226 34
181 286 229 365 208 142 65 209 284 287 0 203 388 181 223 324 405 255 4 283 334 201 144 90 204 182 247 392 158 305 316 222 45 228 361 163 180 413 162 158 348 334 294 228 333 151 194 346 700 516 282 100 392 332 170 75 328 98 238 302 128 151 451 110 163 210 350 290 178 190 310 195 295 212 48 219 381 211 296 132 568 97 238 432 410 386 190 330 318 360 246 453 235 272 292 289 490 100 266 269 343
301 568 436 615 190 134 128 388 460 336 174 0 522 123 395 618 638 125 219 147 322 88 267 286 328 371 536 300 323 452 323 185 251 403 549 261 25 688 358 201 510 237 532 405 564 317 65 383 659 688 265 174 512 548 131 135 431 317 366 512 123 322 577 314 223 83 596 455 54 343 511 383 153 135 150 314 299 118 416 113 673 125 429 596 638 376 280 351 607 604 465 570 253 293 478 464 732 340 260 262 374
242 76 198 311 371 451 410 296 406 158 393 590 0 600 238 263 64 595 414 792 382 546 281 295 197 439 376 531 249 170 241 629 413 172 197 277 492 113 284 304 109 534 273 174 187 320 518 218 1259 96 348 444 134 64 498 429 313 349 406 331 387 320 54 391 628 579 272 113 563 303 210 217 550 509 502 203 432 445 82 515 81 437 426 65 188 324 385 317 262 501 192 23 408 297 150 247 128 356 402 383 152
290 467 436 542 272 188 109 386 291 431 146 128 502 0 327 600 710 239 146 97 356 242 320 262 329 257 435 388 319 490 415 58 149 382 458 360 162 719 274 286 443 335 532 368 419 288 81 413 701 684 326 80 467 567 13 106 427 261 322 440 185 308 585 216 71 86 429 508 167 376 524 341 264 217 105 391 455 232 518 183 659 104 392 556 569 404 357 438 434 461 468 546 404 395 393 516 624 263 367 302 443
181 213 147 130 352 320 297 9 156 289 243 418 297 382 0 130 291 405 236 475 378 413 178 170 238 166 81 561 146 390 288 374 236 287 88 321 416 263 69 243 198 509 110 186 93 100 442 346 912 283 401 310 189 211 398 360 135 147 208 103 373 191 276 123 309 428 110 182 499 285 65 99 421 422 284 145 433 505 240 391 342 343 130 323 193 384 374 325 133 186 80 317 404 289 121 411 287 142 375 333 257
344 218 235 69 502 507 391 136 214 348 404 494 278 516 141 0 244 651 353 664 470 539 297 268 284 298 149 650 267 441 388 663 326 296 81 383 517 231 238 471 246 527 66 238 106 296 560 366 1235 242 520 392 145 270 499 406 142 320 221 36 422 288 370 313 532 506 33 196 575 349 114 232 613 506 467 291 602 642 265 468 280 397 170 262 112 437 480 429 35 231 192 254 564 431 215 508 192 266 561 470 307
376 120 270 314 558 556 516 353 566 285 555 641 67 547 299 299 0 529 418 800 478 524 366 388 267 527 374 560 273 248 297 619 399 260 286 364 513 69 399 454 193 469 313 215 217 470 609 332 1248 58 423 603 136 114 584 540 424 430 458 298 562 298 126 463 643 747 337 187 597 399 229 330 553 506 578 277 498 613 150 451 17 516 459 9 160 362 410 331 240 468 237 81 408 316 217 285 90 405 420 437 201
329 462 429 519 115 124 185 468 479 376 265 121 626 299 408 576 624 0 234 269 171 54 338 310 295 405 531 170 305 342 283 275 259 334 539 237 121 561 400 228 382 83 642 342 431 397 234 316 618 592 188 299 631 498 248 248 584 295 529 681 170 288 482 385 396 226 579 428 78 256 549 412 13 62 245 320 159 36 513 111 595 229 478 555 562 324 172 270 539 532 412 551 188 275 489 385 683 346 159 133 432
170 348 221 381 243 127 62 272 279 310 4 203 410 144 264 444 487 253 0 257 259 239 114 100 201 185 265 354 154 337 308 225 42 260 291 173 162 505 181 138 266 329 345 273 249 144 228 283 881 407 221 117 454 359 156 89 321 109 270 361 122 144 349 117 211 194 305 288 230 200 324 166 312 231 42 158 349 257 364 138 475 89 318 555 407 381 169 303 365 366 226 401 219 205 245 321 397 80 234 233 333
345 507 492 517 396 299 179 420 439 532 237 133 755 126 430 644 832 299 253 0 377 264 411 396 501 454 523 447 382 556 469 86 334 505 599 365 164 809 449 408 498 423 515 496 629 396 77 589 555 760 386 196 675 563 115 196 590 415 491 618 246 450 734 317 170 80 619 615 222 477 632 480 315 229 237 419 389 246 516 217 888 201 440 800 654 477 429 445 652 638 461 754 409 539 610 465 837 369 390 375 611
199 329 332 528 92 171 323 513 538 196 319 302 418 373 435 470 452 202 265 448 0 198 297 330 256 438 494 127 271 195 151 508 365 199 484 135 239 449 388 184 359 127 569 322 366 360 416 146 610 437 76 448 537 349 422 298 622 304 459 479 239 250 345 328 448 438 595 341 213 135 376 330 160 207 284 245 84 193 327 225 534 279 603 428 444 140 90 93 448 564 402 353 54 147 427 140 506 310 66 68 251
234 466 286 493 148 58 145 366 514 330 238 100 484 196 401 557 535 54 205 255 182 0 261 275 283 425 458 214 310 393 319 263 266 391 527 180 89 634 357 149 476 115 476 361 500 326 150 288 586 684 180 270 474 437 253 129 461 249 528 523 98 241 532 260 319 191 512 401 41 258 536 343 74 29 207 307 202 24 455 56 567 150 521 552 631 335 182 222 466 562 451 491 172 249 444 381 647 307 137 155 309
65 171 62 329 222 198 183 175 257 173 138 323 299 333 170 329 370 331 121 368 278 288 0 49 121 204 227 424 29 254 209 420 133 171 244 142 285 362 105 124 182 350 242 135 150 132 330 256 972 389 183 224 268 217 264 197 261 35 240 252 200 54 318 91 325 294 301 159 303 124 209 56 315 257 181 69 410 276 219 268 316 187 280 364 298 244 168 257 266 341 111 272 241 189 136 247 298 59 253 205 190
82 232 121 315 243 205 146 154 297 188 101 300 322 236 188 286 360 323 97 309 315 294 47 0 140 199 250 435 69 257 200 312 79 164 232 121 259 430 125 107 186 263 250 137 240 100 247 231 801 376 201 166 280 219 246 174 303 9 279 255 131 72 304 69 305 252 343 211 299 169 196 112 290 225 115 117 336 248 212 175 361 197 222 357 318 265 172 299 337 368 185 320 240 169 189 235 394 32 225 271 194
74 127 65 313 191 246 229 257 368 48 242 375 229 409 209 273 289 366 202 524 232 290 125 140 0 367 251 287 104 125 69 486 241 45 209 109 319 247 199 151 98 350 320 49 175 250 453 131 811 315 124 398 259 128 421 321 390 140 369 283 204 74 178 205 473 464 312 134 327 75 220 139 380 290 294 66 300 280 139 278 241 339 298 269 241 142 175 160 337 464 182 226 209 67 122 136 268 182 233 187 68
323 356 254 182 392 313 278 130 58 361 201 423 442 245 156 310 434 406 193 444 568 379 234 174 335 0 148 550 233 433 396 304 158 331 223 338 399 366 106 283 376 589 181 278 292 89 405 412 1000 388 349 201 315 394 249 237 159 222 52 217 349 290 486 126 236 377 217 339 472 350 218 223 445 395 196 315 565 434 434 392 447 257 107 465 291 551 377 488 304 143 262 395 456 381 289 406 424 191 469 411 403
312 259 218 93 527 413 309 64 136 371 288 509 301 343 79 117 379 566 296 473 513 507 181 253 325 144 0 681 235 374 344 457 220 301 116 327 426 342 122 297 299 519 78 271 170 130 449 423 1029 347 440 324 200 333 433 295 42 250 152 97 331 251 372 147 327 451 108 260 556 344 113 168 538 543 333 222 586 568 310 466 364 336 54 423 195 435 395 402 145 115 147 388 428 428 215 420 302 174 537 510 344
304 421 417 662 155 240 392 486 628 306 424 297 590 471 523 610 641 158 436 498 119 221 346 338 362 513 539 0 378 299 279 522 449 403 608 234 334 669 480 263 432 85 575 449 468 407 452 308 572 553 169 443 560 531 495 300 599 384 680 717 295 395 389 460 465 336 553 393 210 246 467 406 144 164 389 400 35 189 445 222 604 407 663 524 636 203 172 218 530 696 442 525 159 272 418 304 599 391 141 141 417
75 192 50 307 295 246 244 160 282 137 156 321 212 367 118 229 347 413 156 397 331 283 35 85 92 232 224 336 0 258 184 415 170 130 172 123 280 280 109 127 124 400 265 100 126 120 374 229 1029 342 214 297 206 197 352 222 232 69 274 225 236 58 274 107 371 328 262 146 357 131 180 37 354 248 217 40 384 366 166 275 313 253 275 322 225 280 240 283 274 281 83 242 268 139 130 203 258 77 234 229 134
212 154 168 428 271 343 418 300 525 75 347 468 189 562 306 446 237 316 288 659 189 368 229 257 103 456 464 275 192 0 56 587 405 102 335 146 363 328 307 226 141 283 374 162 240 375 525 45 999 291 158 456 267 149 478 446 459 251 437 433 351 227 142 305 566 433 454 184 432 149 351 245 421 367 353 196 305 318 116 350 245 429 513 257 307 85 182 143 401 499 278 211 171 94 200 45 363 315 214 230 76
139 178 134 399 201 240 296 339 514 51 239 350 183 397 341 451 324 318 303 474 197 359 168 222 74 426 435 268 154 63 0 473 347 69 323 104 356 307 321 171 151 315 431 133 280 297 461 60 890 301 122 423 249 166 491 357 358 211 421 357 269 158 177 244 539 445 354 181 394 87 245 194 295 292 352 141 253 252 122 240 253 376 357 329 288 85 137 107 348 453 198 217 163 38 220 50 302 214 177 160 84
429 632 380 492 365 244 169 372 349 527 253 154 735 55 366 575 674 289 240 99 517 273 325 304 404 340 506 569 439 605 532 0 261 513 475 363 164 734 428 362 479 357 589 535 508 356 95 464 732 587 374 145 692 587 63 197 398 372 316 479 252 406 695 296 70 119 492 534 222 443 455 412 366 273 203 395 551 266 521 261 714 165 415 762 644 563 429 501 627 493 429 761 389 438 509 537 575 286 408 420 565
152 377 191 353 287 168 84 179 238 328 48 236 377 193 190 327 413 283 50 292 299 222 134 97 259 153 227 388 151 383 272 251 0 259 266 213 240 400 146 181 353 387 350 242 246 105 245 408 964 384 285 101 351 352 149 111 285 114 193 352 164 154 472 65 167 232 377 281 236 195 269 192 268 269 75 183 392 297 308 187 473 125 248 520 386 314 263 352 396 333 265 437 274 266 239 349 413 93 291 286 309
127 112 95 310 221 319 312 277 357 11 267 442 198 457 284 323 209 325 289 494 251 340 179 164 41 409 345 384 120 99 58 438 316 0 222 143 377 279 262 170 97 281 347 60 227 239 476 104 879 236 168 351 242 102 437 317 327 179 467 373 270 128 156 239 492 465 370 101 326 126 209 136 374 323 286 107 291 388 104 342 269 358 312 236 274 165 186 175 271 377 177 165 172 84 134 117 255 229 207 213 29
291 171 160 123 411 381 377 101 270 227 286 464 246 489 101 70 273 518 295 486 437 495 191 278 214 228 137 656 191 301 334 466 251 228 0 290 537 180 126 312 176 614 98 197 42 184 548 380 1244 229 451 453 108 183 454 445 168 277 229 61 431 217 245 202 534 547 82 149 551 270 24 158 618 538 391 186 639 581 186 490 251 441 186 242 96 400 421 388 63 255 78 260 385 376 128 321 154 220 424 515 290
79 241 155 371 118 148 187 301 393 114 196 284 314 361 288 384 414 215 174 420 169 180 160 158 100 310 338 277 157 172 114 433 229 113 368 0 267 445 246 64 221 219 388 167 308 230 345 123 806 399 58 309 314 256 354 201 454 115 351 413 159 93 231 257 392 327 420 222 244 19 309 178 224 214 256 132 212 192 216 171 329 205 380 318 407 124 61 116 369 505 232 280 89 60 193 150 423 163 121 130 141
315 543 317 529 204 99 123 480 459 407 148 32 509 127 411 491 614 110 150 176 266 77 240 234 346 409 461 305 274 427 301 192 230 418 435 273 0 633 296 176 415 213 531 352 498 357 112 369 604 565 297 168 640 432 151 94 521 251 420 553 113 302 564 311 245 96 561 398 41 314 467 388 144 101 182 330 343 119 497 94 715 111 475 663 616 319 198 379 506 480 444 603 253 302 462 332 558 272 204 259 407
334 153 257 291 456 489 495 235 402 268 488 603 105 701 272 181 75 615 389 658 476 539 330 362 298 380 285 526 267 269 303 699 428 302 163 414 659 0 306 365 150 531 270 226 159 347 609 347 1312 26 399 478 68 139 552 606 303 332 449 230 503 312 146 342 584 615 270 189 601 415 171 302 681 614 558 285 650 514 158 545 76 584 402 95 92 400 374 438 174 398 241 111 424 333 187 328 22 332 554 460 249
211 254 157 161 408 341 275 64 145 284 202 391 320 272 57 218 395 448 160 371 455 417 111 106 195 123 105 537 96 363 243 377 140 265 127 227 341 310 0 210 236 411 174 211 126 63 391 351 847 301 265 276 218 244 338 239 163 116 180 177 241 172 310 69 334 429 215 209 423 212 113 95 376 319 238 136 423 380 262 362 437 256 128 309 276 365 344 399 225 200 129 377 294 310 159 318 340 75 397 395 270
80 298 183 429 120 102 135 293 433 181 158 220 325 286 254 407 390 183 119 300 179 153 148 113 134 348 364 260 130 218 184 328 157 196 311 63 171 409 261 0 259 176 431 190 332 183 311 177 653 467 90 265 397 296 307 201 418 127 320 378 109 86 344 173 350 298 358 220 177 79 283 221 226 134 178 161 209 161 251 105 425 210 338 381 384 165 71 157 390 449 213 385 95 112 281 170 449 141 110 128 205
165 31 112 333 344 374 345 202 389 86 313 399 109 456 196 287 164 371 298 563 350 378 169 229 96 369 268 412 148 127 133 627 305 89 172 171 409 192 225 267 0 455 294 65 152 261 569 193 1157 177 241 451 130 44 463 338 265 197 438 229 346 149 118 250 443 457 230 37 381 160 182 134 520 390 382 126 427 349 42 401 167 327 355 160 190 216 276 287 240 463 122 134 315 165 79 174 176 195 355 364 78
233 486 347 647 74 176 312 492 550 280 301 262 501 386 554 510 483 93 342 343 118 119 293 312 278 456 531 88 346 345 291 407 329 346 526 235 211 635 463 224 457 0 524 344 419 383 328 294 699 547 136 368 608 492 327 239 601 355 646 668 159 331 403 414 425 324 517 459 157 241 546 329 88 92 284 372 95 109 360 169 619 269 502 561 517 247 151 215 637 703 397 511 107 253 480 307 671 350 84 82 321
316 272 229 25 560 458 377 90 169 354 283 462 298 478 117 65 295 536 387 499 557 598 234 241 328 171 70 617 206 446 402 542 320 382 89 328 555 277 159 342 302 621 0 318 113 234 458 476 1148 324 378 356 181 278 459 463 71 277 224 29 439 267 372 200 398 583 35 251 514 335 124 228 568 537 361 282 693 524 328 508 356 427 121 390 173 480 393 447 92 175 138 352 415 385 190 435 271 243 549 538 283
91 85 46 338 228 288 349 204 404 61 289 477 172 442 192 231 193 384 287 524 253 322 108 165 46 326 261 430 85 141 121 411 281 54 211 162 420 257 213 194 52 364 248 0 170 196 435 144 803 210 185 403 173 101 394 324 290 177 415 266 310 113 128 233 415 485 236 72 440 117 146 117 345 292 265 50 421 400 90 321 209 346 307 258 179 190 187 187 266 340 134 197 262 132 92 170 244 197 260 222 59
204 124 155 149 375 367 405 86 267 193 331 410 219 485 94 129 212 561 247 561 485 490 148 242 200 223 146 463 154 261 248 590 242 235 58 257 466 200 122 324 157 567 111 130 0 225 516 265 1101 169 287 443 111 136 465 386 188 212 271 127 388 204 206 192 461 427 117 82 453 250 20 121 521 483 349 173 547 436 157 352 271 421 176 249 82 341 392 371 102 257 52 227 382 235 58 361 164 173 333 410 176
174 269 179 206 315 247 175 128 141 281 132 292 332 304 128 244 382 350 108 328 390 368 106 109 245 114 145 547 121 383 352 355 87 263 203 242 334 386 47 191 298 357 191 208 181 0 301 401 831 411 311 187 320 300 262 174 185 115 148 252 211 176 311 26 250 301 220 197 377 250 204 119 415 343 133 183 536 300 299 282 432 235 158 441 261 378 333 393 235 263 184 386 365 238 181 312 318 61 295 329 265
302 605 418 578 252 217 160 507 426 381 216 65 644 90 511 495 732 241 236 60 363 163 353 310 429 410 539 429 382 519 468 115 230 513 440 351 103 560 397 243 582 273 591 389 514 278 0 523 664 657 363 164 696 461 88 141 467 288 449 520 177 331 655 329 158 4 516 488 151 330 519 458 257 180 151 384 373 199 583 198 769 121 396 717 570 418 281 375 644 576 473 582 286 391 495 547 762 339 317 314 520
185 207 232 539 196 255 379 384 533 90 376 446 233 446 357 460 282 367 298 637 140 340 201 296 139 464 361 308 268 39 63 514 374 109 351 119 415 380 397 198 158 289 419 174 364 369 417 0 749 318 125 510 363 194 446 322 492 298 558 388 310 202 176 381 517 399 383 201 328 138 388 255 371 266 387 164 216 283 161 266 285 405 546 338 315 46 152 87 409 531 301 200 174 88 223 6 329 294 175 213 99
822 1005 795 1173 722 697 766 1125 949 1016 720 614 1164 639 1115 1254 1078 545 889 631 702 508 833 994 883 1086 1242 528 921 862 825 697 941 949 1246 724 572 1322 960 806 856 637 950 1000 1072 806 692 953 0 1362 808 756 1182 882 785 635 1184 741 887 1127 774 860 1002 817 783 568 1204 1107 572 754 1080 1086 612 655 699 996 614 657 855 580 1178 681 932 1035 1288 819 711 747 1246 1173 857 1004 731 842 1178 766 1375 908 700 701 1041
400 124 252 357 573 506 528 269 492 309 397 647 93 626 339 230 45 632 410 645 450 520 349 379 254 441 332 696 289 286 336 585 398 287 228 368 585 23 389 475 183 639 337 203 226 327 721 305 1135 0 365 633 86 127 539 516 344 325 424 279 443 396 132 405 603 778 254 181 601 316 214 307 615 594 589 287 518 624 140 467 44 580 382 66 140 318 422 425 229 489 204 105 534 379 166 386 44 316 520 508 248
114 265 174 547 87 164 290 382 451 149 283 319 310 328 392 489 403 210 206 480 78 183 177 202 156 365 456 180 224 177 125 381 270 179 423 73 268 479 301 94 263 189 379 175 289 339 332 115 691 359 0 376 345 299 407 233 471 193 407 457 163 168 260 322 421 411 443 302 222 66 367 287 246 165 315 201 169 211 263 191 476 312 495 462 401 106 52 77 435 613 312 317 52 83 301 112 463 253 67 60 211
235 479 298 401 331 182 95 278 237 342 108 163 576 68 265 466 653 286 96 182 421 276 234 171 400 223 361 486 231 479 416 122 111 334 376 284 200 526 260 280 388 405 448 321 390 161 171 514 884 641 364 0 455 505 68 91 381 175 234 380 196 238 547 165 75 140 464 351 185 282 326 313 338 229 69 346 457 223 461 178 587 92 340 660 476 400 335 406 436 413 381 606 385 351 397 453 462 201 283 332 410
308 115 175 224 505 495 385 228 419 267 332 661 148 507 188 126 126 617 409 749 508 622 229 292 216 313 249 496 238 332 319 576 408 201 103 366 464 68 278 322 131 599 170 164 93 275 661 328 1328 93 341 416 0 142 600 448 302 349 407 168 499 271 160 265 639 634 196 115 612 372 116 198 586 489 509 219 531 601 161 531 153 438 287 133 34 321 360 422 92 358 137 146 461 274 123 392 58 258 404 527 222
236 30 127 341 316 345 429 270 359 107 303 529 70 497 206 240 137 490 390 559 320 492 220 231 122 326 287 394 202 171 150 637 395 99 223 273 543 166 257 259 35 504 277 98 155 309 520 182 946 123 275 409 150 0 501 399 352 257 460 288 361 179 70 325 491 567 318 59 450 229 176 173 476 364 397 143 501 383 23 431 174 493 403 144 149 251 310 309 228 471 144 75 338 217 107 198 178 275 334 392 97
355 566 424 410 276 244 109 385 334 458 147 152 636 12 370 489 568 283 170 133 416 215 247 248 337 298 362 439 279 455 394 73 163 430 389 353 159 593 267 309 459 337 471 397 376 262 86 495 741 555 341 54 559 518 0 109 381 284 321 535 203 334 550 234 56 94 441 499 168 356 410 387 263 275 117 303 422 228 444 222 576 91 346 590 492 509 335 410 561 424 421 581 365 396 361 423 627 208 343 359 450
222 454 312 459 218 110 23 367 388 362 81 115 551 113 317 406 574 194 86 224 284 158 185 177 290 247 410 325 221 401 353 178 119 289 378 215 120 556 291 163 334 270 390 284 360 181 122 357 744 616 256 98 472 431 100 0 410 155 285 448 92 220 523 187 149 123 501 416 124 238 367 241 196 139 49 241 312 153 399 128 568 10 321 616 494 391 191 307 386 496 318 570 256 241 396 420 606 178 274 279 321
285 296 309 68 496 406 339 108 100 393 359 446 398 464 110 141 380 502 286 523 604 448 249 237 346 157 48 664 247 382 457 432 274 405 140 437 427 279 171 444 280 618 64 327 181 156 520 456 1082 410 466 354 262 363 422 336 0 256 149 119 488 323 429 222 434 433 100 299 548 454 174 247 670 487 322 308 704 546 405 530 435 401 44 454 271 544 476 527 171 81 205 410 571 380 265 489 315 265 585 545 437
86 224 95 350 266 211 151 180 266 210 113 248 345 268 149 312 410 302 81 309 276 281 30 10 149 219 198 357 72 256 229 307 109 204 217 147 223 311 141 101 209 340 314 149 193 99 268 293 949 364 185 210 324 247 251 146 248 0 263 251 136 54 296 95 303 330 312 211 287 165 244 108 318 267 144 109 323 291 265 202 380 157 253 328 299 284 187 236 318 388 155 361 199 155 168 222 400 48 243 216 192
336 436 276 170 526 344 277 190 21 478 215 449 536 351 210 271 576 534 245 440 465 468 280 232 399 43 124 596 249 545 523 323 238 438 260 442 394 445 159 401 415 623 206 405 316 152 434 530 907 455 473 292 402 346 339 271 142 239 0 233 385 319 421 154 244 407 217 299 410 460 239 280 560 411 241 292 606 550 471 387 464 267 88 525 378 441 406 438 268 101 283 544 412 420 304 495 438 184 529 455 455
320 209 273 48 527 497 461 136 236 311 362 488 284 543 101 33 262 645 383 688 455 534 252 308 321 214 117 548 236 387 381 484 343 311 70 374 483 228 175 425 274 545 34 269 130 251 533 506 1032 278 510 420 184 248 474 483 114 287 266 0 501 316 330 280 439 539 8 251 479 412 112 193 543 459 400 264 691 607 314 420 338 448 126 282 130 397 524 538 57 159 174 294 441 391 208 426 235 307 460 513 350
160 399 234 500 154 39 90 311 445 284 103 129 410 186 294 484 492 135 113 217 191 107 215 136 208 287 428 293 242 330 289 271 137 312 376 151 108 568 273 99 324 160 443 278 374 219 214 318 640 504 165 163 420 422 172 88 376 176 376 457 0 183 348 224 275 178 436 295 104 160 406 263 154 86 107 243 265 114 309 52 576 98 385 467 488 231 132 277 379 474 364 461 135 232 323 276 437 190 138 129 301
22 172 88 378 226 181 194 190 296 145 166 278 303 335 201 276 357 294 157 402 252 222 53 64 93 240 286 287 63 216 138 361 155 116 228 82 227 356 150 97 193 309 320 132 175 146 314 185 810 390 154 264 312 220 286 193 322 55 330 305 181 0 271 116 381 344 281 192 230 92 189 93 259 199 175 57 364 268 174 171 314 181 324 371 279 203 144 187 302 355 142 264 170 132 161 185 366 81 189 204 143
217 102 169 407 419 484 513 359 532 148 402 543 62 490 353 310 96 491 384 683 296 551 252 313 164 440 345 524 207 130 207 659 420 139 267 286 460 167 329 353 115 431 356 159 226 414 651 211 932 135 339 489 196 73 536 538 422 353 407 368 387 288 0 358 503 499 385 134 520 220 237 260 560 523 506 238 464 474 64 461 109 505 418 112 245 271 281 283 258 533 249 42 378 227 202 194 196 343 318 399 130
147 249 172 221 317 207 188 116 221 231 99 282 296 235 113 235 401 306 100 313 334 309 79 64 195 151 197 511 120 290 282 304 77 211 221 210 299 352 60 212 282 371 249 225 173 30 331 289 1016 421 298 188 304 308 250 210 215 85 151 249 232 115 369 0 259 336 271 210 358 220 175 106 405 327 124 170 501 359 298 291 382 209 200 344 335 388 226 355 281 233 184 374 349 253 193 314 409 39 353 275 305
369 544 351 446 370 308 184 387 280 401 159 241 526 79 404 507 546 303 166 181 543 301 282 229 390 237 332 495 337 529 529 83 178 434 433 393 187 566 256 362 548 448 449 482 513 218 153 548 882 619 466 85 625 532 57 136 429 287 266 413 274 354 675 233 0 159 489 545 286 332 472 332 415 324 146 423 579 349 535 275 702 151 385 586 597 577 409 564 555 349 355 697 439 472 492 535 559 288 449 354 473
328 574 373 612 324 198 125 425 455 467 197 88 562 85 481 493 764 254 187 63 426 200 314 265 463 402 471 337 312 504 413 114 229 397 581 282 108 747 316 318 557 277 530 455 448 303 3 455 645 663 343 141 612 610 100 141 434 293 435 488 195 282 571 279 146 0 525 553 141 405 538 447 267 178 186 410 446 187 461 207 784 126 506 706 629 464 306 379 530 545 426 579 312 401 513 486 551 276 303 282 485
345 219 216 42 442 551 448 123 246 296 403 551 311 442 126 36 292 651 385 536 613 609 248 308 330 235 121 607 246 398 433 500 356 340 68 420 551 241 207 461 254 647 28 265 149 222 599 399 1178 229 406 437 159 257 421 498 118 252 259 9 460 333 348 267 553 526 0 265 476 342 106 199 517 533 383 295 558 651 253 501 334 394 161 271 139 453 519 440 64 158 191 313 443 354 215 437 192 233 440 441 346
152 40 82 239 374 333 352 152 313 125 290 406 106 511 165 186 165 448 248 506 369 387 150 203 128 335 222 463 140 173 176 577 274 110 142 191 484 153 165 255 40 423 236 66 106 264 580 207 1108 195 266 360 108 61 417 434 314 185 327 251 299 196 116 214 476 485 265 0 450 216 142 133 508 421 371 104 384 353 76 338 174 333 252 184 147 284 317 302 157 371 75 147 282 167 40 222 156 231 387 368 107
263 441 386 625 175 84 142 462 408 405 178 55 492 185 376 629 634 73 229 200 225 43 251 262 367 399 447 236 357 425 383 268 275 321 513 222 39 688 337 201 495 169 602 329 455 311 127 380 623 608 241 243 542 526 200 122 497 253 487 532 122 237 594 326 294 116 641 477 0 269 521 311 87 59 205 280 254 64 501 75 692 163 416 581 556 316 164 292 500 491 445 510 192 344 500 324 695 321 163 210 413
60 193 132 440 145 170 210 339 435 91 224 313 284 346 298 437 330 261 208 357 175 245 139 160 89 414 329 277 132 126 80 369 256 114 331 15 269 423 227 72 195 185 393 152 288 246 321 109 681 399 57 277 367 242 370 255 411 130 412 447 140 84 256 195 378 362 449 213 297 0 316 199 249 195 246 132 214 249 230 216 351 214 347 319 344 111 67 111 314 417 229 290 115 38 226 113 318 163 127 130 151
224 129 141 138 388 418 312 80 249 263 313 462 245 521 73 100 204 473 339 594 518 494 213 204 188 208 116 546 170 309 291 545 243 240 31 305 460 201 127 279 136 555 110 188 27 185 516 346 1243 216 389 335 131 169 402 349 163 179 294 96 417 189 274 200 487 555 107 103 489 289 0 129 547 462 294 162 528 467 194 371 216 373 156 257 100 328 353 437 73 228 67 246 393 296 89 300 196 216 417 470 246
128 133 63 190 278 245 245 91 293 183 222 347 252 390 86 246 280 355 159 490 330 389 71 90 128 196 172 375 47 246 202 472 168 133 153 181 350 271 84 219 163 454 166 101 108 134 384 233 1084 280 241 322 185 205 341 292 223 114 223 220 242 88 245 93 403 426 224 121 321 201 114 0 466 295 245 70 371 322 190 259 320 262 233 350 233 303 260 245 230 339 69 236 318 190 88 299 276 99 300 330 185
324 534 320 570 152 137 246 454 587 338 286 132 509 308 414 651 678 13 245 288 191 83 294 339 321 543 599 173 351 341 329 373 367 351 591 205 140 617 494 246 453 79 555 341 448 396 245 355 610 689 212 331 676 507 257 213 640 297 555 544 164 307 472 310 334 211 512 500 87 243 590 470 0 77 275 395 169 55 442 130 720 259 611 682 617 288 159 227 614 581 414 469 152 313 392 372 616 397 148 167 443
199 355 336 528 118 45 178 487 500 341 199 148 472 219 383 552 572 55 231 274 152 31 295 216 269 442 501 198 335 313 252 287 217 279 558 190 96 596 318 174 341 106 589 298 435 278 231 304 555 610 163 239 528 358 287 165 505 281 490 518 102 232 460 295 330 169 456 421 65 183 493 318 59 0 197 257 204 19 443 38 670 192 530 571 495 253 121 221 597 613 383 438 131 242 454 328 527 285 119 127 311
171 384 226 424 279 168 35 307 256 283 42 154 426 118 290 405 543 260 49 216 370 207 170 138 287 240 297 425 215 391 312 161 66 320 347 191 149 486 187 182 352 352 407 274 358 137 196 366 846 568 287 74 465 453 112 58 340 136 266 397 133 173 465 127 163 175 399 373 196 235 355 203 286 201 0 207 446 224 382 137 472 54 319 503 371 324 255 370 366 349 300 458 291 321 269 316 529 125 308 251 311
58 150 25 269 263 256 213 180 307 105 195 396 259 395 161 291 294 298 165 382 227 338 57 90 49 293 249 405 35 159 137 433 197 81 234 140 347 264 153 125 100 292 232 51 134 192 405 218 914 251 181 268 248 169 334 226 298 108 326 282 189 68 236 132 416 426 240 95 282 116 177 73 395 288 200 0 334 295 127 273 277 249 281 321 207 183 196 244 243 425 124 213 215 122 107 206 299 135 211 276 102
267 441 320 666 150 251 379 527 719 359 382 270 542 461 523 722 512 161 356 401 86 244 397 412 292 558 614 33 316 317 241 484 468 359 513 207 311 499 458 251 470 93 661 344 497 393 341 255 630 604 171 413 497 434 486 393 639 310 671 577 291 369 449 389 571 337 651 408 283 202 571 465 142 226 358 392 0 166 345 198 603 323 625 523 576 218 176 149 528 737 457 520 143 204 514 207 510 462 119 129 377
286 428 312 492 100 67 201 481 559 321 198 126 528 249 506 623 639 43 225 278 173 30 266 290 272 428 525 171 343 389 276 315 268 330 510 196 87 656 348 179 404 93 615 318 433 355 236 294 502 588 189 300 546 441 252 191 587 280 500 636 96 242 551 369 314 206 491 383 59 260 551 408 54 17 200 332 179 0 442 62 680 189 444 485 479 292 132 230 500 662 379 464 175 269 477 267 686 262 129 150 406
178 45 125 336 295 320 408 233 417 109 385 424 72 564 219 264 158 515 302 576 349 464 220 213 114 424 315 454 163 140 165 577 294 87 245 234 454 165 285 239 34 430 295 90 197 272 451 165 1102 141 236 519 162 26 491 348 372 245 466 304 414 190 77 287 466 571 271 65 402 207 217 206 388 403 373 171 390 435 0 407 195 360 322 159 197 250 296 239 288 440 185 100 313 149 134 196 164 282 333 371 61
211 401 276 442 112 12 132 363 431 338 181 95 540 175 339 596 554 92 143 221 186 59 214 226 308 367 455 242 263 345 315 262 200 294 463 145 75 605 313 119 358 161 486 324 426 312 194 257 639 540 202 238 536 440 229 130 467 213 414 482 46 179 425 266 253 190 466 405 61 172 425 333 130 38 159 263 195 57 379 0 564 137 497 507 467 247 137 213 510 545 302 539 170 261 369 321 586 258 138 136 379
331 183 334 415 497 534 626 373 545 297 432 549 83 660 343 291 19 542 416 656 405 631 328 439 296 524 427 533 354 304 329 624 424 266 296 363 531 84 375 409 189 605 323 211 261 456 744 270 1064 45 366 530 151 169 678 538 384 355 563 269 576 350 134 490 636 638 349 181 603 406 219 311 652 485 473 270 546 522 158 575 0 599 405 18 163 411 399 370 236 415 257 90 500 385 243 333 107 349 560 494 243
222 389 299 475 267 135 26 344 349 298 88 114 548 84 343 421 647 216 96 157 317 136 187 168 287 261 335 362 277 410 378 161 99 294 411 262 106 477 303 169 410 257 382 307 420 185 107 420 705 622 263 90 502 379 95 11 422 201 283 419 107 208 563 202 149 102 454 359 122 283 426 262 200 156 52 297 380 213 488 138 559 0 351 656 492 370 198 359 428 382 356 579 291 325 400 350 578 164 300 238 325
349 334 235 118 484 462 388 115 80 383 311 420 383 351 104 188 350 483 245 498 458 551 231 222 318 85 40 695 226 406 395 491 269 327 157 350 432 340 138 383 374 560 115 289 201 169 458 405 1043 420 419 323 251 377 390 400 44 269 89 133 441 259 477 160 366 496 149 284 531 322 151 224 573 426 334 249 662 520 317 486 458 382 0 458 288 553 476 448 162 76 170 426 552 449 223 440 286 217 535 521 321
327 164 238 375 447 513 474 299 573 251 496 668 75 585 316 279 9 638 454 685 511 627 381 423 312 551 394 562 291 282 316 726 426 238 297 413 680 88 371 452 159 483 379 250 225 392 744 293 1013 56 381 523 123 150 556 561 456 413 495 304 471 403 123 387 596 644 329 161 568 343 280 279 552 607 544 247 565 672 159 504 20 641 436 0 183 380 431 362 297 476 254 79 464 351 214 263 104 360 392 481 203
325 128 201 165 491 411 392 163 371 297 374 596 180 530 177 117 185 575 447 579 471 580 312 272 251 278 234 543 236 328 351 557 357 261 92 348 532 106 257 429 180 573 186 225 105 248 671 407 1009 117 412 464 27 141 521 398 237 353 315 141 511 275 234 288 627 652 163 129 655 294 104 209 512 526 475 244 564 581 182 522 181 453 218 157 0 406 427 378 87 277 153 165 442 344 121 400 72 288 518 450 214
212 286 236 497 157 250 318 431 530 149 367 339 296 397 372 410 313 314 366 495 106 262 246 257 147 555 455 193 220 84 72 580 323 164 350 147 315 337 412 217 230 228 505 208 324 401 461 49 779 359 100 480 317 277 488 306 580 255 478 447 321 244 230 372 490 505 475 259 293 121 312 245 307 304 425 199 214 282 201 322 394 431 474 332 438 0 145 46 407 565 340 293 114 105 285 41 409 262 176 146 153
113 353 210 468 54 135 203 395 478 188 221 214 407 329 348 487 388 172 192 429 121 157 191 189 177 335 384 188 235 171 134 426 245 219 408 62 212 398 287 62 226 153 496 234 328 310 265 145 802 420 42 249 470 303 315 182 452 197 402 527 138 151 297 287 333 346 446 305 203 75 367 262 175 129 255 178 184 157 291 142 421 231 415 374 444 145 0 127 446 460 280 357 39 91 286 187 456 207 48 57 218
198 244 268 561 140 258 270 424 480 146 339 353 316 432 383 529 387 298 272 444 70 237 236 234 180 485 478 225 286 121 90 535 357 172 409 128 370 462 317 160 209 214 512 211 404 404 459 73 862 377 77 467 427 286 412 299 550 224 532 559 209 231 298 364 516 356 531 261 339 120 378 311 274 251 389 236 168 239 249 226 347 306 474 326 365 35 98 0 385 590 300 292 90 76 272 69 471 298 111 115 160
343 166 229 110 574 428 400 133 235 275 394 507 207 538 124 33 244 599 326 719 591 581 227 317 340 282 126 681 254 320 393 525 373 269 54 379 615 159 225 337 197 546 75 209 107 288 565 394 1032 226 465 469 118 241 504 493 169 315 260 46 491 283 304 275 493 493 66 192 645 350 92 228 615 591 388 268 561 489 219 488 226 387 163 225 89 512 451 415 0 246 142 248 488 316 143 359 172 297 457 464 292
403 389 372 124 656 464 427 175 93 530 317 628 510 376 202 194 462 556 319 541 704 642 340 306 403 176 124 661 362 614 552 525 286 438 240 495 589 460 258 410 446 614 167 412 251 209 574 580 1251 477 596 344 385 382 463 430 85 295 113 156 447 344 547 293 440 461 171 322 540 481 283 267 555 588 392 404 637 604 511 462 424 357 104 562 270 669 545 669 275 0 314 478 551 456 368 592 439 257 492 640 538
154 108 82 166 338 333 314 103 230 162 290 497 179 409 71 158 284 410 272 604 398 377 130 182 167 219 147 484 110 224 194 462 229 201 80 267 449 206 125 252 123 485 148 112 47 188 449 325 1135 194 336 346 155 133 400 318 203 183 241 133 283 178 243 163 447 416 175 75 430 210 58 64 467 367 291 118 461 384 150 410 220 304 176 261 119 356 339 317 145 331 0 256 311 266 45 305 210 143 331 356 173
313 106 220 354 383 389 431 363 503 197 488 624 27 579 335 255 75 591 435 799 414 551 290 350 175 395 412 423 242 196 195 553 447 147 244 311 506 114 361 402 125 568 341 173 206 364 719 215 924 125 276 466 143 81 648 548 438 379 419 267 453 322 42 311 587 585 361 141 579 293 213 267 539 491 439 200 433 563 99 551 81 461 482 63 175 282 360 293 245 460 243 0 350 215 194 218 163 392 342 397 125
180 311 241 508 34 154 211 382 458 164 281 234 390 337 399 457 377 167 275 341 59 159 213 241 206 418 510 162 286 186 151 393 293 229 391 102 247 437 338 104 294 125 406 211 404 386 321 152 655 407 43 395 512 359 315 281 527 194 529 526 162 197 389 318 434 307 531 318 243 115 360 243 159 142 267 207 137 152 308 153 485 301 507 389 415 132 48 84 474 635 383 412 0 116 365 184 499 254 26 24 230
84 196 134 400 139 215 269 270 402 80 250 329 245 403 317 417 365 318 278 506 160 278 177 197 84 354 337 260 164 96 44 408 248 97 316 67 304 292 271 121 151 241 330 144 271 262 441 73 908 390 86 392 288 204 451 279 433 148 465 334 219 127 226 281 407 434 335 165 290 41 293 183 262 277 283 108 251 286 164 198 359 295 361 288 313 106 97 84 384 527 269 284 125 0 224 76 371 210 138 123 101
170 65 84 186 377 379 326 131 301 139 279 523 155 414 118 162 198 484 296 584 390 352 133 165 126 288 223 539 97 258 176 550 245 140 109 232 484 189 167 238 76 502 208 101 67 188 465 252 1015 187 245 313 116 99 394 333 231 166 273 166 298 151 198 193 497 448 217 37 419 234 73 75 489 450 365 105 414 422 123 334 213 338 244 195 113 240 287 290 169 381 41 165 274 241 0 253 194 184 332 324 155
184 243 209 526 202 239 411 341 569 106 377 468 226 512 349 376 284 330 335 619 153 283 251 287 158 495 457 293 227 56 50 580 342 121 425 129 346 337 348 169 169 300 509 172 301 365 403 5 877 297 114 465 339 215 451 311 473 301 502 441 275 235 227 353 478 447 523 260 349 119 317 273 285 263 335 167 212 353 159 346 359 413 465 256 365 43 187 68 467 641 246 225 164 88 241 0 366 334 204 168 128
373 152 235 264 441 610 478 247 374 263 430 537 120 655 284 166 101 647 462 793 435 544 302 385 268 469 279 584 291 263 304 699 469 223 154 362 652 26 354 359 211 507 232 220 148 356 631 333 1303 49 496 527 57 175 650 572 282 358 381 234 485 283 150 370 547 642 243 159 594 418 161 256 587 486 538 253 577 517 199 547 101 576 393 122 89 443 500 376 171 358 187 122 452 331 178 400 0 340 481 433 230
104 269 143 230 274 202 159 146 215 193 107 277 289 240 168 335 376 325 88 328 343 289 59 41 179 199 181 480 90 308 244 321 72 190 238 177 245 371 96 177 221 388 254 206 222 68 274 260 747 376 253 219 272 240 232 175 220 39 220 296 200 90 380 37 295 266 287 223 281 181 175 89 372 315 124 131 396 252 295 260 444 181 247 351 293 274 240 280 283 336 137 381 257 196 177 315 298 0 298 281 248
171 336 264 516 23 147 238 470 441 253 251 215 465 326 408 561 535 127 280 434 74 130 276 272 227 448 539 157 250 194 160 449 308 227 385 110 223 425 315 139 271 87 580 291 463 395 311 201 632 417 58 332 438 347 321 252 532 219 458 500 177 219 369 274 379 314 531 362 172 122 352 254 144 134 262 231 103 124 280 146 455 299 419 537 479 160 56 103 522 636 408 436 21 138 350 175 477 270 0 0 223
193 332 274 555 24 147 222 456 436 221 255 256 343 300 373 440 483 154 249 415 75 162 225 217 203 463 458 141 294 260 168 407 305 219 446 120 218 514 408 111 283 107 561 263 455 332 363 203 708 530 72 282 396 377 306 240 469 201 503 432 150 171 389 350 452 319 437 357 223 118 370 287 164 119 294 239 107 144 277 150 461 252 536 436 465 179 53 116 516 661 329 426 21 160 359 166 470 256 0 0 248
124 124 124 310 288 290 360 288 381 36 270 456 133 485 264 342 242 411 263 604 222 344 176 247 70 336 384 397 176 75 86 457 323 29 276 149 350 220 236 227 67 312 385 65 220 298 461 105 898 235 191 366 249 81 421 354 357 237 361 327 316 159 129 306 446 537 308 92 398 118 234 191 420 330 377 99 380 317 79 342 256 315 421 234 215 130 178 201 326 514 198 172 209 89 155 111 255 212 232 281 0
