0 304 363 245 539 556 151 204 473 421 595 264 399 553 542 223 236 176 413 15 169 409 124 505 346 679 505 40 475 496 431 148 360 269 595 322 527 677 325 650 401 539 118 161 239 486 211 403 376 421 396 422 372 260 246 187 352 224 108 752 285 479 125 643 419 383 401 39 332 481 205 198 147 281 157 346 194 266 440 122 63 348 502 210 265 530 156 116 527 140 594 214 353 238 380 302 220 249 278 452 502 469 385 447 370 413 117 217 124 400 280 25 275 59 290 229 84 240 199 267 489 427 533 423 220 233 596 46 333 228 317 531 549 221 142 342 260 285 282 205 93 393 286 222 184 136 733 278 200 169 300
311 0 410 248 236 396 193 137 258 338 394 291 234 443 389 189 129 163 121 246 285 262 244 285 403 443 297 290 216 335 365 186 240 131 291 162 344 366 34 362 128 387 189 245 336 256 94 203 387 344 203 165 172 42 104 388 329 74 265 474 118 257 271 365 178 365 334 281 370 184 284 241 213 64 183 119 315 459 209 245 219 353 308 257 166 313 345 238 387 148 472 240 101 300 361 429 118 240 212 166 244 249 260 249 487 114 207 102 260 158 124 294 57 222 178 266 221 185 116 426 233 196 149 565 50 231 439 261 375 173 205 407 227 339 373 241 384 201 258 171 250 164 225 272 295 242 439 36 177 151 357
348 376 0 134 536 304 258 504 630 289 324 180 318 537 381 524 346 238 525 331 176 207 475 342 143 542 333 421 579 483 146 333 300 274 515 359 361 528 403 485 491 290 336 171 104 350 306 684 142 197 332 372 278 390 302 158 146 319 265 444 444 383 247 454 612 44 294 290 84 548 501 549 280 405 297 558 582 33 502 390 324 28 348 568 605 395 555 400 233 300 331 191 469 123 154 17 338 209 206 525 664 516 260 790 98 486 283 459 442 352 338 329 440 371 606 494 238 265 373 35 598 588 551 75 501 561 390 355 24 429 634 318 446 97 417 300 101 530 140 238 263 632 238 496 107 203 554 442 480 507 121
291 327 147 0 349 215 181 398 484 190 287 14 147 350 307 424 178 157 407 251 173 118 352 302 97 337 241 278 485 345 84 163 128 144 398 220 304 382 220 399 258 214 305 108 26 211 231 441 55 97 140 244 159 284 155 154 28 268 175 441 347 266 162 411 480 115 217 274 85 379 373 444 182 277 165 396 479 123 311 303 316 116 189 392 488 299 469 394 179 211 296 100 398 80 128 158 174 81 71 403 577 332 146 484 147 446 153 288 333 254 155 341 322 306 500 483 194 109 260 172 582 467 416 189 292 456 245 279 122 437 500 190 374 146 412 119 98 397 27 140 192 424 67 452 104 124 331 247 307 322 38
543 246 485 318 0 268 377 352 345 328 277 368 216 238 188 463 312 271 222 455 388 299 454 158 408 274 159 515 151 120 295 365 239 309 117 178 273 240 193 158 104 348 436 381 373 184 293 245 381 305 232 110 197 252 220 516 380 326 445 217 402 97 472 170 385 429 245 395 432 31 471 447 420 324 344 220 472 513 4 449 522 445 179 521 433 175 501 455 368 388 295 295 234 399 376 428 305 234 293 185 297 29 227 382 411 288 362 335 486 107 161 515 266 470 397 474 429 349 294 457 392 202 174 584 262 519 253 454 546 378 422 247 55 469 519 219 397 438 351 306 414 398 297 535 396 327 227 241 412 344 436
551 379 338 255 234 0 359 513 531 71 11 281 165 130 87 589 380 331 488 609 391 120 548 88 219 156 119 617 416 148 189 345 118 292 159 218 23 127 319 167 305 110 411 344 308 82 294 527 260 175 175 211 168 450 296 355 237 437 387 152 521 194 468 182 629 253 51 431 294 286 643 518 373 429 368 538 711 361 229 653 556 362 94 603 573 83 663 536 98 348 38 303 389 375 165 327 377 257 268 389 555 280 149 641 301 519 465 422 543 268 250 622 507 452 482 549 375 274 406 421 495 519 420 381 493 617 33 453 356 585 535 32 208 358 671 215 362 608 287 321 379 522 173 589 387 370 171 396 436 563 267
145 196 230 179 414 450 0 232 524 336 322 146 240 555 438 276 105 51 371 138 86 240 191 316 236 471 294 153 391 449 256 63 252 123 473 226 410 522 169 423 267 328 151 64 181 299 127 354 216 260 253 252 187 174 126 123 193 162 68 465 259 371 44 451 359 274 369 113 267 316 243 293 32 241 8 368 226 196 349 210 121 188 326 295 343 413 265 204 291 58 477 90 352 145 258 233 94 150 127 344 457 425 271 480 306 306 21 155 205 294 188 143 228 124 333 307 49 83 110 267 438 357 362 272 171 272 423 101 248 275 259 352 419 169 255 163 163 242 147 64 79 308 212 303 133 20 446 179 186 193 144
236 135 435 369 304 516 259 0 247 555 421 396 389 493 472 50 199 238 157 260 385 464 175 482 512 661 441 196 285 476 454 192 343 215 508 316 503 585 173 583 261 430 107 279 330 368 165 210 479 449 288 297 311 122 187 330 440 133 274 593 31 424 254 517 152 562 385 214 500 314 148 169 196 59 228 160 154 373 331 136 160 482 475 140 64 394 219 147 433 148 520 294 118 354 441 460 179 332 291 225 281 402 396 239 594 148 221 63 129 299 258 261 96 216 78 149 210 240 142 460 199 252 252 573 77 127 616 203 426 39 78 535 445 344 212 367 430 54 305 250 239 98 344 115 364 277 618 148 56 63 310
563 230 776 549 343 671 558 267 0 567 516 465 491 511 594 330 355 421 108 435 665 618 421 521 552 514 444 446 162 498 545 426 505 412 479 370 593 538 264 496 251 659 392 575 621 439 317 92 521 503 529 330 436 304 379 594 601 329 551 512 238 360 556 517 124 586 601 598 581 363 470 420 420 253 430 143 481 636 366 392 525 606 433 354 199 580 472 391 551 459 570 539 149 649 586 698 366 508 542 160 19 269 504 33 782 171 449 371 380 336 358 531 233 511 181 384 557 514 348 774 93 110 167 846 271 372 565 431 607 250 283 542 435 654 539 483 530 274 624 497 485 192 544 345 618 525 539 353 351 371 673
426 397 322 213 334 52 332 498 592 0 58 204 119 178 136 475 304 325 568 511 411 91 612 107 117 214 169 424 495 220 111 332 101 319 226 209 90 205 344 237 293 44 499 345 217 108 363 480 158 130 152 280 165 420 288 317 211 434 434 223 479 172 357 248 612 275 83 414 174 252 500 619 384 429 315 543 644 243 339 463 470 304 87 507 579 123 696 487 43 316 108 275 457 322 99 293 332 177 206 408 630 352 143 599 193 483 414 431 473 214 221 507 455 456 521 560 353 323 364 329 600 520 522 315 490 664 62 455 258 446 639 35 234 322 625 174 291 504 262 338 399 474 140 640 354 300 224 339 540 512 231
528 419 298 216 234 12 361 412 625 66 0 272 129 134 69 620 328 324 446 605 359 140 569 61 189 150 114 619 345 152 150 399 114 296 157 192 29 126 344 149 320 114 493 376 305 74 331 463 231 177 170 222 220 447 270 376 278 402 448 145 476 147 368 177 568 262 49 425 303 278 606 663 324 455 414 436 573 375 224 628 560 290 75 608 588 66 714 517 106 402 42 305 395 309 205 325 355 204 240 403 603 264 149 553 233 481 364 427 556 254 277 504 400 457 536 563 393 339 430 353 525 483 369 347 352 584 41 489 345 558 582 34 218 369 530 205 359 469 262 367 462 549 168 501 383 348 149 373 552 497 305
321 244 189 15 365 276 170 331 486 169 280 0 139 352 310 365 162 156 372 308 176 120 350 239 106 338 216 308 345 315 99 191 131 116 291 159 226 367 263 415 275 168 291 112 45 243 170 517 55 68 117 247 152 300 139 201 35 203 182 418 315 279 148 332 478 152 212 212 87 301 452 416 177 294 171 459 388 107 346 333 295 151 182 414 391 259 419 317 174 171 305 81 436 107 156 191 169 61 53 466 473 310 111 524 164 393 177 233 369 191 159 291 281 256 396 496 182 106 252 202 467 498 376 184 317 413 220 228 132 359 452 193 266 143 449 111 144 355 46 107 202 494 59 476 126 137 316 236 319 318 56
393 229 312 149 214 169 208 347 526 116 158 115 0 219 158 375 191 227 391 340 297 72 471 121 149 258 109 434 314 173 121 234 34 180 218 75 143 236 228 206 202 168 365 256 182 78 226 394 163 113 30 140 47 289 141 305 152 274 341 246 316 98 295 210 411 236 100 408 234 210 468 489 243 334 268 359 456 287 239 470 376 241 70 441 354 107 454 495 147 229 198 145 320 240 189 306 192 102 140 324 437 240 18 421 254 402 300 257 358 124 102 402 274 412 387 549 279 196 235 331 410 380 301 327 260 504 162 330 271 400 428 116 148 292 422 49 288 373 185 154 284 426 71 521 289 263 273 223 396 415 214
706 501 506 348 231 123 567 533 551 194 124 351 276 0 60 639 408 427 541 574 464 241 601 112 296 35 150 696 350 170 275 454 262 394 142 291 90 49 362 84 304 192 567 487 412 149 395 509 397 300 278 296 257 516 380 457 311 429 504 20 558 205 594 84 585 416 168 678 389 289 690 608 550 541 409 570 805 440 238 686 682 468 176 704 708 109 770 659 186 447 98 372 448 487 264 562 390 318 392 458 613 245 273 563 349 594 531 549 581 239 336 646 533 520 518 705 545 432 552 541 608 534 443 433 458 729 109 487 442 652 737 146 199 577 758 329 401 690 443 405 647 675 264 634 508 551 37 432 603 542 369
578 372 411 307 251 88 389 501 624 126 79 327 213 58 0 629 416 335 400 593 525 213 684 70 272 83 87 651 349 109 246 397 203 288 132 234 62 54 372 94 324 160 504 388 292 106 324 506 304 237 205 245 268 381 360 522 291 387 494 65 514 131 488 94 516 363 97 519 294 256 561 553 422 473 468 518 711 403 257 597 598 444 96 618 630 73 606 516 196 423 43 343 499 436 272 371 364 311 320 419 501 230 176 512 364 495 509 519 550 245 301 505 483 505 509 561 499 371 383 450 629 440 441 407 458 732 110 513 412 593 636 91 151 405 607 231 470 549 360 415 542 513 230 621 379 458 72 421 514 612 379
257 166 546 359 354 636 235 64 304 569 513 465 367 539 613 0 214 297 202 270 397 390 155 441 512 672 451 252 321 451 544 195 390 297 576 323 504 621 244 540 275 579 170 340 410 474 238 314 394 482 330 326 421 154 252 457 453 164 307 632 71 432 330 503 151 470 422 273 486 382 118 111 273 107 280 174 165 555 391 135 169 542 412 142 56 527 173 154 584 244 595 334 175 412 507 449 274 384 407 302 304 408 406 284 598 188 316 144 105 301 258 203 135 185 81 123 231 291 207 532 219 265 336 655 141 69 562 261 580 24 21 576 469 375 199 362 496 7 362 302 289 118 413 52 398 274 649 165 84 71 366
223 129 323 182 321 372 115 190 351 352 345 196 182 396 404 269 0 53 246 226 178 198 215 315 224 498 261 223 327 282 225 73 202 50 372 165 375 356 97 405 161 310 134 141 234 267 31 310 243 197 190 174 128 90 52 242 188 59 153 472 195 234 170 456 264 356 293 171 273 273 307 283 78 122 86 234 249 263 290 200 213 342 223 241 262 338 308 219 327 54 376 91 222 178 288 308 19 162 111 300 369 264 227 358 323 240 109 107 252 176 96 251 147 191 265 339 162 80 59 265 368 284 250 353 121 320 330 158 313 232 254 356 297 225 300 157 201 216 200 66 192 217 214 254 199 111 370 62 151 180 219
207 177 266 130 291 370 53 216 490 324 371 170 187 450 412 239 56 0 323 180 175 217 243 344 254 510 297 189 350 365 212 36 256 58 314 188 406 359 120 392 248 282 130 101 177 271 82 345 187 215 204 230 144 140 93 174 194 90 135 540 208 239 99 361 342 308 292 143 211 319 234 258 44 154 48 336 290 224 293 246 153 287 242 249 270 284 240 238 353 41 382 55 248 139 294 314 34 143 103 369 483 307 215 394 360 316 76 136 205 196 127 206 204 133 248 272 97 35 78 310 323 333 342 368 139 277 419 150 237 230 242 318 317 221 261 154 203 222 149 26 113 329 191 308 173 53 506 114 193 181 136
346 154 588 450 232 480 353 186 138 439 428 392 401 465 486 227 260 350 0 396 443 445 353 456 492 501 353 436 164 361 547 323 391 288 405 267 415 538 175 445 167 446 285 443 500 388 258 82 462 430 397 235 267 191 263 503 528 178 343 440 144 310 331 387 77 647 496 426 489 245 331 282 298 127 316 15 335 608 254 349 375 565 365 292 158 358 413 364 473 276 475 306 33 415 574 666 288 329 367 97 112 285 391 110 634 25 325 236 325 277 292 356 119 322 134 288 417 348 284 657 124 51 114 724 130 281 553 349 623 191 213 395 318 460 423 350 433 165 373 307 359 94 370 230 483 341 446 188 199 193 518
13 252 391 264 557 560 159 227 458 515 526 287 371 557 604 205 194 196 352 0 150 448 118 475 345 540 513 32 401 475 372 142 427 245 487 323 529 519 248 622 437 439 120 195 294 480 232 516 313 431 304 444 346 245 257 184 316 203 100 640 253 484 104 502 447 386 519 40 349 434 197 173 163 272 136 379 146 350 505 103 41 344 496 194 304 503 149 134 521 134 647 237 401 218 394 303 215 291 282 496 485 433 425 529 476 399 108 211 147 338 286 8 299 37 272 195 83 207 143 367 389 491 509 355 206 222 542 49 354 208 221 543 422 239 122 327 241 217 288 232 89 324 353 249 205 138 540 268 200 175 291
182 292 165 163 392 411 108 306 632 373 467 142 335 475 522 392 212 164 526 144 0 235 256 385 214 528 413 190 433 462 260 144 302 219 548 306 490 508 311 541 379 295 242 65 131 386 258 496 222 270 287 377 276 300 261 31 168 234 67 570 354 347 60 473 511 238 407 136 184 359 320 354 126 351 95 366 359 125 444 300 180 165 402 315 411 478 327 306 356 191 370 136 412 87 251 171 201 193 186 529 569 504 296 650 260 469 110 266 331 364 256 151 340 167 386 311 112 127 220 155 532 488 449 279 322 406 413 160 158 313 449 342 408 97 271 255 64 392 108 133 78 437 218 333 55 97 574 253 292 309 97
416 279 255 133 314 127 260 402 540 87 125 119 66 293 228 535 266 220 449 389 260 0 489 142 87 280 159 373 405 196 59 273 36 180 211 139 141 250 244 229 278 115 319 204 138 124 209 390 109 44 75 209 111 264 176 243 127 294 248 265 373 189 325 254 477 201 95 359 158 241 443 474 289 360 262 352 433 237 273 423 408 205 103 435 399 170 502 489 93 251 184 174 379 215 123 282 217 81 119 337 583 349 57 526 201 388 277 326 416 159 179 376 371 366 427 508 299 161 245 270 445 394 392 254 296 453 134 384 247 505 540 120 257 272 501 70 204 424 148 207 356 395 59 481 199 236 270 239 444 386 185
144 267 478 400 571 528 206 179 516 563 597 445 441 662 668 140 229 269 310 124 293 537 0 579 526 756 619 94 388 547 455 200 444 279 529 446 571 741 258 609 376 647 108 270 337 484 253 374 394 401 397 383 412 207 291 342 362 256 190 628 222 416 189 567 291 477 624 184 444 560 72 70 237 190 242 341 53 389 549 30 81 386 472 61 214 477 26 26 504 224 711 298 356 381 453 372 252 425 369 386 406 528 507 494 601 380 235 152 44 461 395 89 232 92 237 85 156 275 186 425 407 347 479 565 261 125 681 126 440 180 187 560 457 420 54 376 359 181 322 299 182 254 418 110 285 225 785 228 144 137 351
526 276 336 230 175 93 338 428 534 137 60 249 98 131 75 529 295 304 460 556 392 135 617 0 254 131 29 574 366 69 195 338 101 237 118 156 82 118 260 120 206 142 439 352 305 25 339 398 265 208 130 161 147 341 235 465 292 348 477 168 401 102 420 121 542 343 53 530 333 206 589 605 394 353 397 455 492 376 195 594 519 350 43 636 570 10 623 623 178 398 79 230 364 355 256 456 309 240 234 335 441 186 127 478 316 459 387 359 460 175 187 447 338 456 488 629 481 337 342 353 434 436 401 337 337 614 104 488 417 555 461 75 106 424 627 196 424 539 284 318 490 421 182 526 344 360 133 295 498 443 326
351 401 133 86 391 203 241 448 616 127 196 87 169 268 293 505 269 225 426 404 242 73 472 191 0 330 258 439 433 315 13 260 105 238 331 241 202 333 271 309 378 117 432 223 112 166 287 508 44 52 141 247 176 339 212 248 69 334 273 341 516 220 242 286 524 109 143 282 85 364 478 556 293 431 256 500 475 114 380 483 360 130 152 536 458 248 435 412 104 284 200 152 447 140 59 174 227 112 121 510 588 396 119 555 108 411 265 370 488 254 250 420 369 327 507 629 306 213 291 154 497 435 473 157 424 578 197 327 146 523 462 172 271 200 547 127 158 465 137 229 332 509 103 496 194 214 371 313 450 421 114
551 477 501 446 210 151 568 484 578 184 157 347 265 35 74 587 423 420 496 742 530 256 611 154 312 0 177 696 336 139 369 493 274 468 136 266 119 29 427 50 300 261 535 438 464 195 376 456 315 359 295 319 304 464 414 556 443 492 617 20 483 208 565 83 655 490 157 592 381 252 675 784 573 520 495 579 642 438 237 739 589 408 202 769 559 120 616 740 248 479 107 402 434 484 308 548 507 380 342 482 616 253 233 653 355 492 549 496 560 310 313 702 510 599 596 637 538 485 431 579 546 388 399 473 544 794 178 641 464 601 610 202 189 485 783 301 477 548 369 410 663 602 328 595 548 462 10 363 489 667 463
555 313 348 242 167 97 310 349 417 161 85 207 101 155 93 406 278 293 335 471 337 161 516 34 208 161 0 506 327 66 212 373 137 237 91 118 134 138 233 118 211 203 421 324 293 35 231 370 251 183 110 149 152 344 214 475 229 355 336 162 408 63 389 112 385 317 81 453 345 132 583 554 358 392 351 415 543 292 167 538 507 400 52 564 526 38 505 474 151 354 134 290 410 358 261 433 311 171 224 311 504 200 124 463 370 343 425 328 473 123 160 526 351 437 387 563 423 249 322 384 564 339 265 446 323 598 156 401 355 434 469 95 109 431 498 139 304 515 268 303 420 399 199 586 306 309 166 273 453 430 319
43 281 320 284 563 597 150 204 511 477 544 289 410 601 624 184 249 176 347 26 190 433 71 576 411 708 433 0 476 503 368 156 354 263 507 383 493 553 268 580 376 567 108 209 356 421 263 505 337 376 411 446 336 231 227 223 359 190 126 760 270 414 127 592 363 378 527 67 433 438 140 164 145 242 182 337 120 334 423 67 30 368 432 146 292 470 106 74 410 163 642 260 387 237 466 356 221 272 275 498 453 579 442 466 407 300 136 185 106 390 272 25 259 40 324 201 112 214 151 326 456 436 372 425 221 181 606 52 317 179 228 585 474 269 97 344 236 228 318 216 121 306 395 207 267 159 652 273 134 171 251
459 219 542 461 124 424 377 248 193 389 370 350 348 434 410 366 255 379 118 527 517 338 536 311 433 414 312 418 0 240 500 312 389 304 268 276 425 300 239 361 111 528 382 421 518 360 258 121 458 410 280 168 248 214 263 580 423 222 454 373 254 235 410 267 213 471 334 503 445 126 362 402 361 255 358 138 441 488 141 416 398 525 353 435 323 268 454 369 497 396 345 374 150 450 523 535 297 315 415 42 156 114 319 179 642 155 407 262 362 224 252 499 203 475 286 431 365 336 297 544 250 99 50 627 208 443 501 416 609 345 378 337 208 585 567 337 518 334 386 327 466 247 340 430 541 409 351 247 290 296 478
579 263 472 318 115 168 334 473 400 176 128 266 150 153 108 417 349 364 410 532 464 217 494 85 302 138 56 496 238 0 244 389 175 332 33 165 171 110 317 87 214 235 386 362 333 103 292 303 319 286 193 164 160 302 284 436 303 311 444 177 436 63 424 73 430 422 140 415 344 132 606 552 385 370 337 408 498 369 94 465 438 366 103 568 427 77 535 576 229 379 157 276 299 448 272 416 271 283 330 305 377 117 164 469 454 419 361 383 516 144 246 570 312 450 405 589 376 364 385 539 409 299 316 443 377 465 201 521 452 467 532 161 52 431 657 212 462 445 290 335 393 505 261 466 363 349 126 263 379 501 356
434 379 193 110 320 152 215 391 639 131 154 99 134 305 251 471 260 229 546 383 232 73 508 236 11 272 189 365 391 269 0 319 109 222 322 203 229 261 357 295 272 117 329 172 102 200 284 449 49 31 120 239 185 354 264 264 71 300 286 351 501 221 303 310 572 147 130 398 103 335 558 496 299 406 282 501 575 135 360 510 400 144 151 580 555 197 495 508 87 280 186 180 449 139 60 172 273 108 153 453 595 316 111 548 114 437 261 370 521 273 209 427 410 367 431 564 302 225 260 172 624 406 416 159 316 453 203 315 172 503 587 156 282 237 511 115 168 532 119 185 249 570 89 537 214 229 286 318 403 473 136
157 143 346 159 305 406 56 157 465 326 395 195 271 469 395 256 71 41 314 130 147 305 207 399 248 414 335 145 357 322 259 0 292 87 379 190 413 496 140 489 227 410 90 101 179 355 91 419 224 258 198 217 186 128 94 175 226 96 93 427 215 274 89 466 314 272 293 131 271 343 259 258 22 137 54 307 277 233 298 177 118 284 322 253 216 417 258 173 403 12 361 93 225 177 289 250 70 158 148 276 402 410 267 417 325 316 52 91 171 262 145 139 158 127 244 247 78 73 40 266 388 318 342 336 149 217 476 84 274 208 275 377 332 263 266 208 217 211 191 75 95 299 179 259 186 58 561 130 173 140 171
435 262 249 163 233 112 220 442 461 117 112 120 38 201 153 483 233 241 336 438 265 31 455 111 111 285 132 433 336 159 121 248 0 160 230 101 165 193 264 270 210 133 400 238 165 78 264 420 125 66 61 193 88 291 165 333 152 240 287 223 366 115 334 250 410 222 85 397 165 206 486 527 248 346 245 367 466 253 278 414 454 247 82 542 421 152 468 388 103 276 187 153 392 261 155 298 185 96 111 383 427 223 18 504 221 376 272 326 436 155 139 357 332 329 498 570 356 192 262 312 498 440 417 280 315 452 145 357 226 483 523 86 171 275 440 64 228 398 167 185 274 384 56 445 278 255 250 261 332 366 168
204 150 308 141 281 333 99 190 378 234 309 132 159 448 319 298 43 50 286 236 218 198 260 309 249 426 261 246 318 324 221 101 149 0 366 123 308 370 132 374 175 333 183 120 181 265 72 356 222 187 140 167 114 137 35 232 170 108 144 399 233 225 177 400 297 258 217 208 221 246 344 290 90 165 110 269 333 243 309 299 210 299 213 292 293 303 373 251 234 73 363 67 216 192 244 311 31 81 72 255 372 307 141 483 307 237 145 174 242 148 74 223 205 228 349 297 157 48 83 253 337 308 281 306 142 277 381 190 301 222 344 251 286 261 282 114 225 248 124 36 183 326 129 337 202 108 368 91 217 209 169
515 305 481 365 113 198 484 448 460 209 155 338 203 137 116 440 393 404 370 598 539 276 598 114 293 135 78 571 227 33 263 368 232 307 0 168 179 83 270 69 245 305 546 407 423 124 371 413 305 246 230 180 199 362 261 511 406 399 556 122 498 117 433 46 476 509 188 550 376 153 585 689 390 378 410 326 535 434 112 498 505 463 121 554 470 89 547 481 217 408 175 325 407 370 355 511 299 265 277 256 476 111 229 526 486 321 414 469 502 204 203 528 351 432 548 582 434 311 446 459 559 295 307 557 434 663 212 505 427 523 557 196 72 524 645 252 401 538 362 376 544 461 277 576 397 392 117 289 515 473 371
301 162 325 204 178 217 227 291 331 217 231 195 96 258 238 343 148 145 261 407 344 170 342 152 210 282 143 380 203 155 192 221 129 104 222 0 227 263 119 251 123 258 294 194 186 149 134 351 182 175 73 55 44 149 99 336 197 162 244 267 320 102 244 235 344 312 166 291 258 148 451 409 205 259 197 277 405 284 183 347 379 368 149 412 376 194 426 391 254 194 222 135 210 304 243 364 123 107 148 253 421 167 104 421 296 256 278 232 334 48 50 392 232 274 326 448 229 143 211 291 341 322 257 408 245 433 258 342 339 312 302 228 158 342 393 78 272 378 221 163 272 338 144 327 261 227 273 152 333 310 249
624 418 331 291 269 26 460 436 577 89 31 264 182 84 57 567 410 429 449 484 468 158 636 97 244 117 112 559 431 143 186 399 158 315 147 198 0 110 350 124 281 130 428 375 308 95 330 568 275 170 213 292 255 403 296 387 299 463 445 132 594 183 492 156 637 298 79 425 296 281 539 586 451 499 376 459 659 327 229 676 590 318 101 689 550 84 560 645 106 461 14 291 545 353 202 346 330 273 259 445 538 288 180 534 295 509 454 422 525 253 291 619 399 585 526 740 505 377 466 424 695 402 384 406 496 720 39 562 415 596 518 55 207 445 751 216 334 590 272 299 535 494 207 566 374 336 138 443 518 525 269
695 398 502 336 230 140 542 566 590 200 126 356 258 43 55 502 463 487 431 628 489 209 699 111 368 26 142 590 354 99 278 471 214 434 101 266 125 0 380 38 277 230 597 401 417 148 366 518 393 305 216 285 303 460 408 450 371 483 436 55 604 151 454 55 554 485 175 501 425 252 629 726 438 492 537 473 718 404 200 567 577 533 132 766 624 98 761 668 207 383 115 448 525 402 351 485 468 295 405 367 502 235 253 623 362 545 431 570 693 226 260 694 401 555 476 691 551 457 496 555 643 427 441 446 537 661 132 526 519 488 624 158 177 546 804 296 456 637 442 367 512 633 250 674 465 411 23 403 617 506 364
277 40 334 266 244 346 197 155 317 303 329 212 204 443 325 183 78 146 192 280 264 264 310 249 291 407 261 314 180 320 261 154 253 95 295 151 352 348 0 382 121 355 202 234 238 264 65 195 307 243 159 139 183 42 67 293 299 59 270 484 128 249 213 379 265 435 276 222 316 203 300 307 154 91 205 135 294 344 206 286 247 371 304 271 234 317 271 305 365 122 344 177 145 298 402 394 115 197 160 165 331 225 241 350 439 160 218 122 232 138 106 273 91 249 197 255 253 164 113 452 262 187 226 496 80 237 434 223 416 189 238 374 262 307 293 194 327 230 208 144 263 192 233 228 262 180 343 20 197 188 262
512 390 460 354 203 169 423 439 491 210 140 320 240 69 68 557 373 370 512 703 498 225 570 112 354 50 110 628 339 100 319 535 278 424 71 229 158 39 319 0 285 295 468 517 470 170 409 439 308 298 222 227 280 472 314 555 393 472 500 79 562 138 586 20 555 381 166 538 417 220 737 707 533 418 424 488 606 461 190 668 527 484 170 576 652 126 757 616 261 416 125 341 431 457 339 453 440 276 389 325 505 196 282 518 495 403 490 488 535 244 349 597 454 516 615 569 544 425 464 562 586 416 362 478 444 629 180 559 563 636 628 180 122 572 808 284 569 570 405 409 605 460 312 631 542 419 46 413 533 524 435
397 125 378 247 111 319 253 278 259 288 340 317 160 387 344 304 175 199 159 441 351 275 350 206 370 297 198 408 137 220 290 207 197 202 214 123 283 315 124 284 0 318 279 335 284 192 143 216 335 260 166 62 157 136 166 341 361 188 326 369 207 128 320 294 258 415 215 426 372 99 388 363 238 207 280 182 347 436 122 411 301 390 186 443 247 208 351 418 318 216 320 208 142 379 408 462 209 227 219 107 294 141 217 244 366 189 343 187 332 78 123 373 165 368 272 440 364 189 241 516 271 147 150 557 200 394 299 303 457 321 331 340 131 450 444 184 446 327 314 211 307 243 281 359 382 246 332 133 303 246 280
438 392 247 195 377 91 401 522 530 36 95 162 137 193 199 612 315 371 503 424 371 97 479 163 126 269 216 521 484 241 118 387 139 246 264 277 110 202 390 292 398 0 406 316 218 155 328 612 146 94 195 244 192 444 267 384 194 385 408 236 474 250 320 226 530 207 118 460 197 280 566 683 313 475 320 481 710 232 282 500 567 256 152 640 584 155 657 509 17 347 116 277 539 232 89 289 345 172 231 420 534 324 139 595 183 533 373 446 584 287 267 466 529 456 609 573 348 276 380 260 600 578 421 202 434 520 101 476 225 468 609 82 277 264 694 212 262 521 201 294 404 471 161 692 307 363 286 396 451 474 192
136 201 339 254 360 416 137 123 340 496 441 269 358 608 556 142 145 123 254 110 197 310 127 425 319 531 385 86 370 379 378 92 337 205 500 246 470 620 162 616 319 492 0 167 310 429 158 340 295 343 324 335 239 150 208 263 291 113 162 602 132 407 144 466 260 452 446 126 349 362 147 152 124 157 127 261 171 292 465 94 67 401 335 128 213 415 168 93 499 90 569 217 206 237 367 381 137 293 248 350 358 399 317 325 433 261 128 64 97 277 219 122 198 60 245 152 90 198 73 342 350 351 372 428 132 166 582 83 335 112 159 405 464 348 152 242 263 143 220 158 168 220 341 158 267 162 655 169 60 65 262
205 254 164 112 356 395 60 339 545 293 371 107 224 465 451 361 130 90 428 173 76 185 251 355 202 532 351 205 472 339 180 127 229 131 428 211 377 460 261 530 271 344 215 0 81 332 164 455 134 179 205 238 209 267 154 102 128 174 88 517 321 288 80 511 434 214 261 126 152 371 330 374 103 298 71 387 366 138 326 246 170 142 282 314 390 293 311 267 270 147 376 72 318 58 274 171 133 138 89 426 527 382 199 471 276 352 79 228 298 270 182 200 284 174 415 405 109 83 183 163 507 372 428 264 258 309 309 139 180 330 408 268 316 134 367 181 80 372 78 95 117 369 176 370 67 60 406 217 272 229 92
315 295 142 22 337 266 169 333 557 213 265 37 153 380 373 475 238 139 528 242 140 129 342 316 97 483 239 291 447 303 88 179 166 172 387 195 249 399 279 370 271 210 298 112 0 274 255 466 53 97 196 236 197 300 217 159 22 248 174 458 395 305 185 407 461 120 221 204 74 329 456 475 193 391 161 403 430 73 407 400 326 98 254 370 431 297 433 377 200 180 320 104 444 59 150 137 208 91 83 436 585 342 159 515 170 394 155 318 324 252 206 300 328 287 405 501 229 120 214 112 632 500 389 179 309 415 284 226 94 446 498 219 304 100 447 140 77 357 30 168 176 386 92 505 85 142 402 260 404 385 22
443 313 345 200 192 87 380 481 438 129 77 192 79 158 99 424 320 269 397 417 429 134 577 29 194 151 32 549 340 98 182 357 103 268 134 127 82 129 297 155 221 125 413 328 221 0 273 477 247 157 100 155 121 287 226 426 220 348 348 172 355 83 386 124 533 302 40 416 294 159 538 572 327 321 285 450 575 336 188 523 508 324 14 616 440 41 634 573 138 278 106 209 333 294 214 313 245 165 187 343 519 231 107 447 323 338 357 346 483 141 212 427 353 482 495 503 330 281 363 358 516 363 363 334 336 571 133 393 381 519 476 68 144 412 515 133 309 495 271 233 414 495 161 467 281 358 177 239 420 412 240
197 80 344 236 277 368 155 158 321 296 297 219 190 382 358 182 31 86 260 212 210 227 283 265 274 418 253 200 252 310 280 96 256 64 366 124 342 362 52 348 164 304 132 200 224 320 0 290 235 258 205 142 143 76 50 261 245 43 218 375 156 202 176 383 254 313 306 244 284 240 303 312 98 125 119 194 239 299 231 218 233 282 306 279 239 261 280 211 309 70 382 128 206 221 391 399 43 136 127 205 392 304 177 335 423 214 163 92 204 162 81 211 140 176 219 283 154 106 58 348 270 256 230 438 108 277 356 166 337 219 241 359 233 332 351 182 264 214 193 81 194 261 210 252 250 141 468 38 171 153 214
518 209 701 532 223 540 435 236 70 479 404 415 433 479 532 244 278 339 80 524 473 464 426 370 438 544 386 476 109 380 440 321 447 401 409 328 479 476 228 458 218 479 378 478 452 361 258 0 448 501 412 217 376 259 301 514 525 269 419 513 196 289 405 433 148 523 472 509 474 231 420 426 449 233 458 80 356 572 288 360 388 543 379 393 251 457 499 433 547 298 555 460 120 548 479 675 367 411 385 80 70 242 475 94 619 92 425 319 341 243 267 483 206 378 180 408 417 338 344 661 114 27 64 696 216 378 580 400 639 292 233 460 335 589 508 350 591 299 457 315 501 172 365 319 595 458 488 273 325 289 422
304 308 145 48 364 230 188 354 687 189 245 63 142 295 324 500 233 225 528 322 216 102 421 262 45 317 232 422 387 316 44 255 127 206 306 234 274 397 324 326 336 171 345 128 53 240 258 437 0 61 146 326 186 313 232 224 28 284 210 413 398 270 188 372 477 96 213 253 50 365 425 548 192 411 200 505 412 100 310 359 324 104 170 443 485 260 393 475 157 246 266 166 482 126 106 135 226 117 117 465 503 352 121 585 101 537 251 372 379 277 242 309 429 377 428 450 224 193 268 168 597 425 521 149 396 529 211 316 135 508 545 226 348 167 497 129 144 507 90 170 287 410 82 561 114 203 345 297 332 455 85
373 296 192 83 283 151 223 474 574 129 168 81 102 292 218 392 247 238 496 378 200 37 490 207 48 299 160 332 434 239 30 255 67 160 251 146 178 299 308 326 258 95 327 181 114 150 249 529 57 0 91 254 146 335 227 263 75 279 235 345 423 199 221 290 545 168 120 278 120 260 460 416 264 330 244 472 578 179 337 398 404 209 128 480 489 164 486 470 97 265 186 135 363 180 88 204 202 83 130 465 569 390 75 632 173 422 286 384 392 178 158 319 328 309 463 493 297 190 261 217 546 429 381 233 332 546 192 313 201 391 490 117 279 179 574 86 209 489 133 187 319 484 51 482 163 189 260 252 411 401 115
362 223 326 156 186 169 216 333 406 175 182 129 27 230 208 431 185 183 386 373 286 84 376 144 170 234 118 426 254 184 131 245 46 131 214 57 166 263 172 263 195 165 346 203 149 121 158 341 162 112 0 108 28 248 146 337 181 215 234 273 302 127 290 235 384 303 134 292 208 169 471 517 191 247 251 318 526 261 179 444 386 269 106 384 341 145 467 343 142 219 204 140 275 258 197 329 182 81 92 301 434 244 35 496 253 373 225 237 413 93 92 352 255 340 395 397 238 147 192 264 388 337 356 338 224 411 191 278 264 354 457 145 159 320 402 31 255 417 188 147 263 340 77 498 235 236 235 192 354 364 195
421 149 348 288 121 267 271 233 351 262 222 263 157 280 273 301 164 202 212 347 293 183 372 188 250 256 141 438 185 168 240 211 195 161 154 59 261 235 147 220 58 332 263 246 264 138 145 268 312 259 136 0 121 179 123 409 314 202 384 343 283 88 347 226 274 377 197 384 384 84 436 352 263 198 252 215 477 403 110 375 312 349 165 356 371 211 510 423 318 210 277 179 245 302 335 392 197 158 201 182 286 116 132 304 381 239 329 221 415 17 77 448 222 302 345 451 270 210 202 349 311 257 195 476 216 448 316 292 447 310 324 243 123 406 404 150 366 323 292 216 352 260 168 382 347 292 240 133 339 290 326
380 175 332 159 201 168 184 282 479 217 199 124 58 317 232 326 149 133 356 322 282 116 339 144 194 275 123 348 325 185 187 203 83 124 231 46 239 252 158 291 161 230 286 222 150 149 129 328 167 114 23 89 0 184 115 269 175 194 271 329 305 133 237 228 360 299 156 263 249 155 447 464 180 281 183 272 473 269 178 416 329 305 130 446 323 176 477 433 173 170 259 139 264 257 241 274 158 86 108 268 486 241 68 438 260 346 242 228 387 74 62 316 217 339 382 502 239 147 203 318 433 307 309 377 226 384 198 306 292 368 364 181 151 322 508 40 211 402 158 156 294 409 99 392 245 208 321 141 325 266 169
267 33 348 287 308 375 188 102 267 365 403 232 273 457 362 142 102 164 179 272 246 335 287 292 392 525 306 203 191 342 356 155 313 121 336 163 393 399 39 374 129 372 142 217 257 340 56 255 308 361 226 166 173 0 118 363 279 33 262 403 95 252 213 437 220 469 344 259 422 245 244 239 185 56 192 167 227 398 270 201 189 340 331 234 140 363 312 213 382 132 408 168 141 305 372 377 106 204 234 189 248 294 226 274 394 134 168 63 204 151 124 227 64 237 171 284 225 195 84 358 216 229 230 504 33 189 416 238 334 121 161 342 245 362 257 254 329 135 291 157 263 165 231 236 261 189 488 30 121 132 332
266 100 350 151 242 270 136 233 323 291 269 156 155 321 303 246 51 70 218 252 192 193 263 214 258 431 246 264 273 251 261 113 165 33 338 99 334 385 69 356 155 300 153 143 184 266 51 323 217 193 138 149 103 93 0 241 230 81 189 355 210 180 160 332 319 293 206 231 286 192 335 322 116 142 111 214 329 233 257 253 261 299 211 314 313 240 349 310 286 100 284 86 224 188 323 362 53 117 95 233 338 260 155 410 301 206 136 159 223 126 58 282 163 245 267 290 206 80 96 326 390 273 261 350 126 297 299 190 296 242 266 252 280 247 326 114 268 283 145 81 246 277 140 286 242 114 384 74 214 238 196
183 374 187 153 532 488 114 323 703 372 362 206 345 481 545 331 261 159 550 161 33 266 313 441 214 605 478 184 466 425 238 202 319 185 455 366 462 521 373 599 458 376 258 86 149 419 305 594 170 242 249 374 306 284 282 0 174 302 76 570 448 377 98 535 544 174 407 149 206 461 387 352 146 303 139 509 371 152 469 301 246 153 371 392 426 439 333 269 337 231 536 177 501 97 330 158 209 192 163 552 509 579 291 620 252 496 139 245 307 327 294 210 338 170 457 328 131 179 239 135 537 540 482 271 299 401 499 184 156 374 362 383 498 64 341 281 71 379 127 170 101 447 256 376 58 112 505 280 363 273 145
324 374 116 35 385 278 210 390 621 178 241 37 162 402 267 376 235 161 473 310 180 117 351 263 65 426 220 392 422 286 78 213 143 197 370 225 293 394 270 362 355 155 265 106 22 235 270 496 31 80 137 238 179 308 195 194 0 281 188 340 366 228 167 367 552 106 189 305 64 373 374 446 228 376 180 428 465 80 423 434 316 124 252 379 444 250 504 337 160 256 302 108 408 87 130 141 226 100 113 453 580 347 167 674 145 407 232 356 369 260 237 295 371 308 539 458 259 128 254 132 537 462 518 176 365 556 232 308 108 379 434 240 298 117 484 144 126 397 46 162 261 429 83 465 104 158 370 254 380 380 45
254 64 405 244 296 451 149 104 296 409 335 264 280 422 356 184 66 106 226 182 218 298 209 312 357 462 321 200 255 303 326 82 272 98 337 168 367 379 49 377 151 328 127 210 307 332 43 228 273 323 233 210 164 35 97 299 249 0 236 520 149 269 174 432 226 435 360 241 322 288 221 220 123 80 163 210 274 343 305 227 184 334 328 265 175 312 227 231 339 81 413 139 164 256 419 317 88 229 174 252 316 274 235 281 453 156 148 63 198 211 147 244 91 180 218 249 173 123 55 400 266 269 267 496 49 241 447 163 400 129 217 373 304 308 289 193 282 182 221 136 226 216 227 194 229 126 460 45 117 102 284
114 295 247 184 393 464 51 317 592 378 464 159 319 577 504 354 190 107 427 121 69 305 224 377 273 593 437 136 443 470 298 117 290 166 546 275 489 462 278 559 377 329 150 88 195 360 202 405 262 267 311 279 254 212 173 90 217 232 0 640 251 319 12 589 411 226 379 66 219 351 234 330 93 273 57 343 264 185 508 223 152 234 346 259 292 445 273 222 406 118 515 117 336 130 313 200 152 197 150 490 464 534 301 568 263 435 42 211 232 303 221 123 333 123 414 337 45 115 139 217 446 407 387 306 218 366 404 96 228 332 298 419 385 162 235 256 134 265 133 128 19 442 249 275 105 64 510 234 264 214 157
659 514 434 416 271 161 484 489 640 223 151 428 281 24 76 546 387 394 469 718 520 262 692 144 393 19 161 561 370 180 337 518 265 464 163 275 134 53 366 70 370 262 614 445 406 205 516 505 391 309 335 295 334 559 352 525 351 457 604 0 566 237 611 84 638 431 180 651 467 239 809 822 460 478 424 532 793 442 288 702 682 416 200 659 700 156 668 778 265 463 114 419 478 514 302 558 501 347 391 455 553 306 305 691 467 465 608 492 614 331 379 681 557 557 558 810 561 432 496 470 538 406 490 515 577 736 164 572 499 605 757 195 189 441 728 369 572 629 363 423 618 531 356 695 450 522 31 396 548 589 466
321 131 512 385 317 558 245 30 268 530 505 325 386 605 529 77 211 195 164 243 341 375 199 375 496 577 385 261 301 388 511 170 402 230 485 317 442 562 128 514 261 514 170 364 411 483 179 227 455 366 286 265 324 102 215 347 349 141 292 488 0 420 266 567 137 445 441 305 502 290 158 171 229 46 275 126 228 519 352 161 225 416 366 157 44 434 216 182 462 218 474 285 131 392 562 516 204 366 266 190 243 329 324 213 596 128 293 101 138 292 213 249 75 209 58 179 248 294 173 553 184 229 216 626 68 120 525 266 529 60 66 444 336 444 272 343 410 65 413 215 331 86 388 140 352 284 511 141 91 92 349
428 247 457 269 95 151 287 341 444 208 139 203 109 223 177 401 260 261 350 487 407 186 531 92 244 185 53 444 226 65 234 285 140 231 99 97 152 194 235 146 155 219 416 296 297 78 239 360 276 182 108 84 132 285 183 367 281 257 361 227 316 0 324 125 365 366 103 424 309 112 422 561 281 299 334 314 561 364 119 486 463 400 88 440 407 94 559 413 220 330 151 238 283 298 261 390 223 213 234 227 380 125 135 448 343 270 346 289 518 75 122 461 317 452 372 496 335 230 268 415 369 338 254 426 245 484 219 426 373 390 404 169 68 432 598 129 416 446 291 290 366 326 158 510 369 262 173 202 354 395 325
103 237 208 166 452 478 54 275 481 324 345 199 308 489 481 287 166 104 400 112 63 264 239 365 247 489 344 148 395 457 268 95 307 133 526 273 378 586 215 569 327 380 157 62 143 396 185 536 253 297 268 279 257 194 200 80 175 223 12 581 248 391 0 474 378 290 422 63 210 360 302 266 76 289 55 347 296 223 488 211 156 190 330 268 324 379 250 227 306 95 525 138 359 128 288 209 155 209 164 353 425 497 242 501 296 401 33 207 185 314 233 136 316 101 323 318 44 105 122 227 504 411 494 285 251 273 484 97 174 320 272 404 432 132 214 230 135 333 160 97 32 424 246 312 132 63 585 194 249 217 145
599 432 459 439 166 176 474 527 540 244 174 354 265 105 88 531 394 445 432 622 544 256 740 107 291 83 140 651 270 83 338 526 222 355 45 209 176 50 353 19 295 297 447 402 429 138 350 413 314 344 275 212 259 418 301 493 320 467 506 93 419 135 473 0 597 504 158 562 438 183 622 576 397 422 408 463 718 519 170 647 573 536 179 585 606 117 634 629 244 496 120 326 379 438 336 435 369 277 392 373 563 188 239 457 451 399 530 441 555 203 243 591 408 641 521 690 552 456 436 517 549 428 337 455 386 631 182 641 574 595 522 196 127 482 736 283 506 595 372 335 502 463 304 650 536 391 64 418 480 549 442
407 172 715 425 343 591 417 176 121 658 556 516 388 568 568 133 299 296 73 414 484 427 362 469 460 583 414 414 253 443 541 268 390 289 408 361 642 626 209 619 222 673 236 463 579 483 303 153 523 446 426 314 408 178 259 551 594 215 448 673 113 401 383 443 0 514 542 431 618 307 251 240 344 142 349 75 348 556 301 290 295 518 485 251 99 539 299 302 576 299 500 405 109 425 552 606 323 483 375 146 136 311 390 113 635 88 420 208 277 278 343 339 144 300 62 260 399 364 294 522 46 127 163 612 171 182 534 346 571 177 147 588 443 460 344 438 472 150 527 383 423 50 459 221 492 330 597 207 187 195 541
380 427 51 125 509 277 271 423 680 225 333 152 280 487 418 453 343 281 554 384 184 206 465 393 111 411 320 391 501 463 130 281 235 268 435 284 363 378 396 518 432 192 352 197 128 283 363 717 91 146 272 319 306 481 346 179 123 362 232 427 499 413 218 443 573 0 236 344 56 457 569 498 304 446 286 632 560 56 422 416 332 61 255 568 610 383 536 472 230 327 310 211 498 141 107 64 253 193 224 526 774 489 271 748 52 561 251 358 503 337 361 371 502 376 490 508 278 241 389 89 574 604 565 68 395 521 298 338 56 459 607 284 489 119 462 223 114 514 136 270 266 590 184 525 153 219 429 358 452 426 131
529 280 305 242 223 56 301 410 467 77 56 168 79 188 125 543 278 289 451 509 357 92 525 59 165 192 69 483 413 112 138 350 68 282 186 173 67 144 339 171 263 101 481 258 241 36 261 455 208 150 125 170 137 341 263 331 235 314 370 207 397 137 354 148 478 278 0 368 211 238 631 586 304 338 359 488 531 274 262 464 499 334 32 581 482 66 477 493 112 288 97 206 368 318 170 285 277 191 233 339 500 255 74 494 241 492 383 403 584 178 169 430 341 494 532 523 432 250 346 341 549 371 390 346 432 549 74 486 271 425 545 44 194 396 632 131 309 433 204 228 427 426 159 557 361 314 151 346 446 499 281
33 270 298 270 549 417 88 259 439 517 530 241 375 655 624 278 177 157 459 49 116 397 150 489 390 604 495 79 485 521 354 129 334 175 474 320 428 524 231 646 343 406 134 144 251 434 218 481 331 323 306 401 260 230 196 149 246 189 62 709 302 407 72 558 422 345 447 0 338 456 231 225 129 242 120 379 221 258 468 141 71 292 464 210 263 431 206 133 444 113 492 164 308 205 455 319 182 247 245 375 432 444 293 537 322 328 87 198 171 380 311 61 318 56 333 225 42 168 134 272 486 401 510 383 268 311 537 35 293 227 263 421 515 181 172 254 182 249 182 185 47 410 341 262 180 120 605 247 194 217 212
327 342 77 82 457 249 262 488 556 233 289 93 186 443 326 526 271 261 526 338 160 172 521 345 77 430 327 334 500 387 87 262 215 229 331 241 285 457 365 471 402 201 384 196 67 265 331 622 51 128 180 360 205 328 303 173 53 286 237 344 430 322 274 480 563 57 259 329 0 448 424 519 259 352 243 430 506 56 430 444 371 71 226 483 480 327 547 468 141 273 316 188 481 99 95 94 297 179 144 462 686 518 198 693 79 452 216 361 425 347 239 342 422 405 563 544 269 187 307 100 683 504 570 110 358 497 266 315 97 535 472 197 330 114 526 160 131 452 123 205 242 535 127 465 127 216 463 292 430 355 80
396 208 543 281 28 255 409 288 341 271 238 319 208 279 196 339 261 267 225 396 427 287 524 168 363 269 151 436 148 141 308 321 239 253 157 134 254 252 190 209 78 335 429 406 332 197 200 268 367 273 169 84 201 221 238 480 357 240 359 317 343 99 409 210 302 452 226 413 414 0 402 511 363 294 370 222 489 452 37 397 435 390 188 537 366 180 535 404 293 288 225 318 234 359 317 441 235 289 238 136 266 60 240 296 514 208 348 269 479 90 185 544 265 441 374 528 335 324 276 526 361 189 145 547 241 463 273 393 409 368 375 246 71 381 465 182 496 398 373 268 438 285 274 496 413 368 222 226 355 334 359
211 266 465 473 578 526 242 142 370 514 680 367 525 746 536 120 244 240 344 197 308 431 65 514 519 660 503 132 401 638 565 232 526 284 617 442 719 754 256 759 333 499 138 291 382 524 279 440 490 547 383 405 379 222 332 375 455 207 254 791 193 543 313 640 250 591 624 244 581 459 0 11 230 177 282 284 32 461 503 63 128 526 489 11 183 546 71 62 484 205 628 370 324 409 616 576 293 419 344 424 421 597 406 442 621 256 214 161 54 381 335 165 203 173 217 29 207 293 240 472 313 336 442 497 194 73 592 200 436 115 113 608 598 359 101 465 458 124 407 335 248 199 394 58 448 306 590 229 103 113 368
184 313 568 459 422 636 298 132 443 649 524 389 416 616 597 123 274 328 355 215 322 542 68 576 491 749 604 141 499 620 564 266 417 360 545 371 630 648 300 616 422 511 147 296 462 633 278 322 551 449 417 407 478 252 322 392 461 221 254 648 195 562 284 579 300 497 554 223 459 489 13 0 224 181 249 300 38 439 481 70 172 489 614 21 142 562 76 63 584 215 665 321 294 396 507 591 287 435 416 378 318 589 542 341 654 283 269 172 54 361 321 202 203 161 191 15 223 279 220 468 277 322 394 580 184 52 660 224 459 130 128 567 531 397 100 425 417 99 443 310 269 242 521 58 440 301 731 234 121 134 448
160 216 299 156 336 341 29 238 471 335 416 192 265 481 374 277 92 35 350 122 109 256 192 337 234 477 319 157 368 395 223 27 238 99 351 201 378 418 153 526 217 308 126 95 167 282 100 326 227 231 221 284 207 175 133 147 226 113 73 562 252 351 76 475 316 331 331 95 295 287 240 297 0 162 22 311 261 255 382 174 129 232 319 228 234 318 279 213 367 42 437 98 283 179 301 279 65 173 121 323 437 387 221 429 350 310 34 132 211 270 167 165 229 125 286 260 65 81 71 235 455 308 386 390 184 301 411 97 283 251 235 334 382 210 287 181 171 241 158 71 103 271 195 293 178 35 501 139 176 192 190
269 60 458 296 344 417 194 56 257 408 433 353 284 535 511 109 145 156 165 275 277 345 197 397 352 475 398 224 221 423 417 145 365 162 464 255 537 537 110 394 195 452 149 256 386 361 125 249 402 320 271 202 248 46 172 370 367 90 287 499 49 270 293 381 154 507 376 225 366 299 178 198 160 0 189 132 221 475 331 163 207 439 420 206 102 441 224 172 478 163 428 248 113 299 423 408 173 314 283 217 264 268 345 245 454 106 200 68 159 194 216 210 37 219 101 193 255 224 129 467 186 221 178 587 20 166 427 232 455 98 131 482 347 448 314 282 316 111 332 208 246 98 269 180 367 202 498 84 81 80 290
121 231 258 179 376 399 7 252 544 325 330 155 282 468 482 287 114 42 404 142 111 273 228 397 236 558 309 153 382 383 288 46 245 97 401 219 410 451 201 457 239 320 125 76 145 310 110 429 208 268 248 288 170 169 133 146 203 146 65 500 276 271 54 518 408 262 357 90 221 307 287 262 25 243 0 305 246 240 399 193 160 263 365 292 349 424 226 225 333 66 451 73 353 125 326 222 96 134 111 354 392 420 251 434 302 333 25 135 213 286 191 138 252 142 338 314 53 57 85 227 380 415 326 297 186 322 380 96 255 236 305 386 389 162 271 170 148 241 131 61 73 329 227 282 127 15 435 190 173 184 154
401 140 569 444 270 402 381 155 122 415 391 413 330 533 532 209 242 264 16 358 410 445 305 464 533 571 393 332 139 318 504 325 323 317 343 272 478 451 139 454 172 575 298 329 380 385 187 85 393 370 359 229 290 167 234 533 502 183 339 462 114 357 349 428 94 502 477 403 495 213 282 293 268 106 370 0 306 563 277 292 289 513 415 287 127 342 339 264 466 286 423 333 24 484 536 571 223 309 322 96 122 238 374 120 624 9 377 163 282 204 245 336 83 351 106 268 385 287 239 573 110 66 97 611 134 253 462 375 598 209 181 494 295 577 416 337 472 167 396 297 431 94 412 275 424 321 560 172 184 210 448
200 298 425 438 533 584 307 206 411 533 572 463 475 752 575 132 290 249 321 157 280 565 51 655 535 749 531 147 424 580 513 250 477 278 591 354 595 585 268 697 444 573 130 293 435 558 323 408 531 497 492 428 451 251 383 396 445 227 260 670 225 599 236 697 268 567 570 186 486 473 40 45 220 263 236 328 0 550 525 57 130 470 638 21 229 608 29 55 577 270 727 390 303 429 635 462 335 473 406 479 468 583 552 377 574 311 245 210 60 499 354 156 229 165 274 51 230 280 250 412 321 379 421 597 249 114 658 178 514 140 165 509 462 460 56 421 381 150 368 285 208 259 473 80 390 304 637 309 160 143 423
343 400 32 109 527 327 231 518 748 238 306 115 297 393 336 421 240 241 583 338 126 214 374 385 132 400 323 389 455 374 153 231 239 205 415 329 347 432 367 540 450 233 379 158 75 275 284 614 106 141 290 392 261 349 320 140 79 330 202 447 440 317 239 437 512 55 318 256 51 457 536 523 217 409 229 570 427 0 399 367 393 20 305 423 438 367 481 382 196 238 371 163 579 90 144 40 239 200 185 586 640 460 229 684 97 486 249 372 392 346 272 346 450 301 501 520 241 222 326 50 686 548 569 101 335 546 371 304 30 420 436 274 419 65 446 226 82 520 95 212 260 502 194 455 80 190 433 361 442 430 94
516 210 539 366 3 235 377 370 335 303 264 325 235 277 210 399 279 332 245 549 452 276 434 155 395 253 145 464 148 129 386 313 254 323 110 151 272 244 199 196 118 358 467 355 332 173 267 271 399 277 211 128 207 310 260 423 419 323 404 234 359 107 376 174 392 394 216 428 363 32 548 575 395 285 363 303 618 537 0 479 420 527 217 502 346 191 540 513 272 389 263 346 275 455 383 426 318 297 261 160 359 24 256 307 457 227 419 358 414 109 200 419 258 486 319 472 400 359 360 587 319 232 181 464 245 401 309 512 423 451 452 278 52 543 545 222 424 392 330 297 479 302 250 438 390 359 247 216 378 335 360
136 273 418 377 400 471 222 147 370 604 559 378 433 599 666 157 250 190 314 111 276 479 36 488 471 716 497 69 412 530 421 150 419 222 642 323 628 688 291 550 353 481 84 269 407 456 195 397 440 425 386 343 395 231 295 269 439 177 186 763 203 422 185 648 259 396 472 142 439 452 74 71 213 189 220 261 57 419 520 0 61 456 472 72 202 539 57 11 508 172 571 323 268 328 459 467 202 311 303 342 398 499 395 384 484 297 168 129 20 323 357 85 191 83 232 106 140 267 170 426 306 425 372 488 222 139 679 129 363 120 180 470 568 383 74 376 313 166 362 246 190 258 405 123 287 195 593 226 108 89 337
63 230 412 317 461 452 141 211 528 562 547 330 361 550 609 168 184 195 340 43 223 356 86 534 421 560 463 30 464 483 385 130 325 189 472 342 481 519 247 663 315 476 68 171 334 444 189 411 362 437 377 320 371 203 258 199 312 162 117 723 184 367 151 617 384 417 410 77 363 409 159 142 126 198 163 321 152 311 396 76 0 351 513 122 223 506 119 77 526 140 636 229 342 231 422 403 160 295 278 404 400 467 423 401 406 342 134 125 74 326 266 47 216 23 290 190 102 210 145 368 421 429 386 469 232 179 455 41 342 160 222 452 537 256 142 287 274 212 306 222 134 260 385 152 237 149 622 224 122 118 290
309 397 26 108 402 352 201 511 569 258 384 151 287 478 400 556 318 235 608 337 149 213 454 314 155 411 398 388 486 374 143 280 247 225 525 343 333 514 388 437 360 226 390 150 89 367 372 651 119 208 289 320 264 327 337 150 102 368 219 505 415 362 206 457 582 54 351 312 70 383 476 525 243 473 241 464 472 18 520 478 287 0 351 479 537 346 464 480 228 276 428 214 444 90 153 29 309 211 212 510 625 528 259 612 97 444 238 365 474 333 266 333 396 300 489 547 282 203 303 27 737 659 629 83 476 461 286 339 7 411 471 316 515 78 490 243 75 572 141 211 264 622 171 495 82 223 515 354 355 410 112
481 320 316 234 208 95 301 368 528 96 74 231 76 144 101 558 309 300 400 528 396 98 476 42 163 195 57 488 340 120 140 347 77 239 158 112 85 141 297 152 229 159 418 245 241 14 278 372 199 122 104 184 104 270 238 374 241 270 357 201 487 87 364 142 413 343 30 370 275 174 569 533 361 399 346 437 478 280 216 566 469 284 0 491 462 61 580 420 105 346 92 270 378 251 195 394 261 172 213 305 436 210 79 449 294 403 385 318 557 130 162 518 332 400 454 640 363 249 336 353 549 423 398 385 352 506 109 379 289 383 478 73 140 368 628 120 283 494 271 228 337 477 129 596 276 262 165 304 445 467 248
212 277 487 378 475 669 258 139 361 642 657 421 416 706 582 110 295 292 331 179 361 466 51 535 446 616 625 119 393 634 547 216 456 315 592 467 644 624 311 585 407 535 139 343 496 619 310 347 449 504 442 376 437 264 371 391 465 243 237 772 189 573 311 601 277 495 616 234 487 483 13 24 250 199 264 320 22 486 534 61 151 455 620 0 207 557 56 56 630 218 585 311 297 383 663 415 308 392 403 419 422 514 555 360 482 344 296 181 52 390 338 161 244 143 226 32 240 345 196 493 297 372 442 566 227 67 590 199 442 146 125 688 553 395 69 411 449 128 365 260 231 241 505 71 338 245 737 311 116 131 371
300 149 468 440 331 591 336 68 236 595 474 361 358 562 509 53 275 251 148 283 415 533 211 416 591 630 493 253 292 401 450 233 445 260 549 349 499 580 225 532 312 568 158 341 441 406 240 230 502 409 391 298 349 144 241 481 473 188 336 667 50 417 363 586 96 483 505 281 522 297 144 135 233 89 273 146 197 564 331 195 230 458 422 151 0 481 217 183 463 266 493 311 148 391 511 628 274 374 423 243 248 412 456 209 579 126 274 152 197 322 275 287 97 210 32 158 336 303 211 547 132 229 257 655 121 122 571 231 456 56 55 535 360 508 298 363 445 49 469 273 319 68 441 125 377 305 668 226 109 128 375
431 367 379 233 191 92 345 462 461 125 83 287 121 118 69 488 339 365 463 515 431 153 569 9 231 139 43 510 268 66 227 368 116 234 94 186 80 105 328 117 208 192 508 357 339 41 277 376 243 189 164 151 190 377 300 454 249 297 371 153 476 102 414 110 460 369 60 512 321 209 567 653 343 354 406 416 560 412 159 522 438 440 48 667 447 0 621 512 156 399 79 243 447 341 217 467 268 191 225 347 497 212 151 493 356 470 392 368 500 143 193 499 409 421 470 551 439 274 346 367 595 370 311 329 345 576 120 471 382 427 482 101 102 447 572 203 333 497 271 351 509 432 216 636 408 310 113 315 482 507 360
173 336 528 377 472 573 284 219 459 504 629 439 516 672 759 187 306 257 339 148 354 516 25 557 443 661 573 91 545 594 544 228 426 360 679 383 551 752 334 576 436 564 144 309 437 493 265 483 419 496 432 457 417 266 342 328 409 292 229 794 264 568 278 699 305 436 634 204 455 480 70 77 211 261 216 321 32 502 504 63 117 441 618 63 214 579 0 46 671 238 691 340 378 418 542 395 300 358 370 444 444 636 532 479 531 343 220 211 71 426 439 137 303 129 247 84 237 297 258 448 348 364 514 503 269 123 604 141 470 206 159 533 500 361 26 368 339 189 398 311 256 320 407 145 384 273 602 267 145 175 425
154 216 435 348 548 627 235 158 483 493 486 389 435 643 562 157 243 214 358 110 281 502 22 595 415 617 489 95 417 520 442 209 399 257 546 315 543 584 225 569 337 605 92 235 400 581 252 465 449 468 392 421 328 209 268 329 383 177 204 623 182 483 221 625 279 449 547 151 375 485 65 76 190 225 217 287 61 484 567 13 92 489 578 55 184 500 45 0 476 181 631 260 334 304 570 387 268 342 333 339 355 469 488 430 443 268 221 163 24 343 324 115 246 92 253 95 162 289 171 475 395 360 466 569 185 120 630 123 380 118 172 577 476 415 71 435 310 143 394 233 182 233 418 98 283 241 610 273 90 115 310
510 407 230 182 272 106 293 462 514 37 87 175 141 215 174 517 282 274 458 411 357 94 641 140 98 290 163 567 428 255 95 301 106 266 248 250 136 260 373 250 292 17 461 325 182 141 315 571 118 81 173 265 184 409 253 361 168 368 408 267 460 213 385 304 518 225 82 398 180 293 581 566 303 513 332 540 588 208 355 510 407 249 137 620 518 170 555 558 0 321 125 246 476 221 91 220 265 190 196 414 581 369 118 639 195 515 322 484 554 219 238 516 373 391 477 701 354 285 350 286 511 438 439 201 483 617 93 417 221 451 500 79 290 286 544 157 265 525 237 322 322 589 125 559 290 314 248 332 448 420 211
182 163 364 173 310 410 63 172 378 315 334 168 240 557 421 250 62 50 315 154 145 226 227 297 292 537 292 168 374 362 266 14 297 83 361 168 364 444 138 485 235 364 99 126 182 329 74 375 286 228 189 215 183 138 119 177 230 76 115 464 169 272 113 400 264 295 292 136 251 288 245 257 34 170 69 231 213 292 307 197 127 237 349 241 251 332 224 191 357 0 470 115 265 210 327 283 53 146 151 292 397 339 264 428 357 262 68 99 173 191 132 160 197 119 299 257 89 92 38 316 350 291 335 318 128 263 404 121 282 183 215 372 370 246 256 167 191 190 174 77 143 295 196 227 216 83 439 101 163 126 227
556 372 367 287 233 38 460 467 616 91 39 268 192 99 56 619 314 355 472 650 403 184 678 91 252 113 124 547 425 126 234 491 167 364 178 203 14 108 362 115 326 135 439 444 327 91 336 561 277 212 231 290 265 363 367 475 295 423 432 110 586 202 460 141 508 371 81 484 270 277 734 742 465 506 399 524 684 336 278 548 550 380 98 741 662 74 586 618 141 364 0 294 430 396 194 372 349 259 333 427 542 313 150 588 283 478 438 434 693 239 309 531 419 563 565 664 402 319 459 360 657 422 428 376 477 537 40 462 395 557 554 78 220 475 641 220 394 517 318 417 412 591 200 564 373 458 110 385 492 529 383
260 216 206 79 305 343 85 274 433 236 304 76 185 435 393 311 84 73 295 259 125 138 288 306 194 377 281 275 333 266 179 107 155 52 384 140 297 446 187 364 215 307 192 78 117 216 143 355 121 172 118 186 108 191 88 185 117 147 157 357 308 205 130 346 356 218 240 180 196 300 286 378 103 224 90 283 360 163 368 289 259 196 262 361 375 305 382 306 208 118 349 0 279 139 234 218 68 62 36 394 400 334 152 499 219 279 125 209 327 183 145 257 213 174 403 417 145 26 137 240 512 405 417 309 247 340 297 186 229 317 301 278 333 169 294 114 136 337 66 41 170 358 121 327 151 82 348 169 290 241 110
309 114 477 368 241 397 343 135 170 491 408 412 359 558 484 201 248 278 36 406 413 365 300 406 453 563 385 293 169 320 445 264 392 273 340 227 453 452 119 400 145 531 242 305 448 385 166 92 492 343 329 214 302 143 190 488 484 142 306 578 127 338 376 443 103 591 418 370 481 193 243 270 268 108 309 23 293 559 274 297 320 504 368 308 126 376 354 338 425 280 491 303 0 388 489 493 218 333 362 104 129 298 339 172 590 23 320 146 302 265 199 406 77 301 119 291 316 334 225 512 117 100 123 622 110 247 493 302 518 179 158 433 263 529 409 350 483 156 414 232 413 87 417 264 491 276 529 146 181 180 430
196 321 128 79 431 295 141 407 595 246 291 94 251 402 348 458 239 147 443 251 86 183 375 359 156 458 330 262 419 365 174 175 257 183 369 248 416 428 312 532 330 283 249 65 62 322 213 606 131 185 245 375 223 316 220 89 93 264 145 449 340 323 123 447 452 119 317 166 123 429 385 372 142 358 135 416 373 93 389 349 281 81 316 345 486 365 355 348 298 220 321 134 435 0 216 112 213 167 111 456 497 464 206 597 167 478 153 320 378 291 216 257 362 277 422 414 174 140 266 98 468 444 426 192 379 367 331 245 97 413 498 279 406 53 433 174 26 461 60 126 137 478 159 433 17 139 398 306 281 300 46
490 409 143 161 394 196 303 548 684 115 217 163 166 264 250 548 279 297 469 391 247 103 528 232 50 376 260 437 509 341 65 348 145 265 310 219 194 266 323 391 329 78 390 280 160 239 365 615 97 94 180 307 246 405 246 320 116 435 279 353 448 267 279 368 596 122 151 396 95 390 490 485 305 426 277 583 585 156 379 543 461 170 225 544 478 212 592 471 88 368 235 201 573 227 0 167 279 191 205 572 584 457 146 601 92 462 311 485 475 327 260 372 500 447 638 693 406 290 395 217 596 583 592 142 422 512 181 349 209 509 610 139 369 207 664 188 222 615 174 276 369 506 162 614 253 296 377 345 489 467 144
318 478 22 161 550 360 208 450 776 251 392 160 337 479 366 564 344 300 488 293 170 217 411 407 196 593 459 345 643 401 160 294 278 244 511 294 357 467 454 545 422 269 337 188 122 382 347 680 131 211 288 424 281 421 288 170 153 431 208 440 448 407 249 441 690 77 289 295 82 454 445 446 240 529 224 605 567 47 435 469 382 26 331 511 486 411 398 431 258 327 437 188 608 122 203 0 264 195 192 528 680 462 279 704 141 584 260 459 473 442 326 287 434 295 559 591 240 258 309 15 737 504 551 90 411 556 337 328 19 507 558 345 434 76 495 251 94 570 170 256 268 508 239 564 114 234 504 449 472 372 108
215 155 313 149 329 380 106 188 469 355 345 167 187 471 427 251 18 39 304 194 159 233 300 260 269 411 261 237 324 322 274 54 237 30 319 135 351 372 87 373 159 343 125 144 159 268 55 353 254 218 168 175 151 101 55 192 218 79 173 522 235 274 124 375 290 289 233 193 287 229 291 256 70 167 81 294 249 225 290 254 172 288 275 257 253 329 243 269 263 56 343 78 267 214 308 319 0 123 113 327 352 355 178 391 347 222 92 103 219 161 91 224 160 186 243 306 142 57 73 289 367 343 282 405 139 259 349 148 257 216 250 331 255 238 339 145 205 246 173 44 182 294 156 239 214 97 358 103 169 193 202
314 215 190 82 309 245 161 348 549 196 240 64 92 280 231 354 128 129 385 288 176 82 333 239 118 315 196 267 368 248 118 156 92 86 321 124 227 287 203 275 209 165 287 144 100 195 162 454 102 85 80 153 86 190 113 195 102 196 173 300 358 176 208 334 451 217 185 277 132 296 464 361 139 259 176 400 355 166 327 372 285 189 186 406 436 190 375 316 186 195 235 63 330 134 170 229 131 0 35 321 467 356 89 546 195 355 183 238 388 147 100 344 324 322 335 419 206 101 166 238 401 395 346 237 236 431 206 250 236 321 401 204 295 233 430 36 184 371 95 105 247 427 35 345 137 154 331 198 299 353 99
232 208 182 75 307 297 125 338 496 244 238 56 135 382 275 397 135 99 382 297 138 127 293 276 124 361 225 294 314 247 126 150 151 85 345 122 309 362 202 314 217 196 251 96 81 185 154 357 122 111 110 200 108 242 87 162 102 153 174 444 299 219 162 372 348 223 223 240 158 289 360 423 129 231 132 370 365 171 294 309 275 162 191 418 364 291 401 308 214 131 339 29 329 116 227 236 117 35 0 294 485 304 106 448 211 303 154 187 295 203 121 279 295 206 403 440 168 56 188 211 478 385 396 281 206 436 307 191 192 377 379 255 241 198 330 71 141 292 77 62 214 426 74 333 139 88 427 157 244 257 81
407 137 598 456 196 385 424 205 145 489 467 367 349 422 379 241 244 302 87 417 485 344 395 355 387 457 289 482 50 308 517 318 309 291 261 273 459 368 155 361 107 437 321 440 444 293 265 66 415 442 294 190 309 192 270 425 433 231 404 487 207 275 418 354 183 464 422 459 465 168 428 394 330 174 333 94 465 530 183 376 410 606 295 416 232 310 409 405 479 290 415 336 109 395 417 612 266 341 377 0 164 195 364 186 527 116 364 273 336 206 235 381 161 395 215 403 394 290 305 610 205 50 18 612 213 359 440 348 571 274 267 358 212 518 392 365 498 230 396 344 420 179 407 289 409 341 455 224 254 295 378
477 234 596 557 324 492 445 311 18 500 645 449 430 594 585 304 362 364 129 554 553 475 411 525 574 603 483 439 209 366 655 393 505 369 422 325 662 569 323 441 309 612 345 494 488 467 379 79 560 474 384 296 415 261 423 572 609 270 603 539 217 440 459 420 122 626 560 471 697 336 345 365 428 241 491 127 366 620 291 356 424 576 418 362 200 474 497 460 603 395 613 439 177 565 608 626 339 412 526 138 0 364 516 19 641 125 518 316 399 334 362 447 239 455 167 345 465 411 424 668 101 94 164 702 242 372 532 402 567 248 267 488 408 721 467 454 525 315 554 451 487 177 467 277 507 490 636 278 359 291 598
445 224 528 359 30 328 403 357 354 306 274 346 217 231 222 471 332 375 231 470 423 319 616 213 396 270 197 599 154 140 329 348 288 316 140 210 241 243 213 201 123 378 479 410 380 225 326 272 340 377 246 141 239 284 231 497 438 287 434 281 306 137 510 182 331 542 273 491 383 46 462 478 392 301 377 225 476 437 25 444 488 487 208 460 427 178 633 489 346 370 232 392 242 379 430 491 339 313 275 199 326 0 245 280 551 307 439 326 461 166 239 481 301 430 345 462 380 384 384 494 317 213 199 499 349 438 360 419 488 394 448 277 71 573 658 254 464 443 422 286 432 306 263 470 465 393 274 218 393 416 455
441 285 273 150 256 125 274 345 454 134 146 104 15 215 219 401 169 184 401 399 270 48 383 109 147 265 109 386 297 162 97 229 20 180 222 86 140 233 237 261 237 147 294 239 184 106 215 355 135 82 41 141 69 224 156 302 123 253 268 304 428 105 312 236 404 275 87 337 194 187 541 509 254 331 266 318 474 251 247 363 387 270 78 481 384 125 519 457 146 206 171 169 339 231 188 312 179 89 124 387 499 253 0 422 244 417 269 308 417 120 117 392 278 301 376 476 314 167 226 271 450 430 306 261 297 536 196 282 302 411 378 128 178 304 463 48 240 420 187 207 298 385 51 532 245 222 271 240 408 312 158
481 286 724 517 319 517 417 292 35 624 644 468 415 520 599 277 415 413 124 417 533 537 472 482 616 592 533 527 220 472 661 399 488 354 466 352 674 566 254 450 244 654 380 607 586 570 351 93 691 652 480 324 382 294 343 681 624 323 494 535 249 478 534 479 125 637 468 591 613 338 328 327 458 286 476 138 367 693 291 400 524 775 526 364 236 468 434 395 714 438 581 547 158 524 707 584 355 492 494 185 20 331 521 0 626 160 487 325 426 377 407 440 253 439 169 327 523 391 414 588 87 135 147 682 263 335 631 449 788 284 234 579 391 741 535 450 603 259 607 441 546 168 481 277 607 500 512 293 328 297 552
453 482 90 186 531 272 335 596 704 232 229 178 233 389 296 492 318 345 677 374 220 186 534 317 107 418 289 476 647 402 106 343 245 256 455 315 265 405 350 445 499 186 510 265 128 332 382 537 113 150 261 331 304 369 371 243 149 385 290 418 565 344 300 468 705 55 223 402 79 514 583 656 296 540 287 509 497 124 409 453 384 130 310 573 507 360 481 572 143 338 255 234 629 210 97 129 354 247 216 606 734 476 221 683 0 549 360 464 525 314 348 388 544 436 576 633 354 279 426 132 622 511 529 75 450 627 219 399 123 485 676 234 452 212 497 240 209 598 158 278 302 581 215 674 168 283 407 415 485 480 147
388 133 642 378 267 507 335 167 168 487 438 367 402 567 517 204 253 318 22 429 431 481 352 399 434 490 321 395 177 362 442 276 422 287 379 245 441 403 136 449 158 534 219 361 479 404 194 109 438 487 293 215 280 133 265 432 470 182 348 442 98 304 316 430 82 639 478 347 439 272 293 271 348 125 284 8 312 575 247 257 352 590 376 304 115 463 339 313 546 286 436 378 20 441 573 517 240 323 376 119 119 305 330 141 621 0 310 173 280 285 261 357 90 319 96 299 295 294 267 642 109 79 119 544 130 266 475 373 473 172 168 540 301 431 404 382 537 149 461 329 425 76 329 226 395 301 459 167 177 198 500
116 204 248 181 338 469 21 261 498 413 335 153 298 480 439 291 102 65 357 106 106 316 240 372 269 475 371 139 413 414 241 56 285 108 390 244 498 489 177 476 292 349 108 71 169 374 142 487 243 250 275 328 208 198 174 114 232 159 43 571 273 319 35 488 386 282 360 72 286 340 265 230 33 212 28 381 240 205 377 168 137 264 365 223 296 419 214 179 366 80 497 102 320 143 304 260 110 158 151 425 440 361 234 445 341 296 0 148 172 243 220 121 268 104 290 310 29 90 122 229 477 432 406 317 181 257 462 67 211 282 323 413 380 197 226 217 181 295 138 95 49 337 208 301 156 41 431 192 162 161 171
171 95 433 284 316 454 177 71 327 452 470 234 292 595 494 144 99 114 210 156 249 326 161 453 397 466 390 188 294 373 370 117 330 143 463 251 509 517 101 522 238 404 72 202 262 366 94 322 388 322 231 249 218 72 133 263 295 59 215 508 89 363 167 392 233 475 339 168 363 317 182 196 143 73 174 214 185 422 293 124 151 331 364 203 159 390 193 130 365 88 482 167 156 308 486 457 124 235 236 259 304 378 285 297 523 163 145 0 129 240 204 160 106 143 170 193 144 193 55 440 268 288 289 509 50 191 529 143 424 106 164 371 309 354 231 238 331 113 307 142 234 200 285 156 282 166 587 88 72 55 265
156 277 426 351 531 574 238 117 352 557 643 392 468 727 678 114 227 205 274 130 240 486 49 504 454 613 469 114 406 592 432 196 386 235 567 315 599 605 213 638 339 521 87 237 420 545 256 356 475 370 441 350 427 192 265 349 427 184 224 574 162 425 200 677 232 405 500 144 437 476 52 70 195 166 180 262 69 467 443 22 84 372 431 46 184 556 76 24 602 205 664 262 288 339 487 414 199 346 273 354 343 524 433 439 584 240 214 140 0 361 340 113 179 118 229 74 175 226 161 455 347 365 362 506 164 114 654 114 413 98 152 551 443 335 87 418 303 111 336 209 191 223 412 96 356 264 573 263 83 84 313
409 182 370 228 134 201 299 254 310 223 208 235 114 289 243 357 165 203 233 325 295 156 424 173 224 287 141 354 185 157 219 197 133 169 167 50 204 227 114 233 80 251 290 233 274 154 177 317 227 246 93 21 80 171 104 396 259 209 296 252 301 85 336 264 273 357 194 401 289 105 464 487 266 254 221 258 459 353 124 340 383 368 134 429 327 172 400 401 231 240 222 171 215 313 310 409 170 173 178 193 323 145 113 367 412 240 282 271 430 0 79 321 183 305 305 448 268 165 224 454 368 216 198 470 227 405 233 357 325 274 305 202 137 357 425 127 311 304 251 212 288 324 193 395 291 280 312 168 309 270 274
284 144 282 186 203 266 172 254 433 221 231 156 120 298 259 262 98 126 226 275 283 190 295 190 204 349 187 364 250 192 209 182 159 91 256 43 320 307 86 282 98 307 207 199 221 194 107 291 201 160 80 80 55 148 52 292 179 143 252 392 223 131 218 319 320 338 182 241 300 155 307 312 159 199 186 236 345 263 202 334 253 316 148 358 348 224 324 322 283 176 261 108 256 221 256 334 115 101 112 193 313 182 124 357 341 258 219 201 358 63 0 310 192 278 320 390 244 107 147 373 302 297 270 363 152 313 247 256 288 235 281 210 192 311 440 88 299 287 210 113 242 255 155 399 221 177 297 108 280 254 189
19 259 364 250 544 586 125 252 465 554 553 262 341 730 542 242 194 164 432 8 185 424 96 557 395 717 471 21 401 466 366 125 381 229 548 299 531 683 316 647 369 479 99 204 312 505 252 434 313 415 353 430 398 215 276 225 270 249 143 757 226 390 149 514 353 394 514 60 369 507 141 211 137 232 162 412 162 280 435 113 43 339 490 168 331 555 142 110 512 140 580 232 317 284 471 370 208 289 280 447 476 531 362 456 419 364 129 173 121 373 313 0 296 40 281 208 104 214 166 290 399 457 522 389 266 194 605 49 283 210 293 439 490 282 130 291 225 266 295 230 115 385 380 205 200 152 573 226 173 196 265
319 53 456 383 299 448 210 82 247 427 451 295 345 518 381 118 151 206 118 255 377 380 297 426 461 484 333 283 195 404 407 174 385 173 400 200 423 389 78 470 169 389 182 325 337 343 138 153 390 347 306 203 252 53 166 382 310 108 264 523 73 283 292 443 125 454 409 331 483 256 219 218 214 36 271 80 288 369 306 196 276 404 332 230 122 390 276 256 402 147 538 211 72 424 510 540 191 279 250 167 236 261 349 200 462 91 236 91 217 198 188 290 0 250 93 261 222 197 118 506 165 147 167 613 45 178 507 288 428 130 169 356 339 358 281 288 323 136 383 221 272 101 286 211 420 235 553 89 142 143 312
55 231 315 315 396 440 110 209 428 392 463 318 351 684 512 237 166 149 371 37 181 311 115 457 360 680 494 39 491 567 382 98 325 209 487 322 514 542 268 672 364 510 67 194 312 420 171 414 296 356 290 310 263 188 214 176 314 176 107 614 233 374 124 520 361 408 480 54 396 397 166 150 107 217 141 362 172 323 520 93 22 358 467 157 264 421 116 99 438 128 606 196 304 224 443 334 170 287 240 420 482 501 297 397 476 375 106 155 107 377 257 37 255 0 240 191 74 188 123 333 356 386 352 423 212 176 529 28 334 213 201 493 485 263 142 311 238 206 235 197 84 275 266 220 251 145 691 190 137 117 275
332 169 561 391 412 570 299 82 201 560 618 413 387 504 525 96 273 315 110 267 433 406 267 557 484 674 399 299 301 501 514 307 401 266 470 368 607 542 219 589 288 519 198 341 476 464 224 192 547 472 351 328 372 176 242 464 435 188 397 695 56 418 348 614 69 514 548 367 527 312 229 165 324 117 328 100 245 570 340 239 242 589 474 204 34 449 223 213 601 215 630 333 113 456 620 591 232 412 370 211 199 379 391 202 531 107 291 179 198 332 315 304 114 281 0 182 330 276 237 552 97 204 233 673 116 133 611 336 495 96 70 569 393 459 320 369 496 90 403 325 328 31 432 142 509 326 583 207 156 141 479
245 302 534 461 448 729 331 135 457 709 621 460 513 767 740 122 246 322 362 237 327 477 92 589 625 765 615 160 469 570 551 291 558 357 560 458 722 681 286 647 429 728 173 353 465 597 296 355 574 596 529 363 389 227 314 352 544 248 289 726 208 502 274 660 280 620 516 247 604 521 31 18 301 220 279 270 60 451 436 113 151 588 499 29 188 504 84 75 550 286 592 322 251 403 507 605 326 410 419 430 414 531 517 369 676 262 287 188 74 368 333 223 280 217 175 0 275 295 237 515 329 411 382 661 221 64 686 244 550 122 111 652 505 448 97 374 485 118 484 321 279 233 405 49 409 355 819 260 129 150 470
78 250 266 214 409 396 57 254 551 426 385 237 286 475 429 217 128 89 341 79 121 310 185 375 273 572 343 109 463 389 262 65 296 148 542 314 447 442 198 535 290 420 109 120 208 388 137 402 288 243 282 322 240 222 171 138 252 171 48 519 226 353 44 562 399 299 349 48 323 394 198 199 67 245 58 383 220 245 372 147 103 218 314 221 293 486 179 189 446 98 412 143 302 192 341 257 149 219 153 442 542 462 276 513 348 315 35 146 148 311 237 101 281 79 282 240 0 124 116 261 409 469 361 364 229 270 433 37 247 225 250 408 473 185 204 225 171 243 183 111 44 291 263 280 187 71 628 234 188 185 165
206 194 256 114 303 285 71 236 507 314 317 123 157 358 416 276 80 41 382 211 140 193 255 330 211 468 262 231 333 291 166 94 198 49 369 176 386 357 149 336 254 290 177 84 117 270 96 343 183 162 147 183 152 147 83 160 149 140 138 375 254 262 107 429 310 211 240 169 204 265 303 290 61 205 75 360 336 213 333 259 228 236 244 356 311 310 273 252 236 72 400 28 254 154 268 275 47 100 50 311 371 392 188 472 291 362 98 152 226 195 117 206 250 190 352 387 106 0 122 238 468 357 300 324 223 283 344 189 185 304 283 280 354 210 274 114 148 286 101 16 123 298 129 339 133 53 426 122 193 213 112
170 136 296 258 311 361 101 118 445 401 345 235 255 485 410 199 52 70 289 163 180 242 182 331 354 532 377 195 322 324 307 51 232 107 342 197 367 404 89 427 236 415 68 156 247 286 51 359 238 323 222 215 222 79 113 235 227 45 163 446 134 319 150 438 318 309 298 170 288 277 229 215 66 109 93 198 242 276 334 156 116 299 357 207 182 319 204 166 347 30 460 140 201 235 378 353 56 209 152 269 366 396 224 356 324 216 119 57 158 198 174 176 162 119 227 226 108 121 0 321 287 307 292 467 99 234 469 142 346 144 242 353 291 251 268 179 261 175 213 96 146 210 271 216 227 99 538 97 132 107 239
280 375 31 139 462 414 269 435 679 319 340 149 309 486 428 451 306 306 556 267 145 241 385 456 194 503 380 324 560 474 178 290 260 272 480 369 386 581 381 457 383 288 324 166 120 403 311 631 166 246 267 392 260 381 362 118 132 393 245 456 574 382 237 520 593 83 363 246 119 413 423 471 293 423 276 511 452 52 590 451 357 29 360 511 573 452 423 402 245 278 422 238 515 87 185 16 279 256 182 501 609 588 314 621 151 497 218 448 416 332 286 374 423 377 507 459 294 268 361 0 626 507 552 98 454 471 346 269 27 455 487 342 491 58 444 285 80 557 130 283 218 536 238 565 86 203 434 369 457 406 122
454 236 680 524 377 555 455 170 105 541 572 572 433 613 672 197 381 347 111 385 439 455 356 522 615 602 435 412 233 411 495 329 564 371 549 333 573 652 301 469 287 731 370 450 615 437 350 145 483 621 408 299 385 262 331 613 509 278 427 697 191 416 494 587 47 595 601 439 611 326 268 315 393 215 427 136 345 680 358 339 378 724 579 313 161 534 395 370 567 354 506 424 123 620 574 630 388 534 397 172 98 356 499 71 706 96 428 248 294 389 326 441 211 403 109 320 380 394 322 585 0 168 217 733 246 270 667 360 667 174 208 586 488 568 444 475 596 207 494 440 440 81 554 261 566 423 503 306 263 261 518
501 164 512 419 249 459 446 244 108 562 478 432 332 502 419 255 304 310 55 378 479 492 441 370 485 524 327 462 78 371 511 296 432 362 344 297 482 488 224 452 192 466 368 462 485 360 271 30 475 449 323 218 293 184 244 582 464 273 495 561 180 256 466 418 148 583 445 407 479 228 323 336 314 177 388 71 366 593 249 391 392 541 333 343 219 428 474 372 567 324 468 431 103 413 557 497 278 404 407 47 106 225 333 144 570 74 392 257 316 220 239 395 175 335 213 356 470 307 261 669 162 0 36 578 210 310 513 470 603 260 242 381 275 636 453 409 554 254 503 383 444 171 470 331 560 415 519 246 274 327 473
451 177 514 366 176 451 397 291 138 478 472 358 351 468 377 337 292 353 94 405 533 418 491 385 544 376 365 421 50 294 521 396 324 302 346 217 492 374 197 325 147 471 347 461 522 320 246 57 522 414 302 189 289 175 305 570 391 238 516 383 252 240 427 319 207 540 403 505 496 186 400 445 339 222 337 102 459 622 171 361 407 554 360 420 264 366 404 394 519 349 484 379 98 436 572 677 295 307 386 14 148 177 398 177 519 124 368 299 339 209 228 433 196 406 193 382 439 311 317 646 201 45 0 689 227 384 466 417 619 256 266 396 257 469 410 324 517 243 449 281 426 169 351 347 559 330 351 193 288 259 434
411 548 75 217 464 386 362 627 646 238 302 238 344 515 433 658 380 373 708 382 283 281 592 447 155 523 421 488 576 530 166 340 239 282 543 322 311 511 465 521 559 240 466 253 194 302 442 695 133 214 302 485 359 550 425 236 146 452 327 408 580 349 345 472 627 53 271 339 100 422 630 569 328 528 320 546 646 87 482 587 449 107 313 634 649 350 602 506 269 331 319 290 500 155 159 84 401 242 251 541 706 518 255 742 67 698 310 497 556 471 357 417 617 418 671 539 383 258 442 99 790 625 529 0 460 679 356 358 109 596 627 291 491 145 647 284 199 612 229 292 355 701 250 584 210 306 490 415 465 561 178
247 53 408 310 288 432 185 83 307 359 484 289 241 560 434 116 125 152 176 209 323 297 225 409 325 443 337 208 255 350 414 158 315 171 403 245 434 470 66 514 177 472 147 227 333 348 101 224 360 393 276 217 243 30 148 282 330 51 230 515 76 321 223 424 169 502 414 267 438 235 195 226 179 22 173 132 202 369 279 185 230 435 373 238 130 351 289 195 410 128 414 201 119 328 491 380 142 259 270 174 309 313 334 235 500 135 230 55 162 187 201 268 44 186 133 212 208 212 91 399 249 221 227 436 0 167 471 213 393 117 145 348 362 327 273 291 330 121 267 204 244 160 266 207 355 189 427 58 88 95 292
234 278 494 396 408 555 349 137 319 678 548 442 549 713 539 65 256 264 294 234 439 590 154 563 496 621 619 229 391 510 602 286 482 373 663 339 658 597 274 641 316 673 160 331 463 492 268 341 469 561 395 409 367 208 315 400 473 246 271 674 145 484 328 538 233 534 629 251 459 468 67 50 244 164 266 254 98 540 444 112 213 603 599 86 109 525 135 110 601 227 673 335 207 372 658 593 312 434 443 370 360 563 542 283 616 238 247 164 100 403 345 266 204 191 137 63 281 346 205 550 248 359 302 674 172 0 577 251 445 70 51 584 497 471 137 397 391 74 431 337 314 190 477 14 479 312 708 262 111 94 461
585 476 379 235 299 34 365 509 708 55 48 243 176 141 108 685 428 340 449 551 387 152 528 108 170 167 132 540 436 182 177 453 160 370 227 241 36 134 435 202 295 102 502 401 303 129 370 473 271 189 171 282 262 490 372 446 260 415 463 149 595 226 440 163 685 304 98 477 255 287 639 736 472 405 374 507 596 302 314 679 575 397 97 583 533 105 663 611 109 470 41 350 538 391 197 360 368 280 323 380 676 357 176 552 300 460 475 456 609 244 258 578 472 549 636 747 528 381 462 374 715 526 435 284 500 587 0 481 388 602 705 56 235 413 677 249 368 642 288 353 428 569 216 718 396 443 135 391 597 545 310
46 237 344 267 482 538 84 216 511 424 400 229 284 602 465 213 139 152 395 48 146 295 120 398 371 516 404 57 389 513 291 99 318 172 470 285 542 549 260 644 294 517 71 138 289 482 156 479 264 301 280 360 253 198 224 164 297 163 102 526 267 346 77 544 321 312 367 36 311 471 165 199 109 225 111 361 175 320 453 112 43 253 357 210 234 513 159 140 452 94 482 214 371 209 347 308 160 249 199 402 443 528 307 500 433 327 71 137 152 308 244 55 287 31 254 183 37 160 144 308 441 342 376 427 232 256 493 0 250 180 261 510 468 232 189 296 234 255 261 172 68 295 281 243 211 117 521 205 156 173 264
292 424 33 120 507 379 195 410 646 303 374 159 259 525 478 483 304 288 579 325 137 245 498 388 134 441 395 355 537 409 177 311 272 238 508 356 332 456 424 546 371 277 397 136 117 347 331 667 142 159 317 336 283 389 259 126 105 320 197 532 517 335 197 437 641 64 363 290 77 401 491 454 220 402 207 572 467 23 540 399 325 8 302 544 450 410 405 437 278 308 387 181 471 84 157 23 258 235 201 621 770 531 259 675 109 602 202 437 435 398 356 283 512 303 537 479 241 221 323 21 719 575 590 103 413 454 339 296 0 519 554 326 457 59 468 277 83 463 114 209 244 601 200 553 93 218 412 315 389 436 110
269 138 533 435 357 601 282 32 280 601 552 444 331 618 552 23 226 272 198 219 382 371 174 411 443 615 430 223 357 471 424 178 411 284 447 286 526 603 184 574 250 542 137 286 422 435 162 232 411 374 315 279 343 155 278 313 424 154 304 676 53 385 310 610 150 572 482 271 432 386 112 123 226 78 269 158 140 519 386 129 184 428 454 121 54 549 157 128 460 202 505 288 152 329 578 415 214 323 338 283 257 403 424 277 539 195 286 97 133 357 288 207 105 218 108 128 254 269 167 516 235 278 259 475 103 92 559 186 502 0 40 469 494 451 203 382 415 18 365 286 244 136 431 78 386 263 634 174 60 49 449
298 201 477 478 467 484 251 77 282 595 507 450 459 741 552 23 281 240 224 282 381 448 186 443 452 620 487 266 328 451 521 271 480 347 585 318 543 704 252 525 335 543 161 382 395 534 197 236 409 472 454 407 425 160 265 435 512 195 317 706 72 394 343 623 148 646 554 281 517 387 114 129 233 150 298 183 149 586 405 136 244 439 458 143 44 516 197 161 490 202 528 306 208 502 615 466 291 390 379 308 234 375 430 290 681 155 280 145 156 383 340 224 138 217 69 103 284 265 229 484 155 226 269 663 139 54 673 252 434 48 0 599 484 424 194 451 468 26 461 346 333 120 417 61 473 260 545 207 92 94 415
452 391 298 203 226 29 348 532 580 39 34 241 130 165 99 601 341 341 480 416 371 98 564 85 148 167 115 472 391 153 124 420 92 235 185 228 48 151 323 197 314 83 500 330 225 78 288 473 171 118 149 216 151 436 287 391 240 402 351 195 471 155 323 204 586 249 44 486 202 264 580 599 303 427 376 406 612 302 251 529 519 338 73 608 531 89 576 595 73 359 80 237 479 272 173 333 305 192 193 432 612 244 116 658 249 426 418 354 613 245 230 454 476 445 450 576 463 289 362 324 521 467 424 307 416 560 48 468 330 597 645 0 199 327 584 194 305 526 214 276 362 554 174 482 288 325 179 316 498 511 280
427 279 418 283 57 235 316 358 376 207 196 276 157 197 145 450 273 315 335 558 435 226 485 109 351 205 96 516 184 60 289 326 167 246 60 171 200 151 259 152 138 237 388 399 389 115 272 276 348 310 172 115 176 338 281 479 380 350 454 190 332 59 474 132 351 453 182 433 363 65 458 598 327 299 423 328 630 385 62 480 538 520 159 527 478 102 610 519 256 338 189 271 278 437 298 415 278 251 290 212 373 73 197 391 352 303 444 345 512 108 187 564 269 526 393 463 378 357 295 540 398 280 212 553 335 493 209 516 486 431 441 226 0 505 619 192 399 512 309 277 417 350 270 479 387 383 190 231 460 347 343
265 403 86 131 496 380 174 425 632 303 341 138 295 545 438 374 231 246 521 294 96 258 361 448 171 594 363 318 551 466 185 256 277 204 512 327 453 576 287 525 426 333 257 125 124 359 311 525 150 246 312 425 299 309 275 78 146 289 149 610 481 449 145 429 599 127 292 235 109 392 395 456 210 400 150 537 466 67 451 300 237 72 402 469 432 355 337 420 280 232 374 168 556 63 206 68 252 203 164 498 691 505 281 663 157 472 147 381 345 382 266 248 455 285 433 469 220 220 265 63 519 487 506 193 328 463 370 248 64 366 418 376 447 0 407 260 28 384 108 230 149 558 195 430 43 185 476 340 357 396 109
138 318 440 399 604 714 254 210 490 583 536 455 415 617 618 194 336 327 400 151 313 518 51 598 595 623 589 124 463 688 589 263 459 366 652 436 598 594 372 671 371 553 187 355 382 532 284 458 524 494 469 436 439 312 338 273 474 302 221 838 266 500 220 581 312 490 610 214 528 524 85 95 237 283 261 386 57 399 529 84 110 425 533 82 214 706 27 68 688 220 680 327 324 331 601 455 265 375 353 468 555 497 416 433 584 339 247 191 107 507 453 139 316 152 288 114 200 339 240 406 353 514 493 616 288 179 610 184 446 232 177 703 605 342 0 399 376 173 456 315 261 304 536 126 317 324 706 366 205 158 424
298 224 247 121 273 181 178 354 537 176 211 80 65 297 240 333 161 165 312 339 264 76 388 200 145 302 145 344 344 197 128 225 65 103 281 77 211 270 182 256 209 179 273 191 160 123 158 393 138 89 32 136 34 238 117 272 114 189 200 308 376 138 243 259 428 225 130 331 198 248 457 361 195 280 170 344 375 207 250 349 271 262 131 453 323 210 495 383 169 165 213 91 297 209 213 284 131 48 67 295 427 251 56 474 237 316 185 231 380 142 78 335 315 258 392 424 213 123 186 229 427 403 356 280 262 442 255 307 278 323 398 183 210 208 390 0 239 370 144 108 225 370 47 444 213 179 355 209 293 292 166
262 329 107 106 499 326 149 325 693 306 330 121 220 435 388 450 264 174 462 234 77 193 331 373 200 455 326 317 445 459 158 210 261 231 527 279 358 423 300 559 440 248 281 92 89 347 279 635 142 178 235 353 282 302 268 65 98 312 144 444 402 368 111 420 541 126 272 180 125 487 403 466 185 401 145 476 387 63 450 289 301 79 311 349 427 351 331 321 264 187 417 152 520 24 186 100 216 177 130 489 628 405 264 559 166 484 176 300 362 307 306 267 382 212 459 498 178 187 254 86 597 476 571 178 377 486 411 208 72 383 386 299 425 32 437 212 0 461 84 199 152 557 181 480 15 148 528 290 340 325 73
227 182 444 452 465 573 242 56 324 524 474 398 423 541 509 9 186 240 206 271 370 419 149 504 552 607 498 189 319 440 435 247 478 293 516 280 642 634 210 590 264 631 137 335 382 407 187 263 439 386 418 373 348 176 254 371 364 176 290 710 50 471 330 607 175 589 485 254 572 435 133 102 281 113 243 180 141 503 404 129 162 499 496 110 50 504 158 162 565 196 606 338 167 398 531 554 222 320 369 292 285 412 419 279 614 152 223 125 114 334 255 242 144 193 82 122 220 257 158 574 187 292 292 562 144 74 669 249 571 16 30 490 471 400 195 343 359 0 335 260 263 113 412 69 458 259 581 178 69 61 396
273 299 171 23 389 266 141 394 571 246 281 34 170 389 405 433 204 150 368 290 141 173 389 252 121 440 233 296 370 375 121 168 156 133 417 180 310 354 285 401 338 241 261 72 34 282 227 494 75 132 146 293 146 254 187 152 52 201 125 494 364 268 151 359 434 135 236 189 102 285 453 414 172 365 111 384 422 107 343 366 315 135 242 381 387 278 337 376 225 150 276 87 380 66 195 170 173 72 71 348 575 443 168 567 157 365 169 265 301 243 210 256 280 271 462 364 170 94 181 165 560 390 405 197 281 366 312 222 108 424 416 267 288 104 434 114 86 404 0 107 164 433 113 383 72 125 404 232 312 369 22
190 175 240 112 322 327 81 230 415 248 296 106 162 470 394 255 53 24 367 192 176 226 296 323 219 451 274 246 289 335 188 74 161 37 345 132 358 399 136 365 233 320 161 87 156 240 92 342 214 206 133 184 142 129 83 175 140 112 110 445 271 245 122 387 369 241 261 184 224 318 261 348 67 175 74 288 345 186 281 245 180 253 289 337 254 269 277 286 252 67 386 39 300 153 255 260 42 92 75 282 429 378 179 496 305 328 85 139 220 187 101 237 227 186 311 329 142 13 92 232 462 362 383 283 174 284 342 133 253 295 284 301 257 177 280 145 198 231 100 0 141 342 125 320 163 58 452 147 175 224 133
73 288 263 215 477 424 71 287 579 353 417 225 301 490 583 337 190 141 372 91 86 298 195 435 337 636 362 135 438 430 286 93 310 163 541 281 546 588 264 625 368 371 143 107 187 449 196 541 212 308 317 384 264 245 212 93 194 193 24 640 272 412 27 484 397 256 444 41 221 364 283 240 87 248 77 325 225 204 496 176 127 233 371 262 293 455 242 204 343 135 441 141 326 142 388 281 151 217 180 395 451 403 320 492 322 330 54 191 192 335 241 112 305 83 413 292 35 139 129 195 438 415 421 354 265 353 476 77 197 232 318 470 483 177 261 221 172 300 178 126 0 430 256 252 151 84 587 234 252 226 201
331 161 494 442 358 508 310 108 193 573 565 364 466 536 498 129 231 324 97 294 451 448 248 425 517 523 506 282 242 401 495 311 393 346 397 320 602 507 174 530 200 619 269 419 511 383 226 157 563 397 428 323 411 179 285 443 479 214 351 560 79 406 398 540 49 571 517 334 586 354 244 189 324 108 276 85 283 599 355 262 293 621 509 204 61 407 303 280 481 250 604 371 91 513 563 641 272 344 350 181 184 312 382 165 550 69 365 175 245 337 335 310 119 307 28 220 281 280 197 521 84 158 196 615 137 195 561 321 479 110 118 599 444 503 315 380 445 109 406 290 342 0 361 181 412 283 545 182 191 183 451
324 246 243 78 287 218 196 362 472 144 177 63 83 264 219 366 198 177 419 287 210 45 377 196 80 354 179 389 424 203 92 200 58 150 280 151 198 292 195 258 278 157 319 158 116 177 223 506 99 51 64 174 98 285 138 237 80 237 255 296 320 179 197 278 516 192 130 279 148 251 477 415 197 300 170 423 413 190 244 423 386 217 121 481 464 203 407 376 117 195 231 121 415 180 121 209 145 34 81 412 490 334 58 448 197 378 194 321 392 200 131 333 354 310 443 446 233 143 228 202 575 402 414 245 295 491 228 317 179 399 374 171 226 222 535 53 213 370 95 169 252 437 0 423 160 198 321 217 318 350 104
210 258 536 438 534 583 286 110 317 656 588 488 478 720 577 49 264 322 261 194 335 484 139 498 570 702 559 217 336 594 541 222 438 320 482 408 720 739 267 696 318 623 146 310 409 474 225 375 445 429 497 358 445 187 277 358 477 197 344 720 135 513 278 523 237 488 514 240 538 505 56 46 289 169 246 280 82 485 427 127 160 534 507 66 124 530 129 113 552 213 593 334 252 458 618 470 288 401 369 385 275 465 519 329 610 254 264 150 87 372 353 247 194 181 133 54 256 329 229 437 271 325 315 582 200 19 727 184 536 80 58 523 540 516 130 411 482 57 421 311 266 151 511 0 375 281 560 218 82 89 421
202 305 113 107 429 365 149 367 615 345 320 116 257 459 487 451 190 142 524 205 67 232 373 346 172 493 308 279 530 461 163 207 209 196 388 279 353 481 323 528 327 247 240 62 72 311 275 583 130 189 264 312 278 265 236 72 112 271 106 521 352 296 98 503 586 139 265 199 106 450 443 369 144 295 119 524 386 103 482 295 218 90 333 360 378 399 411 313 311 165 433 130 411 16 200 116 224 144 123 547 649 390 205 639 219 497 134 300 290 306 267 261 388 261 488 489 174 147 264 116 571 499 466 206 368 493 399 207 95 437 500 336 372 37 348 226 17 379 82 134 127 489 185 478 0 138 552 303 320 335 66
169 208 273 142 423 324 17 264 428 295 368 143 252 530 349 272 88 43 343 154 102 267 203 308 217 456 356 188 447 380 201 62 275 92 352 235 442 410 187 520 288 364 146 54 133 319 137 460 215 219 229 254 187 216 131 125 192 127 68 533 284 311 56 490 409 226 270 116 209 348 300 288 32 259 14 294 307 225 390 185 177 237 285 310 322 375 275 238 264 83 460 77 298 129 302 204 72 128 115 389 434 421 203 509 259 326 32 186 240 246 195 188 238 149 383 311 78 63 90 210 477 331 403 310 232 349 420 98 178 261 298 288 387 141 275 174 149 322 99 63 84 284 186 282 135 0 453 165 192 239 140
570 363 476 429 197 169 500 573 586 239 168 413 246 35 76 578 434 443 530 729 535 287 623 121 379 9 161 673 431 138 338 478 271 451 105 327 116 19 368 49 351 218 542 432 464 187 365 442 308 351 296 302 318 467 341 635 364 464 506 28 506 212 511 69 569 419 185 658 394 260 799 591 416 455 441 415 647 400 264 705 695 406 166 654 562 132 686 665 254 407 129 403 535 424 328 454 375 328 349 414 544 266 271 603 479 539 481 547 605 263 334 646 556 586 600 733 631 464 460 477 520 407 382 519 440 678 146 582 426 558 545 204 169 541 839 315 535 554 442 386 532 636 341 758 559 435 0 493 502 557 485
300 48 378 261 260 306 202 154 339 318 328 217 194 365 324 184 77 111 204 232 268 288 243 325 293 402 305 289 218 334 264 147 261 108 341 142 357 339 18 357 112 410 183 219 300 310 44 275 259 321 192 151 183 34 85 321 263 39 256 400 125 211 189 318 261 332 350 221 399 204 298 291 166 93 172 185 304 340 256 237 261 316 295 309 175 362 263 264 394 103 443 181 152 241 314 399 100 206 173 181 294 242 200 282 363 181 217 78 205 142 93 231 82 223 217 318 226 160 76 323 227 232 233 485 68 277 452 208 387 189 226 311 222 365 352 196 276 210 255 112 273 206 235 220 252 171 400 0 129 170 224
188 183 391 346 345 517 175 47 310 439 452 314 379 628 585 80 175 185 211 158 298 343 115 463 375 564 429 176 333 522 387 159 369 179 531 309 478 585 170 577 236 469 60 300 400 503 160 260 422 450 289 333 282 118 207 317 317 114 257 638 80 404 230 582 232 507 459 173 376 323 100 122 167 104 179 179 135 375 417 84 129 472 478 123 103 491 144 102 538 133 606 214 165 352 503 377 162 266 305 292 327 357 400 268 478 233 172 58 86 305 233 145 141 124 123 112 152 233 109 463 267 256 252 599 105 108 618 157 416 56 93 558 356 337 194 343 401 68 361 207 212 188 399 101 337 238 632 131 0 0 341
206 170 433 335 325 473 207 63 284 549 568 358 307 527 499 76 187 165 241 154 297 433 129 432 487 531 364 131 369 489 355 141 417 179 507 274 605 484 186 635 309 511 74 305 305 448 142 344 338 455 371 343 288 116 174 345 428 122 257 680 97 435 196 570 212 473 392 185 418 396 103 135 165 83 206 215 153 413 414 95 134 446 398 135 130 477 137 123 404 161 560 285 211 340 548 398 178 292 247 263 354 399 377 297 574 182 161 64 84 287 228 190 146 140 137 153 177 227 128 424 287 240 264 465 114 118 485 139 369 47 105 431 449 310 196 343 345 75 269 188 217 153 355 80 278 240 486 130 0 0 352
236 342 108 34 393 254 141 399 519 263 303 61 217 361 406 391 189 178 452 236 127 143 372 266 99 382 268 336 454 367 127 200 203 165 411 253 278 394 261 490 314 202 300 69 19 228 260 574 69 125 154 298 162 310 211 119 51 299 164 383 446 262 141 403 421 108 217 257 89 407 466 389 184 331 171 387 430 92 401 379 304 99 264 459 411 303 333 406 193 168 316 90 462 49 182 118 199 105 82 394 550 394 172 582 159 451 159 289 351 291 195 317 352 233 525 370 186 110 211 113 612 493 436 190 290 476 328 199 116 447 459 245 319 99 441 162 60 437 21 160 203 473 117 455 58 110 425 287 361 357 0
