     0.000      2.290      0.767      3.118      5.219      5.060      6.253      0.445      2.562      3.860      2.928      5.854      2.678      1.753      1.623      0.572      0.633      3.145      2.427      1.236      6.131      3.785      1.186      2.836      4.186      6.941      4.697      6.960      5.429      2.898      4.792      1.827      0.677      1.713      0.420      2.250      4.007      3.106      6.092      4.911      4.523
     2.294      0.000      1.908      1.656      2.180      1.787      4.192      2.139      1.554      2.140      2.842      5.126      2.437      2.713      0.801      2.015      2.160      0.722      0.510      1.854      4.808      3.683      2.590      0.957      3.968      4.948      2.460      3.978      5.085      1.744      2.276      3.149      3.158      1.589      2.130      2.480      4.939      3.922      4.178      3.888      1.883
     0.705      1.760      0.000      2.525      4.179      3.806      4.756      0.793      1.627      3.918      2.677      5.333      2.425      1.656      1.209      0.611      0.209      2.552      1.534      0.841      6.107      4.395      1.376      2.556      2.899      5.846      4.899      5.622      4.465      2.311      4.955      1.500      0.897      1.933      0.340      1.813      4.187      2.935      4.908      4.942      3.746
     3.853      1.658      3.015      0.000      2.772      2.221      4.298      3.566      3.296      2.947      4.298      6.315      2.322      3.876      1.876      2.878      2.899      1.721      1.629      2.489      6.484      4.368      3.479      1.957      4.390      5.560      2.033      2.794      6.969      2.752      1.870      4.088      3.969      1.552      3.766      3.672      5.506      4.872      6.120      6.223      1.723
     4.517      2.525      3.549      2.191      0.000      0.210      2.715      4.293      3.553      1.543      3.271      5.207      5.170      4.348      3.518      4.867      4.614      2.180      3.083      4.179      3.907      3.279      4.941      1.904      5.143      4.527      0.646      1.605      4.877      3.208      0.816      5.521      4.606      4.085      5.199      4.009      5.302      6.187      4.698      4.213      1.126
     5.179      2.061      3.637      1.910      0.230      0.000      3.541      4.235      2.963      1.155      3.435      3.977      5.110      3.884      2.904      4.976      4.655      1.723      2.740      4.013      3.794      3.727      5.532      1.922      5.493      4.952      0.698      1.898      5.449      2.756      0.758      5.305      4.198      3.592      4.562      3.230      6.825      6.805      4.103      5.017      0.848
     6.231      3.997      5.789      5.101      2.834      3.310      0.000      5.529      4.258      2.495      3.284      2.270      6.313      3.688      4.885      6.078      6.008      3.890      4.540      5.573      1.301      1.788      7.605      3.021      3.975      1.908      3.791      4.980      4.068      3.092      4.352      4.794      5.723      5.813      5.328      3.732      5.315      4.869      1.514      1.950      4.800
     0.438      2.033      0.783      3.567      4.777      4.819      5.157      0.000      2.065      4.181      3.070      5.499      2.057      1.909      1.677      0.085      0.590      2.946      2.149      0.631      5.607      4.199      0.794      3.311      4.324      6.896      4.633      5.411      4.251      2.902      4.834      1.907      1.049      1.455      0.514      2.205      5.096      3.622      6.219      6.355      4.652
     2.129      1.254      1.343      2.947      3.327      2.695      3.410      2.468      0.000      2.241      0.940      3.846      3.491      1.503      1.017      2.463      1.696      1.239      0.991      1.757      4.483      2.017      3.265      1.067      1.987      3.953      3.036      4.784      2.986      0.713      3.627      1.749      2.167      2.143      2.013      0.890      4.089      2.987      3.261      3.442      2.891
     4.648      2.306      3.529      3.148      1.506      1.353      2.360      4.275      2.064      0.000      2.579      3.713      4.089      3.522      2.896      4.226      3.945      1.451      2.227      3.891      2.701      2.148      4.562      1.121      3.605      3.914      1.684      2.960      4.668      1.553      1.786      3.133      3.701      3.417      3.759      2.900      5.120      5.687      2.805      2.827      2.452
     3.201      2.295      2.270      3.351      4.039      2.909      2.860      3.317      1.112      2.356      0.000      2.579      4.362      1.019      2.195      2.841      2.553      2.315      2.308      2.953      2.967      1.545      3.790      1.656      1.198      3.773      3.761      5.121      2.194      0.739      3.569      1.566      2.847      3.493      2.950      0.558      2.881      3.048      2.264      2.828      4.467
     4.974      4.593      4.513      5.574      4.368      4.459      2.571      5.292      3.902      3.301      2.327      0.000      6.258      3.303      4.418      4.564      5.190      3.847      4.257      4.962      1.416      1.189      6.324      3.638      1.672      1.787      4.714      5.905      1.084      3.227      5.408      4.180      4.177      5.597      4.566      2.768      2.605      4.143      0.584      0.646      5.812
     2.471      2.458      2.286      1.917      4.886      4.957      6.074      2.089      3.187      4.555      5.171      8.047      0.000      4.483      2.937      2.195      1.981      3.516      2.543      2.028      7.878      5.251      1.209      3.759      6.307      7.029      4.888      5.653      7.274      3.924      4.091      4.092      3.047      1.090      2.782      4.184      6.328      4.977      5.874      6.688      3.980
     1.953      2.726      1.718      3.936      4.768      3.886      4.709      2.303      1.443      3.718      1.178      2.963      3.853      0.000      1.860      2.366      1.808      2.604      2.204      2.084      4.070      2.310      2.839      2.368      1.889      5.241      5.232      5.723      2.467      1.482      4.889      0.338      1.621      2.911      1.773      0.665      3.026      1.858      3.246      4.244      4.703
     1.738      0.666      1.356      1.743      3.111      2.713      4.639      1.616      1.117      2.471      2.424      4.398      2.778      2.315      0.000      1.525      1.381      1.131      0.382      1.060      5.066      2.883      2.111      1.270      2.926      5.067      2.942      4.565      4.557      1.561      3.600      2.180      2.313      1.479      1.469      1.773      5.079      3.440      4.421      4.908      2.647
     0.440      2.132      0.679      3.341      3.952      4.680      5.393      0.077      2.272      4.091      2.857      5.102      2.225      2.416      1.607      0.000      0.527      3.259      1.779      0.677      5.491      3.917      0.958      3.172      3.266      6.477      4.129      6.013      4.833      3.098      4.830      2.131      1.141      1.327      0.558      2.337      4.257      3.515      6.112      5.785      4.762
     0.719      1.825      0.224      3.238      4.465      3.674      5.084      0.455      1.699      3.501      2.710      5.770      2.634      1.641      1.414      0.459      0.000      2.351      1.423      0.567      5.782      3.693      1.401      2.270      3.670      5.734      4.816      4.547      4.689      2.346      4.165      1.673      1.177      1.549      0.401      2.075      4.576      3.281      4.855      5.772      4.646
     3.003      0.840      2.035      2.023      1.899      1.757      3.904      2.502      1.290      1.130      2.187      4.370      3.160      2.495      1.062      2.439      2.417      0.000      0.664      2.260      3.638      2.392      3.659      0.262      3.796      5.258      2.110      3.428      4.028      1.037      2.117      2.809      2.972      2.290      2.953      2.280      5.253      4.110      4.163      4.228      1.899
     2.390      0.490      1.425      2.132      2.448      2.510      3.460      2.206      1.006      2.401      1.841      3.792      3.098      2.265      0.423      2.054      1.581      0.842      0.000      1.506      4.650      3.460      2.573      0.741      3.012      5.565      3.313      3.743      3.680      1.169      2.984      2.638      2.656      1.539      2.120      1.767      5.249      3.408      3.956      4.667      2.602
     1.054      1.568      0.733      2.028      3.406      3.944      5.647      0.741      2.114      4.171      2.466      5.114      1.671      2.251      1.162      0.619      0.515      2.101      1.295      0.000      6.127      4.233      0.957      2.222      3.935      6.280      4.434      4.630      4.210      2.734      3.554      2.344      1.780      1.075      0.734      2.557      5.399      4.050      5.005      5.442      3.930
     5.584      4.276      5.852      6.209      5.061      4.667      1.232      6.472      3.745      3.245      3.126      1.391      8.620      3.950      4.414      7.005      6.337      4.299      4.162      4.995      0.000      1.640      6.458      4.291      2.926      0.601      5.303      6.677      2.820      3.457      5.723      4.872      6.046      6.709      5.858      4.236      4.112      4.445      0.780      0.704      5.572
     3.795      3.406      3.273      5.338      3.788      3.134      1.865      4.839      2.259      1.780      1.383      1.499      6.589      2.751      3.343      4.065      3.428      2.772      3.066      4.043      1.932      0.000      6.020      2.115      1.783      2.315      3.764      4.189      1.870      1.504      4.700      2.586      3.686      4.523      4.526      2.391      2.900      4.048      1.179      1.353      3.711
     1.281      2.459      1.449      2.829      5.633      5.050      7.204      0.739      2.624      4.326      3.494      6.818      1.547      3.265      2.085      0.970      1.265      2.991      2.905      1.045      6.996      5.713      0.000      3.823      4.835      6.393      5.161      6.153      6.309      4.079      5.324      3.351      1.822      1.144      1.477      3.775      4.954      4.774      6.331      6.471      4.743
     3.020      1.088      2.010      2.454      2.155      1.755      2.768      2.711      0.987      1.100      1.803      3.410      3.420      2.536      1.365      2.352      2.536      0.286      0.749      2.640      3.665      2.679      2.861      0.000      3.380      4.173      2.861      3.049      3.871      0.793      2.153      2.840      2.759      2.955      2.529      1.683      4.577      4.377      3.078      3.789      2.374
     4.003      3.952      3.154      4.381      4.189      4.211      3.840      4.310      2.684      3.572      1.152      2.106      5.494      1.746      3.160      3.997      3.356      3.752      3.615      4.510      2.779      2.036      5.471      3.395      0.000      3.746      5.109      5.762      0.987      2.062      5.699      1.989      2.752      5.367      3.775      1.389      1.428      2.341      2.091      2.110      4.814
     5.801      5.212      6.543      6.896      4.678      4.512      2.004      6.867      5.217      3.827      3.376      1.686      8.995      4.927      5.330      6.556      5.506      3.954      4.893      7.077      0.573      1.945      8.653      5.233      3.132      0.000      4.884      7.044      2.611      3.636      5.380      4.849      5.345      7.180      7.073      4.148      3.666      6.403      0.963      1.078      6.613
     4.401      2.999      3.803      2.345      0.510      0.656      3.766      5.726      3.480      1.685      3.686      5.605      3.870      4.338      3.283      4.090      5.311      2.474      3.234      3.906      4.259      3.669      4.546      2.605      4.605      6.082      0.000      0.839      6.581      3.101      0.437      5.787      4.862      4.068      5.642      3.725      6.214      7.476      4.081      5.564      0.725
     6.000      3.083      5.196      2.349      1.444      1.686      4.396      5.369      4.674      2.462      5.868      6.198      5.039      6.014      4.710      5.152      5.293      2.872      4.229      5.153      5.995      4.632      5.198      3.596      5.383      5.668      1.029      0.000      6.840      4.132      0.936      5.847      5.869      5.227      6.265      4.944      8.512      7.268      4.981      6.158      1.205
     5.420      4.382      4.328      6.739      4.647      5.662      3.191      5.518      3.810      3.839      2.553      1.365      5.922      2.831      4.849      4.422      3.946      3.529      3.653      5.379      2.387      2.144      5.438      3.623      1.148      2.954      5.119      6.350      0.000      2.708      6.232      3.220      4.154      6.013      4.949      2.481      1.164      2.784      2.195      2.062      6.306
     3.318      1.573      2.440      2.851      3.073      3.110      3.353      2.550      0.706      1.425      0.837      3.315      4.801      1.597      1.707      2.812      2.563      1.170      1.215      2.183      3.379      1.497      3.197      0.905      2.545      4.544      3.673      4.323      2.754      0.000      3.680      2.013      3.109      3.512      2.828      1.054      4.055      3.949      3.188      2.770      3.491
     4.737      2.158      4.155      2.107      0.731      0.698      3.660      4.855      3.513      1.893      4.148      4.640      3.540      4.329      3.415      5.140      4.632      1.938      2.453      3.471      4.326      3.716      5.497      2.711      5.128      6.298      0.480      1.236      7.003      3.317      0.000      5.213      5.988      3.806      4.166      4.927      7.546      7.323      5.695      5.804      0.505
     1.652      3.154      1.496      4.812      5.311      4.228      4.266      2.185      1.565      3.440      1.776      3.637      4.536      0.393      2.484      2.164      1.595      3.338      2.610      2.060      4.129      3.161      3.044      2.866      1.693      5.945      4.419      6.542      2.588      2.018      4.695      0.000      1.234      3.417      1.534      0.904      2.952      1.419      4.140      3.485      4.193
     0.572      2.666      0.948      4.314      4.268      4.586      6.163      1.064      2.025      3.723      2.419      4.521      3.688      1.506      1.954      1.247      1.022      3.303      2.714      1.690      5.234      4.082      1.737      3.438      3.050      5.311      6.012      5.607      3.824      2.392      4.740      1.025      0.000      2.137      0.778      1.965      4.019      1.918      5.682      5.237      4.516
     1.807      1.483      1.954      1.853      3.804      3.378      6.290      1.702      2.230      4.132      4.057      5.265      0.901      3.646      1.747      1.654      1.376      2.566      1.790      1.009      5.507      5.398      1.174      2.745      4.461      7.997      4.441      5.037      5.598      2.906      3.960      2.865      2.507      0.000      1.774      3.242      6.318      5.008      5.427      5.638      3.316
     0.427      1.952      0.376      3.513      4.035      3.753      6.362      0.516      1.633      3.378      2.350      4.673      2.281      1.918      1.428      0.530      0.384      2.997      1.773      0.747      5.547      3.710      1.594      2.680      3.639      5.744      4.996      5.778      4.852      2.253      5.117      1.697      0.682      1.540      0.000      2.166      3.959      3.278      5.799      5.148      4.773
     2.362      2.632      1.948      3.418      3.406      4.117      4.369      2.154      0.819      2.306      0.624      2.732      3.519      0.561      1.967      2.210      2.158      2.442      1.773      2.209      3.472      1.897      2.960      2.083      1.778      3.730      3.774      4.715      2.770      0.909      4.903      0.979      2.168      2.773      1.718      0.000      2.393      2.227      3.118      2.958      3.721
     4.386      5.015      3.705      6.916      5.308      6.108      4.113      4.083      3.309      4.557      2.595      2.285      5.867      2.841      4.152      5.035      4.067      4.473      4.860      5.333      4.211      3.156      6.526      4.101      1.589      4.453      7.622      7.199      1.166      3.470      6.356      3.032      3.213      5.662      4.641      2.999      0.000      1.858      3.404      2.961      6.276
     2.918      4.624      3.400      6.591      7.203      6.769      4.991      2.887      3.481      5.439      2.334      3.757      6.205      1.945      3.623      2.848      2.790      4.420      3.590      3.382      4.444      3.274      3.904      3.771      1.849      4.976      7.709      6.879      2.716      3.786      6.123      1.408      1.990      4.912      3.074      2.130      1.778      0.000      4.326      4.902      6.619
     5.556      5.010      4.823      4.934      4.349      3.872      1.483      5.372      4.017      2.825      2.855      0.730      6.880      3.132      5.077      5.468      5.026      3.443      4.010      6.232      0.693      1.180      6.395      3.900      2.079      1.089      5.318      5.351      2.160      2.649      4.583      3.320      5.794      5.455      5.001      3.516      3.087      4.473      0.000      0.000      5.987
     5.974      4.788      4.616      5.922      4.089      4.508      1.492      6.129      3.441      3.231      2.926      0.761      6.565      4.111      5.111      4.685      5.981      3.627      4.724      4.559      0.728      1.102      7.237      4.060      2.344      1.099      4.736      6.257      2.213      2.610      5.344      3.786      5.568      5.673      4.973      2.648      2.951      4.622      0.000      0.000      4.983
     4.301      2.015      3.782      1.440      1.314      0.910      4.822      3.907      2.769      2.062      4.411      4.896      3.740      3.888      2.369      4.168      4.064      1.894      2.964      3.979      5.975      4.199      5.089      2.084      5.917      6.761      0.944      1.154      6.565      3.677      0.422      4.999      4.618      3.449      4.815      4.285      7.441      5.684      4.461      4.832      0.000
