0 233 53 267 438 369 615 40 229 431 288 486 198 189 178 45 65 253 177 104 565 336 116 283 302 611 458 620 433 287 440 150 51 188 34 219 345 293 440 497 362
216 0 206 132 201 194 426 229 148 210 211 428 217 269 78 210 201 70 46 153 494 335 215 93 342 506 240 355 355 159 192 277 237 148 189 193 540 370 435 453 204
54 186 0 238 390 334 459 70 141 333 190 456 213 164 107 55 20 206 130 71 549 382 143 184 320 569 474 549 359 214 432 133 92 163 29 177 324 282 460 400 361
321 145 305 0 234 185 457 318 226 268 321 450 169 358 198 313 223 179 185 232 594 399 288 224 449 623 186 241 523 323 152 437 355 174 251 363 521 570 437 544 136
437 182 322 213 0 22 283 406 266 146 277 362 456 452 280 479 415 180 210 373 350 306 480 167 432 366 48 151 535 285 70 394 432 347 355 325 624 618 371 400 98
354 163 324 179 22 0 267 389 277 102 291 440 359 340 217 389 332 163 238 373 451 323 447 168 416 490 48 138 420 257 69 392 363 353 417 339 623 555 358 344 96
502 336 529 425 279 333 0 485 309 188 285 173 689 407 380 552 498 315 415 453 118 151 514 256 272 177 361 361 335 276 360 414 445 588 561 381 458 580 141 146 322
46 195 58 253 457 459 509 0 233 343 283 484 168 202 145 7 40 241 217 57 600 472 83 294 401 626 482 578 425 219 430 163 109 127 48 251 487 298 491 486 358
170 128 145 281 307 272 373 185 0 196 108 282 332 122 94 170 156 100 74 154 416 180 227 92 200 435 320 423 252 64 306 128 158 248 184 87 326 260 268 305 330
328 203 330 253 132 141 169 355 185 0 242 332 414 317 215 424 361 123 204 329 259 216 473 132 343 313 158 253 366 159 209 324 343 300 408 210 400 482 228 300 223
266 201 232 396 323 293 268 283 110 178 0 199 393 97 210 302 221 203 161 263 260 119 313 157 138 319 322 439 184 74 322 128 206 301 196 51 282 217 248 248 306
445 400 389 550 479 418 175 470 286 335 219 0 628 346 428 467 387 305 329 442 116 129 531 322 177 133 497 520 128 281 437 350 370 533 435 264 229 365 57 68 562
218 213 259 212 393 427 712 197 328 436 419 624 0 407 242 177 219 278 248 150 597 606 109 326 583 742 443 478 613 396 420 348 318 103 259 389 668 565 595 654 387
163 198 165 408 343 365 444 220 127 332 123 272 345 0 190 170 170 206 197 233 453 235 246 237 172 441 393 474 268 170 472 31 122 293 142 50 259 181 362 370 412
171 72 124 179 244 220 464 164 83 233 191 404 220 171 0 126 94 120 34 105 474 321 190 115 285 476 345 333 426 143 258 215 164 136 158 155 403 313 441 392 240
47 188 55 280 374 418 512 7 175 429 252 440 168 199 130 0 38 239 179 47 600 339 86 265 294 682 456 443 410 262 403 215 108 141 51 200 370 342 559 545 340
52 165 15 296 398 386 516 52 142 300 239 416 218 154 111 38 0 187 163 53 495 324 133 225 308 614 431 405 398 196 357 176 88 139 27 208 426 307 465 463 325
277 55 224 186 146 165 290 256 106 120 190 344 282 259 111 286 248 0 60 173 392 265 310 29 308 428 181 289 405 105 203 223 307 233 220 172 450 398 337 360 193
230 45 151 169 249 188 392 197 81 165 186 404 227 219 30 178 145 59 0 120 396 248 216 67 313 534 223 302 415 127 259 195 244 167 158 157 432 398 320 389 213
86 163 65 203 379 391 537 67 151 321 258 414 146 177 112 54 56 235 115 0 467 325 92 176 303 533 404 487 419 204 316 193 162 82 89 246 483 334 438 471 376
592 381 573 507 360 416 117 519 307 269 302 116 773 428 476 469 528 393 459 514 0 170 573 303 266 43 484 549 199 359 451 477 513 615 530 341 343 471 56 66 458
396 281 288 412 345 288 168 409 209 155 127 119 517 221 279 339 404 208 304 403 158 0 500 186 150 186 316 397 157 154 342 231 378 439 374 179 264 323 99 118 362
101 259 116 274 433 443 658 68 292 422 344 606 118 272 201 75 101 341 203 92 720 526 0 288 405 757 530 559 462 349 430 270 183 97 133 260 496 339 582 577 375
240 75 206 217 201 147 259 253 80 130 136 379 295 220 105 250 192 26 75 181 380 245 284 0 292 348 188 288 405 70 232 276 304 258 200 188 385 362 339 302 224
332 379 268 513 405 474 295 344 217 294 118 158 565 172 253 313 337 327 309 380 300 132 430 316 0 290 424 666 80 174 558 171 260 403 326 133 142 161 191 219 490
584 450 570 667 412 477 163 662 476 374 284 119 624 427 528 617 609 472 533 550 41 238 736 359 284 0 508 587 244 402 569 537 650 618 475 426 331 519 101 116 445
452 245 356 243 43 58 353 435 324 203 388 462 355 395 285 507 463 228 249 382 381 400 455 239 525 485 0 80 452 346 39 486 556 411 458 453 619 507 484 387 88
630 328 471 218 118 154 413 539 471 278 455 495 408 593 429 451 549 315 304 405 588 453 480 310 657 476 87 0 724 410 106 627 575 415 448 476 627 652 456 569 106
439 446 428 479 454 413 344 389 331 342 184 123 600 276 400 391 356 414 417 423 218 201 502 346 110 282 459 686 0 286 620 302 383 441 446 263 109 289 197 180 571
299 129 167 310 267 242 314 234 52 135 72 270 373 172 130 214 221 117 104 215 347 155 270 85 188 342 327 337 276 0 287 211 207 263 240 78 364 316 288 237 298
425 228 340 195 82 61 344 482 309 191 418 438 397 408 244 410 390 206 212 330 465 370 414 191 490 459 32 104 470 254 0 509 501 362 481 324 555 584 506 523 43
152 298 119 427 360 463 415 215 164 335 142 289 320 41 220 174 162 252 214 182 419 286 263 222 166 536 421 484 267 206 467 0 120 288 118 93 207 118 326 408 497
58 237 94 309 474 490 582 89 170 341 248 369 273 121 181 104 95 319 188 125 597 360 185 291 312 602 487 477 340 257 421 91 0 222 54 148 351 179 453 476 476
178 176 150 145 340 375 465 131 193 293 337 473 87 312 121 136 143 185 172 93 589 482 121 211 422 658 350 458 582 302 309 254 244 0 144 326 518 471 623 533 290
32 178 30 323 381 353 553 50 161 316 272 490 251 130 132 50 28 249 175 82 526 421 132 245 307 642 412 577 394 197 389 163 67 166 0 171 433 268 463 394 448
203 200 183 363 348 372 345 243 88 276 55 266 395 66 178 232 205 178 173 182 394 179 324 189 153 364 383 508 231 106 365 85 172 278 192 0 293 247 305 288 394
411 463 375 598 583 509 363 486 372 395 266 215 538 259 369 430 392 373 439 425 323 307 459 355 142 422 520 753 128 349 703 246 339 577 420 244 0 170 316 264 570
225 389 305 525 501 563 499 311 281 429 235 317 454 177 315 292 331 453 341 387 540 367 386 414 215 444 622 737 231 289 655 158 225 355 262 200 175 0 380 436 651
474 368 377 510 447 349 131 496 290 234 215 49 703 324 368 552 519 376 330 446 76 125 517 278 233 92 429 437 148 283 529 332 452 609 396 303 308 411 0 0 397
501 382 516 479 340 378 136 470 343 235 249 53 651 339 451 485 532 355 333 523 64 108 579 327 180 103 472 600 165 274 511 334 417 554 480 316 240 371 0 0 495
358 210 300 131 111 100 352 440 320 187 391 516 339 452 233 327 372 179 197 332 562 342 348 225 415 496 75 112 624 245 34 414 495 291 334 373 620 635 526 408 0
