0 443 118 200 273 175 443 237 364 403 177 452 65 104 330 140 371 277 523 310 295 486 245 211 268 304 519 402 88 394 212 110 447 403 226 262 184 407 286 264 212 72 274 340 311 196 265 249 290 343 68 451 265 502 424 227 52 460 207 330 171 300 235 317 390 239 255 459 225 31 247 226 505 253 134 312 75 253 77 458 562 523 221 362 74 485 302 299 355 254 29 347 212 38 162 332 152 431 394 314
340 0 507 292 146 372 42 488 61 268 293 299 447 357 510 263 204 162 218 222 193 220 361 248 112 265 153 386 362 214 512 280 164 50 233 137 384 338 362 200 174 376 143 306 375 218 297 361 177 33 496 384 200 176 48 187 350 208 139 337 180 290 370 145 51 552 301 283 213 416 371 432 210 178 330 223 363 190 291 36 175 219 424 193 503 156 366 100 59 586 404 198 532 320 297 100 583 273 267 406
111 451 0 246 331 211 566 172 477 574 192 379 118 250 449 269 528 428 532 464 360 647 187 233 450 303 667 488 146 444 149 191 530 381 297 404 261 438 215 294 264 155 418 454 357 288 297 406 423 420 89 423 281 528 438 300 153 474 296 381 266 348 264 344 542 147 233 508 325 123 388 277 491 300 236 466 183 342 182 529 588 606 344 399 24 535 346 427 396 138 143 518 115 131 254 453 59 408 487 449
186 226 290 0 256 228 323 366 246 263 250 364 177 82 229 44 170 126 320 161 203 370 317 173 214 269 339 240 201 438 380 147 318 204 76 161 133 255 356 202 73 120 144 168 334 53 323 185 265 244 188 410 225 267 343 66 138 330 124 368 114 99 71 140 327 402 244 268 34 159 194 134 291 165 30 112 94 134 129 282 352 338 150 323 258 356 328 213 217 360 144 342 395 135 16 225 375 411 417 218
281 151 396 228 0 203 207 246 154 446 198 132 366 353 532 178 326 187 319 260 48 390 306 103 51 149 336 400 211 152 327 185 295 161 328 114 396 513 271 81 204 241 171 326 210 162 194 372 40 130 317 218 47 364 164 234 233 102 112 232 171 267 378 186 120 425 183 395 266 303 413 405 340 75 238 294 266 236 221 183 337 308 432 118 340 324 166 70 152 451 368 115 354 294 231 226 468 127 161 447
136 362 177 233 191 0 387 115 369 381 5 283 251 194 509 208 399 292 418 288 154 499 100 91 195 110 493 382 74 354 172 57 558 268 349 221 277 544 127 148 197 102 256 398 211 206 87 376 182 334 212 327 167 424 382 239 177 303 186 167 149 280 313 298 320 212 97 417 291 134 372 319 537 177 210 388 195 341 132 352 552 423 371 296 160 468 149 232 338 220 166 247 224 162 191 329 183 305 230 393
386 42 472 312 206 364 0 540 81 295 324 283 461 375 485 305 201 154 165 164 258 162 446 302 146 356 118 404 345 214 505 351 106 73 325 152 364 361 473 254 233 353 172 324 402 241 392 491 219 68 473 449 196 164 86 233 336 227 218 391 230 243 297 180 82 489 368 279 254 361 441 363 177 207 290 233 398 248 363 21 99 200 385 214 412 103 358 127 88 521 490 244 589 365 284 73 491 306 304 418
217 431 170 316 250 93 414 0 369 558 100 287 233 342 626 258 535 379 557 447 206 659 21 218 273 156 607 512 158 350 89 185 543 335 454 346 389 557 66 242 279 181 382 415 204 335 128 405 271 419 261 252 233 648 395 331 203 363 311 175 266 472 451 346 392 134 138 619 359 167 514 394 542 300 304 399 271 473 224 391 479 494 400 318 187 630 158 341 407 192 235 274 146 213 344 543 157 331 344 501
403 72 418 222 194 353 71 461 0 232 271 275 450 350 431 174 177 86 156 135 233 193 363 196 143 293 185 249 306 251 558 274 178 27 247 106 311 300 453 235 183 293 80 292 420 189 327 324 196 73 445 427 208 156 132 169 339 227 139 325 164 223 292 86 111 530 277 186 222 335 314 282 162 177 242 164 268 122 260 97 126 155 309 290 487 129 293 92 40 630 373 258 601 373 231 38 558 320 335 385
449 347 471 264 343 447 333 548 214 0 426 568 431 237 190 237 110 246 196 158 452 270 659 376 338 454 316 56 385 425 662 342 248 309 166 268 298 101 568 327 257 381 278 88 601 219 535 229 487 365 364 700 376 202 388 198 393 512 321 675 281 151 167 198 388 529 413 72 169 339 236 201 152 346 225 137 275 155 411 296 254 166 240 496 449 280 606 321 300 677 349 509 604 349 220 268 597 526 527 173
137 372 187 228 204 5 359 119 324 474 0 280 226 220 513 214 430 315 390 289 153 511 126 105 190 131 494 388 61 308 162 53 457 324 342 192 312 412 129 109 173 109 227 412 173 178 93 383 219 270 257 249 130 494 356 247 172 267 178 147 166 275 335 263 323 247 77 445 257 127 422 323 411 144 225 301 168 339 103 356 457 411 312 290 167 527 149 264 284 246 198 255 212 146 201 389 254 234 261 442
338 259 454 360 154 267 297 275 295 619 235 0 393 466 589 301 499 362 445 460 172 530 288 246 169 139 418 476 318 98 396 275 503 294 434 269 466 630 252 192 321 325 259 601 94 277 146 628 104 264 428 99 170 422 246 370 323 72 228 138 286 493 507 352 222 479 180 567 417 306 580 581 463 192 350 394 458 453 343 324 381 482 570 78 410 376 103 231 253 504 396 41 385 370 428 296 396 36 43 668
57 482 126 209 401 232 521 285 396 454 248 396 0 117 321 220 396 316 542 338 277 500 301 241 419 327 635 396 163 452 282 190 544 435 244 322 154 395 381 257 245 115 311 263 493 257 262 251 373 396 30 583 323 541 471 229 84 461 256 409 235 299 216 348 477 307 267 453 211 95 207 207 431 312 150 355 89 301 129 476 483 569 176 527 116 594 434 369 430 239 52 499 258 85 179 372 176 526 469 284
127 324 245 72 301 196 386 285 266 321 211 404 125 0 281 102 244 230 328 255 268 471 361 190 249 372 441 275 164 372 346 175 488 277 144 267 73 250 327 212 143 117 202 176 476 127 260 149 315 370 164 426 215 405 332 143 70 448 189 440 173 162 95 211 401 355 334 320 122 101 140 108 329 199 53 197 36 226 116 333 405 329 117 462 208 413 401 266 282 329 92 439 292 99 68 322 299 431 453 208
388 392 428 213 438 515 461 623 391 213 469 735 312 278 0 287 218 283 305 305 451 363 527 376 504 467 471 125 466 560 545 356 449 353 211 439 197 89 683 470 287 403 304 155 617 276 584 86 526 468 340 702 480 350 527 330 286 565 408 613 404 224 177 362 497 518 517 268 261 327 87 126 378 342 224 275 251 250 309 551 389 323 150 633 477 486 512 509 422 498 328 701 477 363 257 391 490 532 563 52
140 228 299 51 202 157 250 240 233 278 171 313 219 118 320 0 235 120 246 165 161 369 338 134 162 256 308 217 143 307 293 125 382 214 132 111 165 310 323 134 36 89 112 179 339 25 257 217 213 245 220 475 158 289 336 58 128 324 115 372 52 146 111 119 239 361 233 318 58 144 194 183 347 105 49 140 82 150 124 234 380 313 187 309 201 288 325 205 166 414 179 360 321 126 60 227 347 372 339 223
389 219 449 201 310 399 201 532 135 88 406 519 428 260 240 213 0 104 112 56 318 199 483 329 267 447 248 136 353 460 482 357 178 187 129 230 257 200 545 310 205 306 169 101 464 182 372 262 349 236 405 531 263 159 283 151 306 369 246 517 192 103 181 148 261 532 428 72 130 323 279 232 86 257 225 55 250 63 298 216 168 134 217 423 381 191 414 252 159 568 387 490 611 316 194 165 448 495 398 218
288 160 429 112 216 314 164 417 94 246 285 295 351 223 337 121 132 0 143 70 202 231 414 198 162 269 276 231 287 321 366 192 188 76 134 97 222 260 343 171 99 236 33 186 396 84 286 248 229 136 294 386 166 178 207 56 257 318 87 379 126 120 186 6 161 443 304 194 107 249 256 192 169 136 184 81 193 70 222 168 224 219 246 335 347 219 388 120 95 470 311 345 445 248 138 97 500 269 358 255
459 206 543 274 368 446 150 479 128 165 483 503 401 351 368 283 98 163 0 132 381 84 581 327 277 437 117 220 486 356 652 442 89 141 205 256 368 288 612 391 285 343 171 228 430 298 520 305 409 206 521 500 306 25 197 254 371 427 261 453 288 172 280 185 234 564 399 93 274 456 379 279 51 315 299 135 349 131 348 156 78 34 314 428 481 61 515 267 147 628 376 468 706 386 342 104 552 440 398 341
292 200 427 149 290 359 213 433 129 125 380 459 342 201 295 176 49 86 113 0 249 218 481 244 197 350 241 149 349 327 535 291 233 154 100 149 231 230 511 223 147 223 108 113 486 127 388 284 270 184 308 436 262 142 218 101 229 318 179 430 185 69 181 90 204 444 382 108 116 272 232 217 152 183 169 31 268 22 286 212 220 148 219 377 331 191 428 198 128 619 323 426 591 261 161 120 561 337 378 208
219 171 271 206 53 133 229 245 177 366 153 153 311 272 403 171 311 177 378 257 0 385 253 51 70 130 329 447 165 195 268 141 381 158 253 95 368 507 210 28 158 199 158 353 176 143 158 362 63 169 346 240 19 319 176 206 216 125 115 207 130 304 258 165 149 318 115 424 267 254 345 323 310 74 246 285 252 254 179 256 313 420 351 152 319 365 130 100 148 428 264 138 332 204 261 255 342 184 183 363
481 225 654 390 365 489 159 525 196 263 446 541 460 363 505 382 197 237 75 218 436 0 639 461 328 566 55 257 544 396 603 520 38 175 320 327 369 316 519 372 323 502 211 302 612 343 597 463 448 264 506 614 307 43 239 281 444 405 342 489 331 245 391 240 206 647 554 150 283 566 379 350 114 304 342 261 430 240 502 195 53 67 465 406 633 51 448 238 232 745 527 418 706 427 411 131 748 472 484 457
242 402 215 286 229 103 530 27 462 478 117 246 327 325 556 319 552 392 499 522 203 676 0 210 307 121 644 483 186 399 90 174 566 463 450 268 407 597 47 188 342 251 329 481 157 277 116 505 269 384 281 244 277 607 463 371 283 324 298 134 284 381 367 360 352 167 99 530 393 196 471 493 503 306 315 417 325 513 212 416 578 531 460 361 220 558 136 328 437 190 261 248 168 237 309 399 230 308 272 486
171 189 300 161 111 118 257 189 234 405 119 209 264 212 447 140 300 196 314 250 58 420 180 0 110 125 379 336 137 264 292 62 334 192 211 118 261 403 204 27 119 143 127 303 230 147 123 410 124 221 305 317 64 320 251 169 167 191 101 231 97 232 257 150 226 345 115 408 183 182 322 248 327 61 160 297 214 228 134 283 405 439 262 224 208 411 155 115 176 317 214 187 348 192 158 256 270 203 252 355
287 108 445 215 58 244 134 283 114 410 192 203 344 332 526 195 264 155 265 246 89 325 291 135 0 218 251 370 230 138 372 205 310 84 232 55 342 452 268 114 173 228 94 382 204 159 234 432 84 62 427 293 72 310 104 160 310 139 83 291 122 207 250 141 97 402 186 300 228 318 352 387 259 75 215 242 286 205 215 129 243 299 344 164 329 239 188 16 85 470 281 179 449 251 222 158 413 153 204 400
291 285 351 306 152 130 332 141 344 559 111 146 364 319 629 248 467 280 382 333 108 485 146 111 189 0 427 501 168 194 212 178 505 258 426 193 356 470 110 119 234 236 295 519 97 298 38 413 112 230 298 177 149 446 288 270 244 170 216 76 204 392 342 288 259 274 44 559 360 219 533 348 442 188 277 337 320 423 200 344 440 519 446 149 302 500 43 178 256 360 320 138 283 240 357 409 285 139 151 558
612 202 560 336 331 529 113 515 156 330 500 445 522 427 431 419 227 236 127 209 347 46 688 368 281 441 0 339 538 409 599 451 15 191 386 284 508 386 627 392 350 409 245 302 484 366 570 445 409 180 655 634 315 83 187 258 487 400 288 491 294 307 396 234 232 667 552 211 292 578 496 468 172 377 377 234 518 251 438 172 22 139 406 330 668 51 539 266 228 625 563 383 719 433 342 141 744 382 429 407
366 319 487 184 475 520 320 616 294 62 422 508 317 231 124 263 152 235 260 186 469 309 500 322 340 517 356 0 408 571 519 322 318 275 137 277 183 35 662 417 254 361 294 48 680 240 518 169 479 412 379 652 355 265 447 239 357 495 291 565 269 132 144 275 428 619 490 121 161 390 171 145 171 358 211 114 310 163 327 358 354 214 175 491 460 295 573 333 322 587 323 510 581 341 226 237 518 481 518 89
80 289 123 162 196 64 350 158 346 479 58 331 156 169 381 164 367 248 435 321 210 536 150 107 271 202 443 408 0 378 167 56 433 345 231 208 208 474 185 155 205 59 208 381 275 164 152 386 258 363 152 292 156 449 428 226 83 330 203 206 133 295 282 228 405 245 155 376 245 68 339 234 504 163 141 307 150 281 62 424 505 510 257 366 124 472 188 229 335 197 98 315 212 82 169 361 165 323 286 326
483 194 503 409 137 294 192 417 280 568 312 98 560 439 561 372 455 324 336 410 169 445 320 271 151 207 408 450 361 0 450 321 298 270 389 198 549 622 297 200 315 331 230 520 163 358 276 646 121 182 485 232 204 372 164 364 389 34 223 204 293 346 396 288 144 463 263 522 417 391 583 443 457 196 418 360 466 333 347 190 333 376 605 36 513 385 174 153 246 524 487 60 582 434 452 325 586 58 71 621
211 539 147 366 360 166 607 74 503 499 156 304 298 332 571 306 491 465 658 504 349 735 80 254 412 263 707 576 191 477 0 208 619 518 389 374 334 564 133 250 358 212 393 503 287 310 161 554 337 490 266 397 350 695 423 451 272 423 398 217 303 414 362 370 445 56 194 659 384 245 517 433 536 306 310 419 316 424 195 591 552 634 387 381 177 647 211 440 388 99 213 338 83 248 317 488 130 419 416 600
122 272 176 194 181 63 283 174 250 455 61 255 202 159 439 115 352 220 369 244 149 509 169 64 223 163 501 381 59 313 199 0 455 229 211 156 252 351 194 111 134 59 204 309 268 125 125 287 222 239 221 298 112 405 307 201 113 303 159 209 122 216 242 231 256 239 121 405 199 90 263 302 467 108 143 282 149 231 64 383 433 394 260 294 150 467 178 210 262 305 127 256 214 119 144 283 224 266 279 351
570 150 616 317 318 487 122 597 144 285 491 492 563 384 438 380 215 227 101 244 393 47 652 364 280 421 19 320 542 409 562 382 0 183 347 303 384 364 596 377 266 521 272 324 460 335 492 511 353 193 642 608 322 70 217 338 432 384 304 481 297 288 418 192 221 641 482 161 319 508 474 361 138 353 325 215 373 262 456 143 7 102 396 334 602 27 459 293 169 697 423 448 674 525 368 107 753 343 415 387
295 66 458 213 165 261 88 415 28 307 254 337 453 249 375 216 196 97 163 122 200 172 392 195 93 282 197 254 276 246 417 280 190 0 233 91 322 394 335 170 165 273 71 242 384 158 281 322 211 64 357 430 161 181 112 157 266 252 128 391 156 184 226 72 101 538 299 240 190 266 397 322 190 144 206 178 253 163 262 75 179 213 365 258 393 160 362 91 10 490 332 246 596 281 250 63 465 305 260 402
240 317 323 77 254 340 323 342 234 147 268 513 264 123 193 116 149 124 237 114 298 313 400 241 304 361 288 163 281 401 503 238 346 233 0 217 110 180 487 231 109 196 169 81 452 118 340 141 342 285 304 565 225 242 293 108 177 439 171 413 186 36 45 140 330 396 377 212 39 218 129 88 268 226 89 81 164 93 186 303 336 224 105 409 342 263 460 227 244 416 237 392 436 197 84 223 436 478 508 152
303 101 320 141 84 227 150 327 105 267 188 219 331 244 387 138 198 89 236 187 90 329 373 109 58 232 285 314 258 198 341 191 281 84 187 0 246 309 347 86 97 189 51 285 237 125 257 324 151 107 383 317 85 216 162 92 241 223 28 280 77 164 257 83 132 463 227 317 182 208 305 307 302 54 189 188 233 148 229 166 229 290 279 201 351 250 254 51 67 406 250 221 489 216 199 143 471 264 257 353
193 394 251 108 407 288 379 385 286 267 343 432 118 68 183 162 249 261 331 222 355 470 376 234 364 381 517 215 212 472 431 270 389 305 142 285 0 236 478 288 176 178 279 158 541 155 390 88 351 415 141 507 304 387 489 182 153 426 227 401 223 169 73 237 485 335 422 285 146 155 73 39 361 256 129 231 106 182 191 432 455 366 40 546 260 433 445 280 277 406 133 410 408 168 93 315 326 577 476 155
386 352 534 207 435 458 348 637 346 95 435 606 374 279 94 260 199 226 282 225 502 374 642 417 349 512 367 43 404 542 529 421 314 377 190 372 202 0 554 371 310 385 340 83 518 322 453 130 578 450 389 744 452 248 404 246 328 477 308 705 278 156 189 281 394 553 470 160 212 372 159 150 232 328 234 187 298 166 385 370 342 245 183 533 483 306 526 437 312 612 398 538 628 387 224 362 494 518 512 85
301 356 230 304 263 118 502 63 400 611 122 195 339 359 660 303 492 395 476 509 246 688 38 191 284 100 576 592 193 271 124 174 663 445 479 283 477 645 0 188 292 204 347 476 141 331 91 539 228 316 317 211 247 649 346 350 297 285 336 97 284 414 454 343 407 206 91 592 402 289 427 421 539 282 360 488 351 509 271 424 519 634 486 243 271 598 118 331 376 213 330 253 219 264 340 456 267 247 236 510
199 189 279 229 81 146 248 197 210 409 129 193 339 280 506 134 305 186 334 220 29 355 186 30 89 126 380 407 132 232 258 91 366 157 228 92 264 453 221 0 118 168 149 351 212 142 126 364 97 199 356 226 32 334 236 173 175 199 89 190 88 276 315 196 187 341 116 431 198 209 395 271 355 55 209 274 200 267 152 248 359 341 291 182 293 343 134 93 159 341 205 162 369 206 205 245 360 200 163 356
176 204 268 84 171 228 243 299 175 299 176 349 249 131 365 44 167 100 253 145 151 334 283 111 167 267 310 223 170 352 396 158 363 168 116 102 186 308 290 136 0 114 76 200 306 18 220 304 204 157 276 406 152 260 265 36 158 321 57 274 31 132 167 94 204 360 270 254 75 160 282 209 305 84 92 146 128 122 134 215 338 269 228 318 275 311 251 161 167 393 213 325 350 148 80 199 347 308 263 274
58 300 163 149 260 115 333 210 303 406 103 312 107 115 359 106 312 194 433 270 216 463 228 142 270 209 414 349 59 321 225 64 489 257 171 212 198 335 259 158 127 0 207 243 357 141 221 234 238 282 151 360 183 346 318 142 39 373 180 246 124 251 173 221 299 269 188 441 143 33 213 194 394 141 101 273 74 257 4 373 451 469 235 333 114 405 292 208 292 279 70 314 275 39 133 307 236 319 301 321
290 148 422 118 135 256 134 301 91 281 229 267 355 214 300 111 180 32 194 112 139 215 403 141 114 291 237 236 281 238 473 169 263 83 155 49 233 343 344 131 69 199 0 242 292 104 251 297 224 104 366 455 136 231 177 72 223 242 47 377 91 139 205 33 170 493 245 215 131 245 338 259 209 79 166 133 204 114 212 173 248 235 244 210 338 239 314 84 68 394 315 244 382 214 143 110 466 307 322 342
270 351 400 174 358 339 337 422 230 91 457 514 341 172 143 197 104 197 206 150 313 346 428 284 294 515 334 48 292 556 461 282 283 277 83 304 142 81 572 290 194 298 235 0 469 230 463 151 444 295 303 606 375 273 428 189 266 440 249 540 262 71 108 190 388 500 417 132 138 296 122 121 196 329 165 82 192 129 323 401 351 265 164 416 413 252 544 341 277 499 277 449 539 240 151 255 477 592 523 105
392 305 430 350 171 211 334 217 397 512 185 104 452 362 565 385 466 429 434 395 167 599 191 187 236 85 534 544 256 183 270 242 441 343 521 310 469 655 151 225 338 294 341 524 0 385 119 573 145 297 460 70 229 573 267 329 333 160 271 58 283 384 527 391 259 376 115 607 380 374 495 556 610 216 333 515 389 418 311 330 548 469 453 175 366 409 45 259 318 419 377 128 343 297 331 424 325 117 135 498
209 219 305 57 219 212 248 305 166 241 203 359 218 112 323 24 211 108 273 142 148 302 265 135 177 226 320 249 175 291 311 148 276 185 123 125 180 243 268 139 18 132 99 177 325 0 281 254 264 230 277 424 158 294 289 33 143 359 87 352 44 131 141 87 263 323 211 287 63 162 233 181 264 94 62 144 117 136 150 295 311 339 193 345 251 275 329 183 141 409 157 287 383 126 60 218 294 310 281 273
281 307 226 282 178 104 386 126 307 554 97 169 303 281 589 223 368 317 426 407 134 587 114 121 216 44 529 563 140 241 194 142 428 288 416 231 357 460 84 129 227 183 250 492 120 281 0 552 164 330 333 165 139 463 337 253 277 178 244 80 185 321 390 328 302 253 16 507 347 255 510 355 430 203 273 395 290 421 222 302 412 575 466 187 256 425 64 266 315 246 275 201 291 251 308 331 268 214 219 480
307 373 394 203 508 445 480 494 423 214 367 631 256 144 69 260 265 313 366 284 433 494 518 320 349 492 481 170 344 548 474 387 387 360 135 406 84 139 602 382 279 241 317 142 646 215 493 0 534 441 295 571 371 405 483 237 253 491 350 647 281 163 125 264 450 579 432 318 173 233 23 83 391 373 202 201 183 201 298 514 399 398 57 510 328 440 526 354 325 441 208 611 441 260 209 323 445 653 650 66
323 184 412 318 48 172 223 248 204 481 182 98 411 326 593 212 410 213 406 283 75 404 245 111 98 126 326 499 231 126 326 173 398 176 309 127 343 440 195 87 246 283 188 465 162 229 171 547 0 146 350 227 82 398 176 210 323 79 165 148 201 308 430 206 171 413 157 385 267 311 397 403 439 108 331 337 295 281 253 199 380 439 389 83 379 392 126 108 200 428 347 81 455 342 296 264 359 104 100 488
362 31 426 287 110 347 65 436 90 369 346 237 464 373 447 209 226 136 187 178 129 217 339 184 83 225 179 379 337 168 422 308 179 55 279 115 346 452 412 196 171 258 108 353 352 225 245 471 137 0 458 365 156 204 63 208 373 189 141 291 197 228 329 121 35 435 314 286 271 344 367 307 245 127 270 212 289 228 348 61 197 215 358 191 427 178 327 57 65 487 340 237 460 379 310 107 504 178 246 472
82 407 88 207 372 243 509 295 413 399 263 441 24 154 387 254 373 288 473 399 371 484 248 254 341 377 527 353 158 509 269 220 619 471 266 380 194 333 294 297 222 161 351 388 374 257 316 232 397 453 0 507 350 527 574 294 107 407 320 407 285 253 202 378 541 241 301 439 264 129 253 184 480 341 156 318 143 314 127 486 642 514 228 528 82 483 407 319 390 224 54 444 239 89 199 500 141 536 454 361
497 325 390 499 216 324 481 300 444 631 244 103 581 497 613 429 600 409 588 485 211 536 211 316 274 159 542 671 364 223 345 329 487 409 598 315 549 764 233 260 390 367 354 708 91 477 176 740 219 401 526 0 298 573 297 433 473 156 362 138 305 437 589 412 347 337 206 684 520 463 667 561 559 313 522 530 495 507 350 378 516 638 575 184 382 540 128 333 418 372 467 158 416 438 401 391 393 156 124 601
258 152 356 175 54 162 182 216 186 356 155 186 284 215 466 169 334 171 293 266 19 364 250 51 59 120 381 325 154 197 325 115 333 141 278 82 263 421 223 32 130 171 141 334 195 128 133 335 71 156 333 291 0 345 203 171 221 150 76 208 100 263 327 171 190 320 154 374 198 227 334 326 400 43 195 221 271 279 172 205 348 296 353 178 279 286 181 68 168 395 306 154 424 239 180 243 310 155 210 419
524 181 569 348 315 498 127 585 130 223 458 408 537 423 362 357 135 218 23 136 334 42 529 407 306 398 93 227 396 376 541 399 80 179 223 232 411 327 476 375 306 352 203 237 479 242 546 352 331 192 464 502 350 0 195 219 430 332 307 562 292 207 321 200 253 718 398 111 257 464 362 308 61 317 388 189 434 180 347 158 78 39 348 362 525 49 557 267 186 615 404 418 756 403 330 111 657 368 446 317
445 58 462 312 133 330 81 416 108 341 360 216 400 432 592 275 319 169 267 293 222 250 466 266 137 281 181 457 308 147 479 293 171 125 341 146 494 462 380 210 261 298 168 427 363 252 329 566 174 50 576 399 186 246 0 291 412 190 209 301 264 342 414 176 19 491 359 306 333 344 543 378 298 211 386 306 383 299 321 58 174 230 389 185 447 176 328 128 93 503 447 188 630 403 329 150 566 215 203 412
200 234 319 73 181 247 244 349 131 190 225 298 251 157 302 58 176 75 244 114 177 248 364 159 192 250 303 250 180 337 398 148 259 133 105 121 194 295 360 151 40 178 64 158 305 34 253 281 221 179 249 424 167 277 259 0 169 336 85 308 72 100 136 68 197 432 287 230 58 170 228 159 208 116 86 89 138 89 154 245 275 221 218 329 335 297 281 136 159 387 211 361 396 191 76 157 412 321 304 255
54 341 163 134 245 150 403 271 342 378 185 320 86 75 293 122 307 210 431 228 195 421 243 194 298 313 485 303 104 437 268 134 487 323 173 259 131 288 266 220 168 52 199 231 323 125 245 245 339 347 95 436 215 426 440 146 0 396 228 280 152 204 175 197 369 271 254 422 157 37 221 155 345 189 100 213 38 249 41 391 417 416 186 415 135 424 329 267 333 266 46 374 223 19 94 306 238 398 369 251
404 224 459 414 135 245 261 340 239 451 243 55 505 370 517 287 423 274 437 355 153 469 315 236 173 166 337 501 355 42 411 316 391 212 446 216 523 561 230 175 258 376 250 438 169 275 176 565 86 197 475 191 173 401 168 318 362 0 215 189 250 466 470 262 176 443 173 537 352 403 460 546 480 227 382 374 342 427 357 220 383 487 588 8 448 340 176 180 218 408 361 24 400 328 331 317 545 28 28 507
204 172 351 128 102 223 182 304 119 331 207 265 287 214 418 111 239 92 277 184 92 331 307 103 81 190 330 303 179 242 318 123 327 117 181 30 275 285 270 88 68 158 47 239 315 86 248 340 137 113 311 349 75 223 187 73 206 206 0 315 47 161 252 83 171 454 197 293 155 194 354 213 306 33 165 149 190 179 165 159 287 277 244 205 349 305 234 79 91 369 263 248 402 196 160 190 402 254 254 354
291 323 304 405 177 174 389 142 330 633 182 130 452 434 570 385 429 391 497 464 190 639 132 176 249 73 470 666 217 229 224 188 492 319 432 256 537 661 79 183 316 317 394 510 57 326 80 521 165 362 345 130 226 546 366 409 382 227 318 0 279 383 408 314 366 273 90 503 460 260 579 421 640 245 392 479 412 431 270 443 561 542 468 202 301 560 42 287 347 358 298 200 263 288 396 381 376 172 187 529
161 187 272 90 127 190 234 238 183 264 158 299 209 164 402 65 189 116 237 185 119 298 321 74 110 210 366 283 172 264 323 93 310 183 159 91 251 368 295 110 39 112 93 263 265 46 184 271 155 204 225 390 95 323 272 70 135 281 55 309 0 152 178 118 186 399 171 320 121 158 245 217 255 63 113 192 143 153 114 206 337 281 251 225 221 330 222 118 164 407 195 235 337 162 109 241 285 303 287 254
266 265 373 81 334 264 274 467 180 156 289 426 300 166 177 114 97 115 215 70 257 287 365 237 211 351 278 141 238 471 533 288 269 164 31 177 182 141 445 235 133 258 138 81 511 99 428 171 288 293 286 558 229 228 273 86 184 421 195 395 135 0 94 129 321 502 333 185 64 281 149 136 200 211 115 48 159 58 259 240 255 209 139 394 365 237 450 200 188 532 227 363 439 232 86 200 378 435 475 146
225 347 357 82 354 291 355 382 256 200 310 492 177 91 141 124 164 200 284 166 316 309 401 280 270 427 355 142 211 476 470 243 340 283 58 279 65 151 378 264 151 219 238 107 508 129 382 111 320 278 247 494 308 311 349 117 167 447 193 502 186 99 0 218 409 468 360 218 70 192 90 37 262 222 98 132 144 117 181 381 374 262 73 476 255 394 369 286 255 434 157 521 442 176 86 294 396 424 445 102
272 123 445 122 161 238 147 420 83 206 249 304 316 216 339 111 121 5 178 76 180 243 360 204 135 247 204 244 227 331 460 189 219 70 134 76 239 300 394 174 84 220 30 206 369 104 350 245 225 121 317 445 140 219 205 67 249 277 82 324 91 128 165 0 179 446 271 192 102 227 296 239 174 102 135 99 211 81 215 178 237 239 256 296 400 218 311 118 87 498 289 301 504 221 127 117 367 326 310 321
441 47 480 314 139 295 79 344 122 318 317 249 450 354 512 282 249 195 261 226 148 253 357 256 92 312 228 441 339 156 555 321 224 102 292 140 375 388 373 214 221 324 178 367 349 271 301 548 180 45 495 358 180 243 20 263 347 171 184 370 256 335 327 168 0 480 273 294 277 357 443 447 272 163 310 259 383 252 357 54 228 263 385 140 477 222 286 93 84 545 367 219 484 317 344 124 549 185 172 502
265 567 146 421 402 233 606 154 494 651 235 388 301 344 504 318 533 454 723 616 341 738 153 355 380 246 748 582 223 561 64 230 629 538 424 383 362 587 189 360 414 268 499 591 347 426 232 516 407 498 268 459 334 686 614 417 297 477 356 233 426 521 442 521 476 0 241 665 408 212 519 481 765 343 385 595 323 587 287 606 686 705 432 445 175 699 327 440 533 42 233 441 29 284 377 546 121 471 497 544
222 355 225 259 139 82 301 112 284 559 68 153 341 261 599 260 402 321 464 344 112 434 101 107 221 42 543 476 152 251 168 143 466 323 358 218 419 595 105 102 209 217 271 487 125 257 15 470 150 285 311 217 123 395 349 315 207 180 205 99 173 412 400 320 270 233 0 544 272 178 447 323 439 193 234 385 277 395 191 306 421 568 417 238 222 401 72 228 250 297 244 176 279 219 287 393 255 189 213 481
388 284 497 246 340 454 257 657 198 70 394 532 437 350 290 283 81 183 86 117 342 137 513 345 359 505 205 166 383 439 525 366 184 211 211 296 276 186 655 341 279 364 214 164 611 227 513 301 472 267 488 671 323 129 273 211 401 433 280 615 300 184 260 169 293 682 519 0 255 368 310 272 53 304 296 134 367 137 401 286 205 75 293 456 480 155 505 258 242 734 463 452 597 437 306 145 552 418 484 240
208 250 329 33 230 288 268 363 218 175 301 398 205 101 217 69 160 117 207 130 241 328 420 215 248 353 379 183 214 371 440 173 362 171 40 181 124 224 368 205 78 139 116 116 387 63 308 158 284 239 248 444 243 252 346 47 148 323 132 388 95 63 87 121 293 455 274 254 0 209 166 116 219 196 59 95 119 98 148 265 309 279 124 319 242 250 346 184 193 505 169 406 437 151 45 208 318 440 422 197
36 383 119 162 248 125 348 213 349 391 127 357 83 107 376 150 302 238 405 329 227 467 217 156 319 258 558 326 73 342 214 100 454 307 238 256 193 429 247 218 177 34 241 319 283 164 205 230 291 358 112 370 233 386 393 222 42 335 182 291 140 270 229 280 333 266 178 448 172 0 243 215 428 192 100 236 68 300 25 376 525 460 189 334 92 452 326 252 260 274 44 327 217 15 143 348 157 349 427 291
226 366 385 186 361 319 439 489 366 184 348 511 216 153 88 206 274 269 409 239 347 476 417 318 345 426 498 146 330 624 498 265 448 372 129 382 81 159 424 329 280 244 342 132 539 235 429 26 450 368 263 527 341 402 480 188 180 531 341 448 231 182 82 316 526 418 417 312 167 280 0 59 336 376 146 221 189 208 262 475 447 340 37 467 280 477 576 333 418 440 184 457 460 266 142 378 380 587 516 70
228 426 338 107 375 335 399 424 365 189 325 558 170 99 126 186 242 257 348 201 325 383 477 259 358 363 367 149 236 433 424 222 472 321 95 258 48 183 473 269 199 207 256 134 522 160 385 79 405 306 215 643 278 397 427 176 159 526 263 431 214 144 47 261 398 456 391 282 99 189 60 0 314 238 114 171 138 152 238 382 364 315 24 506 307 348 435 366 324 438 208 493 491 211 116 277 316 535 491 92
456 241 493 320 371 466 186 667 156 140 468 502 460 389 348 340 100 195 47 156 410 93 575 371 264 556 175 227 431 448 723 388 151 206 260 266 387 226 653 376 252 438 230 229 592 291 442 343 441 273 474 530 301 64 294 282 358 380 305 573 345 169 242 220 317 573 423 55 291 486 294 327 0 313 363 167 320 150 354 225 142 29 401 360 496 109 577 257 227 784 411 453 585 426 254 130 696 403 478 284
265 157 372 137 93 196 231 252 178 310 185 256 245 241 394 137 267 105 250 216 75 385 266 61 85 177 324 394 204 218 336 149 273 144 198 45 320 432 226 51 100 160 85 289 264 101 185 313 130 154 294 268 39 258 164 119 187 227 33 254 58 221 257 132 158 380 158 275 182 182 369 245 286 0 144 232 206 210 194 213 340 302 351 204 313 314 223 69 123 397 244 180 437 182 195 201 405 216 189 415
127 316 267 31 258 194 355 338 257 266 185 433 139 47 269 40 199 183 333 183 204 438 290 158 209 343 338 234 140 379 376 141 418 196 108 166 100 272 379 166 82 94 144 175 346 57 259 218 289 272 186 497 182 280 346 95 73 347 162 422 121 126 83 158 279 303 284 288 71 111 159 107 314 182 0 153 50 170 99 289 416 371 127 325 221 328 330 215 224 373 131 347 357 117 18 278 307 326 337 188
303 251 376 112 267 318 218 406 154 138 362 394 330 215 240 155 51 100 161 35 241 270 411 255 232 367 219 123 276 461 430 309 221 173 84 200 173 199 454 289 135 222 147 86 486 153 396 237 294 196 296 605 267 178 247 97 211 347 183 485 189 52 112 117 285 442 331 137 91 259 173 161 167 247 186 0 257 13 243 239 270 177 176 375 340 204 411 203 151 519 317 413 467 249 147 157 465 371 366 206
74 353 170 82 242 184 361 282 285 318 223 433 92 36 234 92 248 207 372 274 259 408 282 219 284 323 430 310 143 381 279 126 427 326 136 241 85 298 274 187 129 75 249 257 326 104 295 218 301 354 122 498 234 445 405 166 40 442 208 301 148 178 128 222 317 314 274 348 103 68 168 116 422 208 67 222 0 200 82 315 477 397 163 370 155 418 373 312 332 359 78 355 318 53 64 281 281 471 411 214
306 211 383 139 224 333 215 436 137 140 346 367 286 222 243 126 59 69 132 17 272 215 372 237 251 431 222 152 346 361 491 308 254 155 93 152 220 214 378 270 120 236 124 119 441 143 412 249 367 217 356 559 236 160 267 108 273 313 157 401 176 51 136 97 214 594 400 117 100 298 240 205 163 223 172 12 202 0 216 211 208 189 237 399 432 191 368 223 174 583 321 405 571 304 161 154 439 461 451 214
60 285 165 116 230 106 320 190 252 416 129 344 132 111 303 93 357 233 422 265 208 389 250 131 228 231 494 374 61 411 260 71 398 324 185 184 152 421 260 144 120 3 178 336 358 135 231 293 234 273 138 433 165 449 360 153 41 339 172 245 135 255 173 211 351 260 188 331 176 34 232 227 429 150 90 266 70 282 0 419 427 447 197 315 118 438 241 221 253 282 84 293 287 33 112 367 216 374 360 285
471 31 603 296 203 350 23 442 80 361 305 264 430 331 503 309 224 179 162 204 228 192 467 275 133 282 126 312 368 183 614 324 157 94 286 140 470 400 469 232 231 305 138 387 351 256 332 503 212 72 538 436 204 194 43 201 390 205 171 325 267 304 370 156 54 499 362 303 261 430 431 392 232 190 368 234 389 200 424 0 148 231 461 231 460 142 361 128 90 656 474 288 643 416 274 102 641 218 216 437
436 159 518 374 335 421 132 625 136 312 492 455 503 492 492 361 166 191 103 182 367 40 505 408 235 471 27 313 433 319 680 410 7 194 307 233 395 336 476 326 299 390 249 337 512 278 426 404 317 163 539 606 276 79 171 245 463 397 238 591 335 309 379 203 195 772 448 201 345 459 369 398 118 298 411 239 486 257 504 160 0 111 436 321 580 25 418 247 165 761 570 437 695 401 396 113 589 389 421 368
433 247 529 301 306 458 163 673 191 154 452 421 429 376 328 333 131 211 40 182 388 77 502 405 263 426 104 250 459 358 560 432 118 231 243 250 406 222 513 392 243 489 195 246 588 267 555 340 451 276 528 649 328 44 300 280 393 468 263 534 355 238 285 181 271 577 441 96 314 473 382 368 34 328 351 179 449 176 489 244 99 0 330 453 515 96 514 318 214 733 388 521 678 428 348 115 724 496 443 337
239 350 267 159 443 337 424 391 356 233 343 562 183 120 158 191 277 290 395 255 384 455 453 307 348 380 426 179 298 592 386 271 503 337 112 258 44 163 384 328 227 214 301 160 548 220 428 65 445 362 181 577 322 375 465 228 196 492 250 510 274 138 78 217 425 427 468 333 145 214 39 30 384 258 145 232 136 240 202 485 439 376 0 551 263 414 421 336 397 376 177 507 486 166 143 315 334 544 539 113
363 184 442 312 111 250 204 325 267 494 292 71 492 416 609 302 353 331 380 360 135 464 292 217 157 149 400 593 280 33 338 276 338 266 452 211 531 500 312 152 326 313 253 519 147 285 219 589 84 157 406 191 177 432 160 265 331 7 216 237 260 413 440 291 164 429 174 482 405 349 493 427 459 209 399 395 384 341 331 244 378 379 563 0 444 407 157 157 197 512 470 35 402 440 310 283 455 45 35 533
82 502 30 267 383 168 458 192 387 545 173 359 120 206 385 214 411 377 595 374 340 683 225 250 402 243 590 488 126 547 150 164 606 408 351 309 276 388 216 265 312 123 322 405 337 250 233 342 368 479 93 502 307 522 461 332 153 399 324 298 243 366 294 349 526 156 238 432 276 88 365 327 586 305 217 352 185 398 134 422 491 473 236 409 0 618 355 402 380 173 87 486 147 130 254 407 89 470 441 409
521 139 657 370 337 456 114 472 111 219 519 357 454 401 411 365 161 219 62 154 274 47 564 345 259 431 43 257 391 296 560 374 33 150 282 270 464 332 474 385 246 418 192 294 434 257 475 500 347 172 548 586 297 54 192 286 401 410 299 564 318 259 339 223 168 633 485 166 295 380 426 357 112 304 343 215 397 175 477 140 20 91 358 382 528 0 501 219 172 790 523 387 739 495 324 98 674 438 411 350
290 283 317 298 182 150 323 145 316 475 179 119 424 386 610 321 438 299 447 424 173 541 171 177 211 41 555 591 243 185 214 170 405 304 349 241 421 638 118 152 242 278 318 480 50 251 74 572 125 301 430 141 191 453 332 311 317 171 255 41 247 418 369 380 261 345 85 511 312 295 551 466 439 201 302 429 283 399 261 355 553 502 467 186 300 410 0 227 261 378 354 166 307 304 364 446 396 165 137 637
317 88 372 219 68 228 138 331 117 302 207 194 370 244 469 205 226 104 273 182 88 271 339 120 20 176 248 310 229 179 429 213 225 84 219 49 298 374 310 96 119 213 73 264 246 131 263 441 104 58 392 268 86 279 117 146 281 183 65 261 140 265 255 128 109 419 221 320 209 275 411 346 273 67 197 200 270 214 263 150 206 277 308 141 383 228 247 0 82 495 303 201 510 307 260 167 379 221 177 453
362 56 401 206 152 282 94 385 39 309 265 236 378 289 365 173 182 85 196 141 169 244 343 163 81 320 173 308 269 264 409 241 158 10 187 84 317 304 352 148 164 243 62 244 297 143 275 406 215 61 418 372 168 200 109 142 323 265 123 398 142 189 287 88 97 473 317 228 202 265 340 336 203 124 250 150 260 156 309 76 185 215 357 222 435 163 296 78 0 503 358 245 514 340 242 70 491 218 291 383
216 610 129 386 411 263 633 166 548 708 238 482 247 385 477 414 650 486 718 526 333 735 187 294 393 322 603 542 244 470 84 272 601 611 432 404 404 539 261 374 471 250 537 604 385 331 282 471 370 536 268 472 366 570 523 374 245 555 411 284 409 563 443 521 546 38 295 634 447 268 393 482 745 402 393 458 346 568 300 610 710 805 423 436 134 645 290 421 457 0 285 514 21 228 447 669 70 414 471 521
36 398 110 166 368 186 371 260 355 424 205 386 46 79 277 147 318 240 404 271 313 579 266 229 296 256 505 295 98 381 257 150 547 345 227 235 147 326 264 221 205 94 240 324 338 169 311 270 286 416 73 421 250 461 472 192 49 380 253 337 185 206 166 285 420 224 242 439 165 47 210 158 514 225 121 273 76 295 83 483 570 465 206 382 112 493 333 296 362 225 0 443 252 47 161 331 156 427 473 314
445 202 481 328 121 294 256 270 304 462 302 34 410 449 687 336 362 316 410 399 176 409 329 225 189 152 414 526 310 59 398 242 416 222 366 208 564 539 231 175 355 392 284 535 135 273 188 572 85 194 497 140 148 376 221 305 410 28 205 157 255 395 511 310 188 386 215 541 419 337 477 463 453 194 382 377 458 403 364 285 332 498 544 35 368 390 166 199 265 484 365 0 488 364 403 345 559 8 7 588
220 604 126 329 462 244 594 162 488 666 188 475 252 380 490 367 596 400 596 553 397 795 163 320 447 337 646 660 236 441 82 288 773 454 406 384 367 594 176 340 334 236 419 519 316 326 290 404 385 467 201 464 336 770 507 420 253 396 346 324 406 462 462 481 606 25 231 685 458 215 384 403 559 392 362 514 327 444 219 538 629 741 464 509 162 764 281 435 451 19 236 520 0 255 378 520 77 458 528 599
40 320 145 127 298 129 430 196 290 399 166 333 75 87 291 142 286 280 418 260 265 427 256 149 242 239 568 330 74 463 253 98 526 287 206 265 131 355 295 169 185 39 210 248 322 157 219 235 314 332 109 423 257 449 365 188 22 327 200 267 175 265 158 238 348 300 212 340 179 19 260 200 447 206 100 266 54 293 33 420 447 449 170 322 130 393 345 304 270 237 38 409 223 0 135 393 187 384 371 257
156 271 259 15 294 210 316 297 205 201 219 341 160 76 251 50 170 143 336 184 245 361 328 166 219 319 340 227 196 356 299 144 390 217 94 192 103 204 358 172 93 135 132 161 359 62 271 201 326 243 175 504 220 304 297 75 112 371 134 382 122 115 72 166 328 437 246 236 40 145 157 109 342 190 19 124 80 126 126 302 367 363 129 338 214 347 303 195 234 373 141 370 424 122 0 238 347 429 369 200
421 102 461 254 255 333 68 485 34 199 328 320 418 302 390 257 149 109 107 123 217 153 529 270 192 325 145 250 375 318 600 323 116 57 239 134 386 330 428 275 165 315 120 214 361 208 417 408 274 97 512 497 253 103 155 209 332 249 186 391 208 207 246 122 130 609 335 161 249 370 358 358 119 206 296 167 278 153 373 91 103 123 378 327 460 102 328 147 64 689 334 359 508 335 279 0 496 276 365 306
179 585 59 285 412 230 527 211 430 543 238 529 156 285 428 341 593 501 606 539 382 594 186 292 387 375 782 490 169 533 111 253 559 527 344 415 272 514 218 371 367 209 369 436 439 384 274 369 467 455 131 385 364 731 550 367 228 469 382 391 339 443 416 435 620 92 330 502 323 185 413 344 607 399 318 469 279 409 178 524 750 636 353 467 79 594 404 467 450 97 179 476 73 215 329 574 0 517 404 455
423 258 492 378 157 278 287 359 336 446 273 32 449 416 530 388 400 353 409 411 169 387 331 209 212 137 449 645 307 68 445 296 366 272 374 262 540 640 228 218 337 361 250 595 128 303 219 667 88 235 561 134 157 454 182 297 332 36 270 167 239 388 486 270 228 456 169 464 405 365 540 425 542 229 329 476 446 366 409 230 380 482 601 40 486 422 149 208 226 432 495 7 404 331 382 357 484 0 0 674
389 230 440 339 142 282 322 284 329 603 228 38 445 427 533 392 386 327 367 338 187 496 313 200 154 177 399 616 310 69 360 241 393 235 473 246 555 518 268 220 280 310 239 432 118 364 184 660 111 243 444 150 193 391 188 389 393 35 246 193 314 438 434 343 231 409 187 477 345 323 478 438 396 249 333 385 365 399 401 245 355 531 614 42 428 409 122 224 259 477 373 7 411 455 453 321 548 0 0 598
303 414 449 213 466 438 483 487 396 179 471 628 277 181 58 235 198 272 284 254 374 407 584 387 397 522 451 88 342 602 511 326 411 387 139 302 140 70 596 458 245 306 352 78 607 245 586 56 423 477 311 584 426 395 481 237 244 566 358 624 272 171 127 306 389 497 506 225 207 358 78 98 319 416 206 161 236 194 335 475 382 272 109 635 376 436 461 395 403 591 272 605 565 258 203 310 481 632 559 0
