0 327 297 264 418 445 145 273 581 557 580 246 411 559 641 264 239 162 376 14 150 428 109 508 371 687 456 45 421 585 409 151 393 200 546 325 547 563 288 609 423 427 138 164 285 498 198 411 390 429 302 357 333 271 263 166 331 201 99 720 316 455 119 521 337 385 495 36 318 402 167 184 151 253 160 340 165 334 572 125 59 259 427 170 324 579 132 149 467 144 491 206 323 208 387 307 198 314 236 492 500 513 333 491 474 372 102 208 156 340 314 19 338 51 351 246 90 234 187 326 401 410 504 354 245 256 616 51 315 249 321 473 444 231 168 356 220 234 219 210 74 326 317 208 187 144 730 295 211 163 240
266 0 461 275 213 397 188 134 256 383 326 296 246 422 417 201 99 169 131 272 270 293 305 313 364 504 269 268 195 322 293 180 264 167 274 185 350 435 37 413 107 376 200 248 318 318 93 183 343 326 249 168 204 40 106 392 277 75 282 417 137 235 246 420 159 416 337 241 444 219 282 283 180 68 215 108 304 423 195 276 214 452 259 311 147 331 260 239 331 154 390 211 107 303 457 371 145 227 226 146 249 216 248 244 466 104 222 94 249 178 124 323 62 242 146 255 228 161 135 377 224 158 194 416 51 238 437 239 464 164 217 388 293 441 343 235 409 197 278 163 266 144 276 233 334 214 359 48 171 180 329
353 465 0 125 421 396 244 427 738 261 342 170 289 408 396 453 307 305 652 400 149 197 451 323 142 456 434 353 507 508 173 296 286 325 551 296 414 549 362 499 451 280 395 187 105 315 351 699 142 190 323 341 299 390 329 155 119 434 222 501 448 460 231 487 592 52 284 255 73 549 490 469 277 431 284 623 454 36 499 397 359 25 339 496 604 362 513 407 229 340 384 254 531 130 172 21 320 237 211 643 655 445 303 787 86 550 223 376 487 399 325 330 451 313 504 452 248 275 292 37 704 533 660 78 484 586 392 358 24 541 600 360 528 90 529 297 112 529 137 261 213 513 189 581 101 217 545 333 375 483 127
235 338 136 0 321 293 134 406 610 208 258 14 167 381 336 378 211 159 376 292 148 134 319 272 97 432 232 361 386 266 90 204 122 155 341 211 268 423 212 359 290 189 276 84 25 257 192 448 52 83 140 231 155 265 176 169 34 268 178 370 401 255 194 353 479 154 223 211 78 329 439 447 143 372 177 398 462 98 362 377 285 139 220 440 432 282 394 352 157 203 263 98 432 96 161 176 162 85 77 396 621 424 161 602 171 362 144 288 363 230 186 304 302 288 498 428 231 131 222 130 568 397 469 186 299 410 280 225 130 408 413 260 354 149 391 131 103 412 31 126 221 377 88 461 104 136 452 290 330 295 35
434 202 572 296 0 260 359 350 382 264 272 378 232 231 189 439 239 356 309 517 429 291 596 166 296 209 138 527 150 94 385 352 205 264 109 183 264 229 230 213 135 308 392 360 325 186 233 221 352 327 219 122 186 275 236 485 378 239 510 220 313 98 453 179 321 522 227 485 395 33 558 493 309 286 382 263 467 506 4 522 538 406 220 524 329 190 541 479 271 383 222 276 239 424 415 441 315 260 341 157 279 29 221 305 513 299 396 347 479 127 198 443 259 489 328 562 441 352 302 528 422 199 177 566 268 436 261 456 496 332 469 217 47 423 615 224 428 464 311 290 516 391 321 467 396 374 196 226 410 330 384
511 401 317 220 235 0 422 466 552 56 9 221 122 121 69 584 402 398 500 610 379 143 504 88 207 132 112 592 440 180 190 347 128 277 165 197 22 125 411 180 261 84 552 315 260 90 347 561 192 139 193 277 212 420 289 438 247 406 412 127 431 167 469 184 508 336 54 541 231 248 513 702 388 436 374 413 538 275 298 597 439 370 79 604 631 71 715 553 86 356 43 296 385 322 183 339 300 213 248 383 500 256 143 619 311 418 378 422 653 213 278 588 414 517 477 553 494 362 390 327 677 418 377 381 405 545 35 455 304 489 641 30 184 378 548 222 407 616 239 324 466 472 187 581 353 395 163 419 447 451 337
153 233 249 156 346 411 0 224 463 395 330 160 290 539 366 275 101 54 340 153 95 295 189 367 243 583 347 156 357 400 234 47 285 109 421 262 403 405 191 425 300 353 117 60 134 356 119 453 238 239 241 273 221 201 125 146 202 162 56 433 288 365 43 483 400 225 372 87 241 407 283 270 31 222 8 386 300 235 373 194 151 256 371 259 259 420 279 226 360 72 430 79 348 133 323 232 98 181 138 396 431 381 251 522 313 346 17 150 186 270 202 123 243 113 302 339 52 85 100 196 484 345 358 309 184 347 393 89 191 284 280 358 426 179 243 221 173 292 142 81 68 317 194 262 140 19 450 208 191 214 142
231 124 455 332 390 439 243 0 285 480 509 307 308 589 559 49 201 215 168 198 361 408 179 391 409 568 412 211 316 501 451 168 365 197 429 295 435 507 137 497 251 502 126 318 334 480 167 259 473 431 292 311 300 112 181 305 336 132 243 512 29 360 271 439 139 433 429 255 497 279 163 170 227 50 231 176 178 428 311 148 172 522 463 181 67 505 174 157 516 153 447 295 121 327 418 453 163 320 275 225 235 342 374 303 585 157 237 79 127 259 244 206 84 216 99 148 191 261 154 406 178 245 228 520 74 127 605 181 426 40 72 421 405 365 214 337 359 46 353 254 303 100 347 122 373 248 594 144 63 62 307
449 309 724 635 373 598 442 268 0 640 610 474 411 657 554 251 384 425 108 568 614 626 388 556 518 604 390 510 212 464 683 358 467 355 398 380 562 537 297 465 318 659 446 590 514 536 316 93 655 603 442 334 411 290 400 632 600 360 525 572 240 362 484 548 155 804 484 493 725 367 400 359 448 295 456 159 451 597 360 428 454 692 545 405 247 465 477 414 590 365 678 536 144 687 645 623 430 518 549 149 17 345 418 28 792 132 524 278 438 330 418 463 233 418 204 358 472 520 414 800 107 95 147 658 261 349 662 552 639 320 299 494 402 630 527 418 666 313 630 489 615 200 517 307 615 498 614 272 309 383 669
447 369 282 223 290 57 331 429 552 0 74 221 155 171 153 506 284 287 555 470 333 93 552 119 128 245 166 431 436 223 140 384 99 268 202 183 95 199 405 252 351 34 393 274 244 129 364 443 185 109 164 236 169 396 327 406 166 365 398 175 566 168 406 192 480 274 68 382 203 339 503 682 392 439 396 479 579 229 328 552 462 250 107 582 557 116 575 474 40 306 86 246 403 328 101 311 364 187 215 377 578 358 135 535 220 488 392 453 543 238 217 533 495 498 496 526 438 276 328 303 610 441 465 232 388 702 71 450 248 569 635 33 244 365 637 204 336 531 217 309 411 605 163 560 273 357 176 411 507 432 241
572 417 335 297 213 9 381 478 621 70 0 247 160 133 63 569 371 386 409 557 404 129 567 73 164 137 95 454 338 157 178 365 139 339 143 190 29 141 349 140 245 92 447 307 230 78 330 471 237 146 150 267 183 447 325 432 247 344 455 159 431 161 380 141 468 292 58 477 282 227 571 576 360 499 407 511 706 341 284 534 510 361 74 640 603 68 533 577 120 390 46 328 463 325 201 305 359 230 261 434 485 264 150 646 288 446 405 371 486 189 245 591 449 433 627 732 420 271 405 382 658 384 443 362 399 660 38 455 374 445 520 37 185 348 729 170 353 465 249 276 501 441 199 531 335 347 144 374 520 479 311
305 279 173 18 354 239 165 342 502 178 229 0 152 303 348 384 184 165 480 269 135 122 428 274 104 384 213 312 465 257 96 204 143 123 367 194 290 339 273 411 248 205 321 96 46 238 204 467 60 85 121 218 143 259 148 166 41 211 206 338 386 207 168 351 413 139 180 241 97 351 434 449 152 330 161 423 406 133 311 389 286 127 228 368 427 245 418 400 159 204 301 72 436 102 126 195 168 50 60 363 473 324 123 613 145 363 152 249 424 197 150 324 323 312 446 391 219 102 239 155 538 463 386 209 300 411 258 277 150 333 497 248 267 132 446 82 143 435 36 114 225 428 68 420 132 158 388 235 384 281 53
344 259 262 175 189 122 283 395 420 152 159 117 0 270 214 487 166 195 381 447 314 78 431 120 136 231 98 396 314 185 117 213 37 168 208 82 146 201 207 205 193 160 364 258 191 78 226 421 168 110 26 118 49 248 132 266 169 260 263 223 407 114 279 227 447 284 94 364 246 179 427 439 246 265 221 351 448 257 197 364 319 240 68 440 377 127 414 488 124 277 157 152 314 202 157 296 210 104 126 330 433 246 16 495 262 333 308 262 379 125 105 352 261 411 432 560 329 167 220 260 536 304 293 298 269 527 161 332 288 400 441 130 193 275 546 65 305 344 183 160 343 425 66 526 238 228 235 258 319 329 182
698 476 429 350 239 132 459 475 608 191 117 302 252 0 64 668 494 427 468 571 558 241 782 109 282 30 167 694 335 142 273 499 210 410 125 256 91 45 482 70 294 197 644 482 350 174 488 551 389 290 232 263 313 467 386 618 404 473 579 26 566 226 500 101 593 415 160 512 417 258 605 748 541 430 511 475 667 401 291 579 597 483 177 650 550 107 807 678 237 410 72 465 533 410 306 508 464 331 383 453 557 264 233 585 344 574 481 465 710 300 304 537 579 506 582 694 574 392 481 564 609 459 510 427 503 801 142 632 405 571 648 130 219 459 754 292 495 643 427 372 617 544 296 662 439 429 32 504 653 556 467
624 396 475 368 185 71 362 455 571 164 79 276 215 65 0 651 329 361 423 599 502 187 571 83 276 62 98 645 343 97 256 484 185 319 128 260 68 60 372 69 289 191 494 339 350 88 416 457 322 204 221 205 217 379 338 445 359 409 479 72 440 135 548 99 508 360 124 553 294 229 631 635 497 469 463 502 734 331 224 638 602 380 100 716 530 62 757 535 190 418 51 399 492 433 237 478 345 300 364 377 459 212 210 571 335 480 463 395 536 216 302 630 436 488 508 756 467 419 373 468 670 451 384 468 464 628 84 510 400 570 597 123 150 458 723 233 469 620 332 370 437 612 244 570 421 429 78 440 510 598 351
281 180 444 419 456 483 268 64 290 462 540 435 396 630 625 0 248 263 216 242 409 433 173 515 545 729 494 231 315 487 448 262 435 314 463 362 510 652 179 601 323 503 130 284 454 543 240 265 507 454 452 345 377 139 252 402 415 180 354 643 63 357 263 600 178 577 559 274 558 421 109 114 272 116 288 206 163 557 456 149 218 518 476 117 58 503 154 124 477 242 579 283 162 357 492 459 225 384 382 314 295 409 478 257 590 150 310 139 134 288 281 231 154 182 90 123 252 289 175 455 168 284 269 531 130 61 598 214 519 24 23 546 500 436 170 373 383 9 453 286 288 131 351 63 420 292 631 216 72 81 399
183 123 306 160 305 335 118 168 360 278 389 177 206 385 333 257 0 55 223 201 194 255 294 307 255 500 314 194 303 306 224 58 252 49 330 156 403 401 88 357 194 312 157 130 188 269 30 298 235 201 185 164 154 94 43 240 245 63 144 471 192 265 137 359 325 372 255 201 276 289 234 261 88 121 112 220 245 329 262 250 186 324 227 249 263 270 238 245 344 55 338 101 210 185 314 342 22 151 123 264 373 340 188 417 377 273 140 100 212 187 87 247 142 193 222 298 161 84 53 311 331 239 318 400 123 233 347 158 257 197 250 354 323 301 288 170 247 225 172 53 187 254 164 291 236 108 430 77 155 168 218
206 174 282 173 326 324 50 218 443 285 321 158 192 497 346 292 46 0 309 155 150 250 282 278 200 389 334 207 384 304 203 46 198 46 327 148 326 465 119 428 254 379 120 108 174 294 90 327 238 240 185 187 133 149 82 153 204 112 137 446 259 254 88 428 382 247 272 160 211 330 283 277 40 194 54 290 317 269 360 250 148 229 304 249 290 281 265 224 301 39 433 72 252 157 322 293 34 117 111 299 425 378 223 478 294 263 63 116 252 231 144 217 173 176 337 336 112 44 77 229 413 363 334 294 169 250 426 132 253 210 311 293 344 240 303 140 205 233 147 25 122 324 167 283 154 51 385 119 213 194 140
388 132 602 427 259 494 316 185 121 468 436 416 366 543 536 219 239 353 0 402 509 482 329 393 409 485 436 376 147 305 449 270 355 266 315 295 557 506 172 506 193 444 261 363 408 397 237 71 508 481 381 225 343 148 253 481 397 188 386 477 151 281 387 372 90 532 378 434 535 249 351 343 297 132 311 18 297 565 247 312 405 523 439 356 163 482 361 373 521 245 550 336 45 411 470 531 254 375 368 97 129 293 357 118 684 26 374 231 321 226 230 417 103 354 110 272 347 380 237 587 106 64 99 594 174 223 449 372 579 195 200 522 313 495 410 323 496 189 473 350 346 96 448 228 427 306 485 169 213 197 414
14 305 302 292 534 562 143 222 587 522 545 279 330 642 561 255 195 165 332 0 161 453 125 510 380 695 535 26 425 526 434 159 417 225 583 350 512 551 273 659 342 558 99 159 258 499 215 449 348 435 350 358 306 233 283 166 321 226 107 544 254 513 110 689 378 409 474 39 354 419 172 206 124 289 131 314 186 300 414 112 47 365 442 188 306 526 118 114 407 129 501 254 322 201 419 372 218 290 276 394 519 540 321 480 465 366 121 208 136 347 339 9 239 41 312 228 91 228 179 322 487 404 414 447 208 211 603 45 312 249 234 560 577 216 143 318 278 253 283 186 95 396 340 245 209 151 631 222 200 204 311
170 368 160 157 390 360 108 373 542 317 364 165 314 582 522 335 231 167 533 194 0 269 261 387 272 503 456 166 489 422 274 134 290 184 556 282 447 454 276 560 347 382 184 67 153 406 250 466 179 235 267 310 307 249 233 31 158 241 68 472 319 419 69 557 412 219 319 124 189 488 376 376 141 355 103 416 301 144 513 276 185 147 359 315 389 479 259 311 369 162 442 159 395 83 319 161 175 209 177 462 653 438 265 498 234 452 89 229 321 387 243 168 307 167 363 331 126 142 189 150 572 447 449 208 301 390 445 173 140 342 383 423 447 93 301 234 77 310 140 159 81 446 208 358 63 87 533 294 255 319 97
399 316 271 103 255 131 291 463 564 98 137 109 66 229 192 475 210 192 497 342 290 0 425 139 85 242 125 462 436 181 78 310 35 171 253 144 164 217 258 266 289 104 326 199 124 114 217 413 102 37 76 196 103 288 183 273 116 315 261 238 442 173 256 258 516 189 77 358 177 216 566 440 279 315 287 390 425 220 300 478 385 191 88 443 444 131 469 449 81 226 160 184 344 225 103 222 219 95 138 404 482 348 47 505 173 420 237 326 427 213 160 343 331 417 469 546 298 176 247 297 595 427 371 264 387 473 153 345 264 506 408 106 201 223 570 71 230 422 146 195 310 428 59 412 198 203 296 295 351 400 142
122 317 480 441 562 559 241 178 473 513 536 340 458 699 582 187 227 264 322 124 311 428 0 648 537 662 460 89 447 651 454 226 495 320 565 360 670 722 260 652 415 567 122 246 333 468 289 372 384 418 466 377 457 257 310 325 347 194 245 609 224 468 249 745 330 530 453 150 393 509 56 73 207 254 256 388 45 360 527 32 73 396 456 69 219 547 29 27 574 202 674 293 350 397 517 457 224 340 328 360 461 514 483 483 465 295 181 151 44 363 326 120 297 116 253 99 172 293 176 417 312 475 456 454 244 144 648 141 491 154 149 532 531 415 55 379 390 144 358 286 220 285 484 117 313 225 696 266 127 135 365
534 267 427 256 165 71 406 517 533 135 63 240 111 139 71 481 300 328 372 532 339 130 515 0 191 125 37 566 308 78 195 351 100 225 106 183 88 109 321 135 192 189 443 282 251 25 300 447 258 163 160 154 149 336 284 394 251 336 353 161 434 81 355 116 522 326 68 404 257 197 558 553 413 452 355 430 620 337 150 510 546 389 40 584 484 9 673 621 182 341 101 263 433 373 210 442 330 193 207 346 551 209 122 453 268 443 420 423 461 172 205 565 321 492 556 524 476 317 332 349 537 332 388 436 366 624 96 408 357 452 443 93 111 337 673 191 426 435 310 335 490 391 191 465 315 324 149 292 484 511 270
349 374 134 81 378 175 257 370 661 129 168 81 139 315 274 528 243 235 554 353 236 93 438 238 0 361 259 469 461 334 11 312 102 215 271 212 237 336 367 386 333 128 369 219 97 171 306 467 40 45 133 260 171 291 259 280 71 324 242 317 398 231 278 310 488 126 139 337 86 337 505 496 281 451 238 504 433 143 328 391 435 143 199 452 526 245 556 460 99 331 233 158 388 182 56 201 206 120 153 447 529 410 110 657 105 427 224 393 521 264 233 432 350 389 572 626 348 209 276 213 532 509 443 154 366 524 161 305 171 495 469 137 336 173 449 115 204 460 103 218 342 482 102 443 152 242 303 344 382 404 126
654 434 437 405 218 170 491 619 552 228 144 412 252 37 65 566 487 452 579 568 473 294 601 123 336 0 178 600 444 130 341 528 236 463 116 338 139 32 425 59 289 252 545 515 399 155 445 474 379 356 306 302 278 448 338 473 397 487 512 23 632 205 596 79 625 436 157 583 431 245 593 812 507 573 533 555 833 442 264 657 648 471 205 756 584 125 800 732 220 569 122 367 479 488 328 521 450 339 403 462 637 212 285 574 485 462 538 589 693 255 317 701 469 530 687 828 599 358 485 450 508 473 369 417 484 741 161 497 492 681 558 189 201 560 782 306 469 583 407 412 568 562 287 644 579 512 9 399 592 494 479
478 268 379 259 133 127 314 393 451 160 85 208 93 143 92 460 308 335 434 426 348 124 444 33 223 137 0 505 309 61 185 318 124 281 107 111 131 121 226 127 212 204 465 282 264 31 313 399 268 171 141 137 159 333 238 402 227 287 357 177 454 51 420 118 443 322 65 430 277 142 552 464 380 380 344 422 607 341 131 438 411 318 53 594 489 39 549 487 191 358 128 272 374 343 264 428 234 215 267 278 514 156 108 485 315 387 308 336 552 143 171 477 400 486 467 638 378 292 384 362 468 351 367 339 372 568 155 493 346 519 510 100 109 451 561 142 371 399 252 309 466 366 160 434 369 375 139 272 416 380 341
43 247 381 319 524 578 166 201 517 560 599 302 375 638 575 251 209 190 349 31 224 420 93 592 373 580 426 0 423 477 348 131 353 248 565 403 587 574 268 610 334 483 96 224 326 556 261 421 344 355 329 402 367 204 271 183 388 206 146 755 231 429 138 541 316 382 545 75 403 515 166 148 162 219 149 385 116 387 507 78 34 333 413 150 265 511 88 100 497 157 591 238 355 238 422 362 219 300 285 432 514 576 443 437 379 316 126 148 108 346 306 24 303 36 273 155 92 215 149 367 432 485 397 393 256 213 634 57 393 200 253 528 482 243 99 398 286 210 273 198 139 355 326 186 220 183 543 216 163 132 278
469 211 654 423 147 448 447 329 194 480 355 444 265 467 370 276 243 390 140 519 537 392 486 313 471 339 290 465 0 254 472 384 364 267 278 212 456 396 217 345 115 498 422 397 501 296 269 104 505 456 315 171 305 241 282 493 391 237 528 377 234 228 478 280 206 647 371 517 433 132 456 460 351 232 353 136 398 621 124 497 409 476 311 458 293 303 533 466 396 388 399 313 147 505 429 658 275 310 308 57 176 152 299 184 483 154 454 313 379 207 255 423 232 408 253 471 374 296 341 603 211 85 37 550 261 404 473 380 640 278 369 347 172 608 586 282 595 297 499 317 395 213 416 364 478 385 315 238 349 291 440
527 275 420 352 110 150 340 464 503 205 122 261 137 144 115 407 331 369 393 495 393 217 562 65 332 145 63 537 227 0 298 335 189 248 29 192 164 118 300 89 213 265 429 373 342 85 334 405 291 245 177 137 204 325 235 422 359 312 469 143 484 75 443 69 497 368 125 527 337 134 598 508 411 315 437 415 585 464 129 605 554 426 125 550 518 68 501 450 271 382 154 283 338 383 294 389 347 288 255 328 428 112 172 503 444 425 428 364 602 161 218 441 413 505 398 542 374 299 380 457 428 367 260 491 335 543 205 412 512 538 508 166 54 384 540 239 479 502 284 305 527 480 275 567 455 344 139 280 418 453 405
354 380 154 95 393 164 292 504 549 116 179 88 142 346 219 477 283 253 446 343 204 71 423 220 11 282 202 432 399 310 0 286 107 183 266 200 201 332 329 286 322 93 371 191 100 203 251 487 48 34 142 289 145 302 221 239 85 331 281 284 463 249 243 358 578 117 160 383 97 304 544 554 287 330 221 492 443 155 352 480 335 155 151 583 420 185 447 465 94 237 231 161 500 183 51 207 267 128 129 461 516 406 120 619 126 439 224 382 517 217 226 451 333 329 530 556 254 188 258 220 549 465 484 174 422 567 160 337 155 498 582 128 259 209 447 117 160 450 130 217 307 579 81 482 171 266 372 301 452 394 112
138 142 310 206 315 343 49 190 480 320 404 204 282 492 464 211 66 36 303 122 169 237 208 390 284 465 386 164 298 339 274 0 249 91 349 181 481 484 135 487 266 373 105 135 221 382 96 356 275 247 205 282 173 134 109 182 258 99 97 489 190 290 91 393 311 365 338 122 300 299 231 217 22 190 53 301 258 239 299 184 125 279 352 273 230 373 242 194 407 14 462 101 252 198 283 254 70 185 126 280 424 338 248 381 409 279 62 116 203 220 174 140 179 107 269 271 70 75 41 249 318 329 364 406 136 275 441 100 267 193 276 378 392 242 264 168 222 197 186 62 93 275 204 221 194 63 439 109 163 138 159
408 322 241 122 226 145 215 400 547 125 128 134 34 263 156 428 233 188 420 359 302 35 477 135 116 227 111 352 349 199 91 256 0 147 209 133 172 242 213 251 195 145 312 248 185 98 200 431 135 83 61 152 71 288 200 323 144 236 313 241 365 135 330 254 503 246 64 386 189 197 534 462 254 363 218 368 419 230 259 394 353 218 80 524 395 112 568 426 89 218 156 182 387 226 126 298 194 104 115 387 495 276 20 532 199 343 289 342 422 172 157 401 316 398 456 516 320 185 263 245 430 369 313 245 295 537 164 404 270 412 414 106 169 263 586 62 256 417 161 169 319 488 55 430 203 221 267 221 341 339 181
242 142 270 162 308 312 100 234 358 292 277 111 150 431 359 248 51 58 306 264 197 206 276 235 231 377 281 275 266 319 227 86 190 0 306 121 325 383 102 387 190 249 184 117 173 262 59 353 162 165 131 159 99 119 44 206 188 106 148 361 244 244 162 354 377 241 216 213 235 236 331 364 103 180 88 232 308 218 306 247 224 221 215 339 299 231 293 250 310 82 308 59 270 168 267 293 30 106 76 315 409 286 157 448 346 301 110 150 275 141 93 264 181 184 275 338 156 47 87 308 365 279 329 387 159 364 363 183 274 241 341 301 249 259 330 94 233 282 113 40 205 283 131 311 189 78 364 122 202 224 181
585 343 410 338 121 184 428 458 420 221 190 377 202 153 95 593 322 318 414 494 490 221 598 115 319 132 104 581 303 31 354 378 213 287 0 230 183 96 260 65 247 279 510 461 336 108 388 325 316 284 181 181 232 300 295 512 404 371 525 167 384 101 390 59 468 499 172 493 424 140 674 663 405 424 452 400 548 517 126 630 490 407 160 511 543 108 544 538 288 416 176 376 370 408 372 417 347 271 346 258 416 133 189 441 447 361 477 347 567 204 246 561 407 475 477 683 545 350 377 426 499 395 287 554 326 506 177 535 418 473 565 191 58 474 667 231 394 459 388 325 573 405 306 501 443 388 129 278 501 537 340
412 179 299 170 166 230 258 308 415 193 210 184 95 315 256 320 153 156 235 365 298 137 368 164 239 307 153 392 215 172 202 199 130 137 216 0 229 242 114 240 109 235 316 252 219 119 158 275 253 175 63 68 38 196 98 370 233 198 240 289 266 97 258 285 401 309 152 361 249 135 402 443 189 237 243 256 354 321 183 333 282 323 134 441 369 173 379 438 258 203 274 163 276 249 270 379 160 103 120 274 426 191 97 406 285 315 282 259 401 38 44 398 225 298 368 423 270 132 179 348 350 269 235 417 202 365 206 293 357 348 409 218 129 281 452 90 299 281 201 175 310 336 128 354 252 181 301 143 337 249 208
492 445 380 241 275 26 343 604 507 72 30 247 142 83 64 638 378 374 563 517 367 152 687 81 230 134 114 561 423 168 221 469 157 330 164 212 0 129 347 121 331 130 511 413 304 98 313 528 266 162 194 297 219 469 367 517 249 421 431 121 454 199 397 138 644 291 65 568 305 308 703 710 347 526 374 486 707 357 255 564 548 403 88 701 495 87 621 613 127 402 14 359 469 344 180 382 347 207 274 450 629 248 179 563 297 412 482 463 599 216 243 578 514 456 646 578 523 283 453 391 509 517 363 383 492 663 41 492 378 594 596 55 183 460 643 222 428 504 273 350 509 579 223 717 379 443 118 381 472 519 288
648 410 442 349 201 121 406 556 571 220 107 407 257 41 50 566 446 445 397 653 491 270 690 124 313 33 113 676 411 116 276 523 203 335 83 266 107 0 431 34 301 202 487 484 409 128 447 404 344 280 216 249 281 425 309 499 390 466 496 50 485 186 456 44 619 434 155 594 401 201 769 586 476 506 518 478 694 416 213 617 606 527 153 707 532 95 626 729 239 413 84 393 438 443 291 410 374 316 358 387 575 215 261 622 439 530 419 531 723 231 325 531 514 512 610 744 459 383 502 560 493 407 338 534 534 736 129 545 420 556 559 168 151 534 787 283 398 585 370 411 478 488 270 602 522 447 24 419 644 601 434
271 41 414 284 256 353 181 151 325 294 291 227 230 433 414 178 84 147 159 228 297 271 253 304 357 380 305 295 200 310 330 128 250 108 353 113 401 329 0 364 94 429 154 218 270 289 54 221 324 270 207 142 159 40 66 330 250 51 223 457 127 234 276 320 214 367 282 297 364 199 264 271 142 108 192 187 301 349 208 278 216 384 282 273 193 301 297 287 330 128 332 145 117 256 357 416 90 199 181 205 264 229 233 325 382 171 219 95 269 138 110 269 85 258 229 251 198 165 95 379 314 223 202 513 81 254 351 213 350 175 251 280 217 309 291 204 333 199 223 120 251 193 215 259 307 204 375 16 156 193 282
688 336 556 361 188 139 406 602 555 208 164 378 210 68 91 549 385 369 438 539 573 298 695 126 346 58 110 518 299 96 341 502 268 421 71 239 165 39 374 0 285 224 595 472 456 129 373 430 318 261 279 269 237 480 401 572 344 454 531 67 446 162 440 20 618 469 173 538 419 234 561 719 418 519 546 475 681 496 197 625 518 520 182 642 611 121 679 581 290 438 143 397 483 501 363 548 411 355 406 346 439 216 277 604 393 529 572 511 556 277 308 643 386 487 573 612 589 351 407 444 521 426 329 569 511 634 151 613 515 599 620 161 151 452 690 264 469 609 409 397 539 559 275 570 432 391 36 397 561 615 433
449 111 474 300 137 263 287 248 247 370 282 284 175 296 287 315 196 210 193 338 425 266 354 219 372 335 184 350 121 221 356 224 252 170 202 109 312 254 99 255 0 304 285 336 358 234 157 173 363 285 200 66 142 166 122 436 364 158 292 327 214 147 283 230 279 491 219 364 361 98 433 435 273 154 252 174 471 360 140 368 302 485 204 327 263 206 460 424 286 221 266 247 151 409 397 427 219 231 268 119 232 140 210 322 433 146 308 217 344 77 119 430 134 368 259 443 330 196 246 508 330 191 144 499 186 342 309 293 364 296 341 288 134 476 394 173 385 301 295 237 346 202 272 304 382 291 341 138 276 236 376
445 412 240 176 317 88 381 512 719 36 113 165 165 254 177 557 386 361 490 431 334 105 556 171 112 280 197 550 442 249 89 356 142 297 309 212 135 233 308 240 371 0 506 297 234 133 308 525 152 124 208 259 194 436 256 309 171 399 413 260 592 192 396 237 497 201 104 435 157 368 565 598 354 497 338 579 701 259 329 583 475 247 138 572 663 146 521 509 20 337 111 287 417 226 79 282 344 176 201 525 565 374 150 590 193 491 360 381 482 230 267 440 414 421 517 605 403 322 436 257 716 474 527 230 487 620 98 504 272 627 539 70 317 259 582 191 332 487 232 294 454 558 153 695 244 321 255 364 527 545 209
119 199 361 255 421 530 117 109 454 406 475 272 347 632 434 154 144 150 247 94 227 412 122 463 380 545 345 110 402 513 359 103 306 176 545 243 471 571 165 482 237 397 0 204 333 404 137 350 375 294 327 299 321 119 199 228 289 129 149 569 132 422 166 511 266 419 419 129 420 425 123 172 119 123 125 245 135 363 401 92 80 316 411 156 161 459 154 109 419 77 433 199 261 265 370 389 148 255 207 278 376 435 332 435 471 239 134 78 75 303 199 122 147 69 182 142 104 192 90 362 277 292 328 515 142 179 570 85 405 143 186 509 381 324 192 242 271 132 276 152 165 223 350 171 234 137 625 141 82 80 287
187 302 191 92 391 306 57 337 445 347 329 92 216 411 380 391 152 101 355 219 71 243 308 377 178 548 345 248 365 316 202 123 227 110 372 229 373 480 194 445 254 275 201 0 89 329 198 387 144 174 182 243 191 255 158 107 110 207 71 469 366 364 83 453 458 196 335 145 194 341 356 316 104 307 75 345 359 137 422 242 217 151 253 360 329 381 308 271 307 135 392 80 362 74 217 151 110 139 103 405 570 413 222 502 215 428 90 253 235 260 173 168 283 153 435 377 101 78 165 145 464 359 470 223 285 320 322 142 158 340 384 289 427 101 313 166 86 322 61 90 96 387 169 365 67 48 444 217 277 277 78
276 283 126 24 354 262 186 431 493 204 295 47 169 355 361 436 179 190 461 292 114 118 440 303 85 446 241 341 409 330 103 217 146 172 406 235 333 361 289 365 285 198 302 111 0 253 256 515 53 121 170 242 186 264 201 160 28 255 166 461 362 245 181 386 478 130 199 230 76 400 488 403 155 393 181 383 413 99 319 420 275 99 220 424 457 318 344 362 203 232 356 119 414 63 171 141 187 89 97 374 631 371 174 658 153 499 150 295 398 284 213 320 364 321 454 469 240 116 258 150 501 491 531 174 291 412 318 258 105 446 458 235 367 107 407 132 75 400 26 126 201 398 116 385 95 153 364 273 399 369 20
497 297 317 251 172 96 358 402 512 117 71 230 93 152 105 494 288 309 404 506 406 114 466 33 162 160 33 471 367 85 197 330 90 202 141 120 84 156 274 139 234 157 413 313 230 0 232 381 222 138 99 157 127 302 194 340 254 305 438 160 424 78 318 131 455 363 42 370 234 177 587 539 344 330 302 333 577 323 205 547 480 389 15 537 495 42 640 539 154 310 90 256 384 339 180 382 245 150 188 380 520 182 85 442 324 335 391 343 530 171 193 476 381 463 532 543 329 245 281 343 430 386 314 308 394 477 132 365 386 506 534 87 112 333 615 127 374 493 262 251 426 513 153 554 325 292 158 266 397 433 273
208 74 301 201 276 396 145 184 406 379 304 212 199 464 355 206 30 78 246 249 235 208 239 327 300 366 302 235 263 289 282 99 205 80 329 143 430 403 54 374 172 396 159 172 224 323 0 247 283 285 170 134 173 57 49 246 276 37 218 461 171 247 183 363 257 374 310 220 306 270 230 251 122 106 141 191 301 346 277 247 206 298 297 233 192 280 288 252 327 68 330 112 209 201 393 405 48 182 145 202 392 287 234 348 350 219 124 86 197 158 113 215 139 189 196 302 184 114 64 343 358 264 229 361 86 278 440 161 374 177 201 315 261 269 303 141 266 219 197 77 228 211 173 247 213 149 376 44 157 166 246
527 170 723 503 250 506 423 284 76 560 552 442 455 534 474 230 327 380 67 408 465 476 468 424 574 480 318 482 110 411 562 335 395 302 394 302 464 535 221 383 189 492 371 402 434 372 312 0 488 505 344 280 386 216 297 565 519 239 544 462 244 284 448 447 127 585 374 506 478 231 368 346 381 192 383 105 473 663 247 366 434 549 355 456 205 435 472 420 545 372 537 453 119 449 532 552 319 451 453 82 78 220 405 93 640 89 491 256 356 302 334 514 185 431 187 372 463 391 328 678 136 30 70 783 255 299 449 394 637 307 292 441 279 498 484 355 637 239 502 378 419 173 474 284 474 356 524 203 297 337 484
302 368 110 63 335 189 215 348 656 196 216 69 156 359 319 394 211 239 444 375 189 92 492 286 44 327 246 378 452 336 43 265 142 180 360 190 270 369 306 376 294 143 327 168 49 224 287 499 0 67 132 314 180 350 253 173 29 326 195 376 365 246 245 395 502 99 164 305 58 368 487 530 258 339 188 432 550 92 411 464 351 124 210 534 422 265 440 478 143 229 300 140 444 132 100 121 248 100 120 521 601 384 123 552 102 511 245 304 465 223 207 327 365 327 527 479 266 169 260 126 482 429 394 158 394 525 260 264 107 402 483 177 340 145 458 150 154 502 69 203 289 445 91 470 135 171 411 253 347 446 78
413 306 164 104 276 182 244 436 609 122 178 76 88 246 211 484 206 188 379 408 240 44 467 175 40 273 158 431 376 270 34 233 77 185 315 153 160 294 270 327 309 113 316 201 97 161 238 555 64 0 97 243 117 309 178 236 79 302 264 289 395 205 228 277 531 161 144 310 95 317 427 450 220 362 224 371 447 167 356 405 361 175 153 470 520 162 513 430 88 281 200 171 447 147 82 236 248 85 99 391 550 306 82 485 144 369 247 355 400 193 209 327 320 348 507 432 276 187 304 203 616 470 427 227 301 449 200 360 181 503 437 117 231 191 557 102 223 382 131 173 314 454 51 509 203 182 266 251 413 341 116
327 235 323 167 180 193 201 299 411 172 146 132 30 303 212 428 169 176 304 402 291 78 459 152 148 263 124 430 264 186 151 240 62 134 183 55 186 226 179 283 159 201 288 198 143 104 178 418 163 109 0 124 29 223 126 310 179 209 311 245 368 130 265 231 359 224 121 354 187 219 499 458 245 237 238 369 414 215 193 388 372 236 94 480 357 145 504 437 157 193 171 114 352 246 207 296 158 73 116 269 426 210 36 475 256 297 254 291 356 118 76 367 282 373 454 387 242 132 199 254 511 347 356 273 250 374 231 345 262 396 344 140 204 231 479 29 232 370 179 148 319 423 75 389 258 200 235 225 320 351 195
363 160 346 265 110 206 285 235 364 300 231 228 117 292 212 384 198 218 204 355 357 210 355 146 305 247 148 341 194 129 247 245 169 153 161 59 214 251 131 269 56 247 325 273 263 164 170 286 258 229 124 0 120 165 144 423 250 193 375 277 302 86 357 205 271 426 194 415 324 91 425 368 221 240 298 208 430 420 101 414 400 444 164 437 271 179 452 387 240 235 287 234 232 300 353 398 198 160 170 210 383 131 154 332 436 248 293 250 330 20 94 331 173 296 280 394 270 236 239 416 391 223 204 446 211 417 281 364 421 267 363 261 107 391 387 131 329 283 309 173 397 296 165 428 309 218 259 150 253 317 317
332 218 300 166 168 211 211 320 380 199 179 147 61 275 271 336 141 157 357 373 258 100 428 135 158 346 144 359 235 177 147 202 78 96 193 43 213 297 161 293 162 230 276 224 178 112 126 366 147 125 30 102 0 207 107 326 156 192 269 352 293 117 237 219 419 255 158 287 217 165 476 393 197 295 168 351 499 253 221 347 323 268 140 374 348 150 410 320 175 183 210 108 318 252 236 262 151 70 109 269 479 203 60 434 283 304 223 237 315 81 64 308 209 292 375 382 270 119 200 311 391 319 255 298 225 412 224 291 252 334 384 180 202 318 484 43 230 298 184 142 243 369 97 366 248 207 308 159 308 324 176
250 33 481 248 290 411 160 98 316 452 450 273 263 530 445 141 101 128 164 261 270 254 222 387 294 483 279 278 219 350 369 152 243 149 400 163 436 484 47 396 143 454 154 221 276 279 55 238 320 351 211 185 181 0 100 352 260 37 247 487 108 259 229 372 175 413 369 261 339 255 235 253 184 57 190 155 232 354 254 205 198 365 295 270 173 335 297 251 338 106 395 193 123 298 338 379 111 228 192 170 235 294 238 327 498 155 191 56 214 154 137 270 56 219 147 240 171 174 85 416 239 216 234 403 35 223 374 180 398 121 171 327 326 352 345 198 374 171 250 149 221 166 300 195 294 198 527 31 127 105 304
236 102 354 176 261 287 157 185 391 244 307 155 153 366 321 309 51 94 297 261 217 193 263 257 221 428 208 273 267 266 229 125 163 37 334 89 330 301 68 304 149 255 213 158 163 252 49 263 184 217 130 124 115 107 0 251 230 94 232 464 243 188 183 397 296 344 252 203 249 197 287 364 115 168 120 279 341 271 283 303 250 267 202 330 299 225 278 288 241 96 367 99 214 201 273 339 44 121 101 275 373 306 137 428 292 221 183 139 270 113 49 230 143 217 244 391 194 71 98 290 391 297 232 320 121 273 366 232 342 263 240 261 242 260 315 96 228 229 188 83 227 231 161 320 264 109 392 74 183 238 196
153 350 149 147 458 406 149 371 525 365 467 151 349 609 445 380 270 170 433 197 29 283 335 481 208 521 347 223 552 524 235 180 297 228 569 277 424 472 309 476 450 313 213 107 131 460 275 464 188 257 264 402 329 281 293 0 166 292 90 519 434 378 93 600 527 230 374 150 203 473 299 318 148 366 132 526 377 123 450 306 238 142 334 329 361 429 302 278 312 229 484 180 498 92 293 129 195 244 176 436 681 479 260 563 264 458 110 315 308 306 254 170 432 220 516 412 145 158 242 127 617 546 435 245 340 435 460 180 113 347 408 423 426 59 352 294 82 411 139 213 110 425 217 383 67 146 495 279 302 353 135
349 269 121 31 403 275 201 345 579 220 266 44 188 327 284 398 218 204 385 282 148 105 459 233 60 370 241 310 400 325 87 249 148 154 397 218 266 411 244 331 372 199 329 116 27 243 276 459 24 87 156 283 150 291 193 162 0 247 198 432 419 270 191 393 503 116 176 275 62 383 383 439 221 327 179 465 498 87 405 368 365 107 212 485 444 231 433 350 144 230 286 127 432 99 106 132 171 96 83 506 633 459 167 587 112 453 177 269 364 266 238 314 311 277 458 477 211 170 282 150 632 423 526 177 364 475 299 239 112 403 461 227 293 115 483 140 103 480 53 142 195 457 100 479 109 152 346 259 322 357 41
249 80 360 273 256 379 164 132 287 333 334 208 209 497 354 193 60 99 176 218 236 326 261 301 300 538 341 229 223 372 267 93 243 113 301 187 379 490 55 482 183 373 135 166 257 333 37 295 333 288 226 182 204 43 97 250 280 0 181 418 114 306 174 460 266 347 372 214 357 218 209 263 114 84 160 186 249 335 308 188 172 296 256 274 184 329 218 176 359 81 358 183 169 262 393 388 71 171 206 243 279 305 276 274 448 183 159 62 184 173 151 188 84 180 187 282 147 149 57 416 310 264 208 483 56 233 467 171 312 150 195 341 350 263 288 223 296 196 219 105 197 185 245 219 265 165 395 47 117 135 272
93 292 246 187 370 472 66 256 590 369 460 175 259 623 502 341 162 127 401 105 56 272 201 402 302 585 435 158 508 488 263 124 308 155 511 279 395 604 241 485 375 353 161 74 159 425 178 441 200 293 241 382 300 266 169 76 213 200 0 615 329 389 12 456 463 238 378 74 274 343 249 277 89 284 72 429 294 175 466 220 143 224 410 266 332 408 267 217 406 110 484 149 401 126 344 252 127 217 150 423 510 467 245 610 292 420 44 191 190 337 237 123 250 106 372 330 44 134 137 178 469 388 374 335 230 326 431 88 231 271 366 427 377 123 288 208 146 306 141 129 21 441 225 262 115 74 499 256 198 252 147
661 466 420 420 273 137 570 627 649 221 136 429 226 23 66 537 511 421 522 715 606 266 621 132 285 20 202 710 446 157 275 510 260 378 125 304 128 54 431 69 299 212 664 482 461 165 478 559 373 295 254 285 319 468 433 593 406 450 483 0 630 249 570 103 676 388 206 648 437 251 595 648 462 460 561 596 785 530 270 776 721 431 164 675 633 156 618 603 219 515 92 392 501 404 283 483 468 297 380 438 524 283 237 511 404 514 527 549 772 312 296 738 591 637 593 807 510 405 586 564 701 544 472 499 577 768 167 575 556 711 571 172 195 553 784 294 436 530 478 416 535 631 285 698 477 551 32 428 587 632 491
297 122 540 407 304 494 227 31 285 443 476 413 404 646 484 71 213 197 160 242 388 362 190 462 451 613 380 232 231 477 462 227 354 235 372 329 472 512 146 591 231 461 153 347 372 390 152 233 480 413 391 263 347 119 203 435 363 128 302 611 0 419 278 500 142 514 406 318 483 364 191 190 258 49 269 136 231 465 375 156 235 460 399 155 53 402 204 176 435 210 498 283 114 441 491 536 194 297 315 221 274 392 426 230 544 126 219 100 171 282 283 237 63 229 55 152 292 265 143 438 185 203 247 536 84 142 495 212 541 60 77 528 429 424 287 304 350 51 347 218 339 74 419 125 400 280 495 153 87 81 415
512 254 342 290 113 182 362 313 453 196 167 256 120 198 143 384 243 261 330 467 387 174 495 82 218 179 58 384 205 71 271 326 137 220 96 93 175 180 201 164 156 197 349 299 272 73 239 359 307 212 118 89 127 263 181 353 232 270 324 208 377 0 378 151 372 358 131 365 318 92 544 425 346 278 339 312 519 369 99 410 399 318 76 449 424 98 435 493 209 272 179 275 315 356 304 400 256 207 229 233 427 147 145 442 338 370 316 337 527 93 156 471 302 407 453 454 417 252 331 424 482 268 292 352 309 535 199 368 403 351 499 168 58 378 520 146 387 465 302 224 347 348 170 495 402 312 181 223 332 377 339
109 264 236 158 452 371 39 247 572 356 450 170 328 602 427 338 129 106 405 136 67 275 193 413 252 511 413 125 442 367 239 84 283 174 529 289 484 537 228 483 371 314 131 67 197 340 156 449 190 215 271 338 277 206 204 82 220 223 13 613 339 359 0 458 465 246 307 68 252 334 238 314 81 288 59 322 279 219 400 192 150 236 324 276 307 432 275 227 394 95 520 113 396 129 352 194 162 163 173 476 569 499 263 536 262 312 33 184 220 277 203 113 318 134 305 253 41 128 158 236 386 429 448 266 230 337 385 93 183 312 269 377 484 158 297 249 115 250 163 109 28 401 242 346 100 64 611 250 237 223 161
681 356 471 396 164 187 408 527 484 212 184 415 246 102 85 530 449 374 372 660 494 265 626 120 368 66 112 541 282 70 309 489 255 412 55 218 138 58 410 22 289 254 606 433 387 132 412 392 334 337 245 252 232 410 337 516 415 449 584 96 470 134 563 0 468 386 197 542 421 216 574 722 412 438 491 394 576 440 154 538 497 556 152 617 548 125 689 531 278 404 157 448 435 522 369 513 453 330 364 305 416 153 265 511 438 495 490 394 652 234 263 547 487 487 583 666 598 358 441 463 556 330 294 462 507 651 196 481 457 576 527 213 131 485 664 317 511 569 401 441 608 446 271 643 518 524 73 345 511 493 464
334 217 536 441 316 556 402 152 121 654 634 536 431 617 550 178 259 323 75 337 505 458 348 417 464 679 479 421 222 373 486 355 483 371 504 355 552 582 235 602 229 572 308 460 455 413 302 136 578 474 472 321 407 226 343 553 454 205 410 635 106 427 377 528 0 527 536 342 498 335 228 268 307 135 320 83 332 586 348 280 324 525 503 314 92 572 335 283 640 261 606 381 104 531 653 526 269 465 388 189 100 355 417 125 561 91 336 206 238 332 288 411 139 358 59 281 413 349 289 511 40 130 159 770 175 196 613 417 651 171 146 494 366 491 309 449 496 161 483 325 422 40 481 205 471 397 609 190 229 241 562
382 486 50 117 424 263 238 572 749 258 341 139 248 384 404 597 300 282 656 428 239 206 537 385 124 396 347 343 571 471 149 293 255 316 430 272 299 440 386 387 432 238 346 223 108 284 314 550 111 155 239 361 260 437 270 193 95 428 234 519 528 372 275 467 529 0 322 326 47 468 615 529 294 479 229 640 604 61 542 430 331 59 318 556 517 349 472 524 216 282 309 188 465 117 123 63 317 224 195 511 625 419 226 618 55 471 237 359 512 348 301 363 465 433 518 530 324 222 330 82 639 490 524 63 443 654 312 300 56 570 471 261 439 117 509 265 136 600 161 227 256 556 190 463 163 214 442 436 491 492 143
416 337 274 242 209 52 287 488 479 74 46 231 83 156 113 459 306 260 468 444 303 82 546 62 142 178 78 466 399 130 161 336 74 261 150 174 89 166 272 203 271 120 423 285 219 38 257 428 183 123 119 211 162 365 218 379 214 286 354 200 373 135 381 181 582 281 0 377 239 213 486 474 355 344 298 455 555 306 210 483 472 340 26 559 523 70 546 550 86 345 95 236 467 319 184 286 300 184 219 325 441 267 89 579 296 369 344 394 520 197 222 497 329 472 427 565 428 256 295 390 554 369 407 323 358 549 100 494 346 483 574 39 198 294 566 118 280 414 267 266 347 463 147 498 338 363 170 353 460 439 225
36 266 346 224 486 548 100 227 555 410 423 236 361 677 485 260 170 173 466 43 131 355 178 462 379 554 426 70 528 502 367 133 335 223 445 372 567 646 286 558 422 504 120 126 265 484 200 427 329 377 297 378 283 223 217 163 303 223 68 543 321 473 76 608 457 322 416 0 313 433 219 223 111 269 103 413 233 279 505 137 70 279 372 246 317 420 171 163 420 134 460 186 391 174 421 268 171 302 251 455 589 458 304 427 344 370 75 200 193 403 238 49 248 68 380 241 45 176 142 295 492 458 485 322 224 294 505 34 310 216 326 451 499 183 181 261 198 252 201 157 48 413 252 213 178 124 533 260 177 203 255
310 324 93 105 376 268 233 456 642 226 297 115 197 372 361 432 259 235 468 388 200 169 437 274 72 390 308 325 531 402 98 246 197 197 446 239 312 352 359 427 388 162 323 161 66 285 305 589 48 101 243 315 205 423 308 194 72 324 211 381 537 310 256 479 612 49 258 305 0 414 441 523 229 433 227 440 483 57 438 460 334 78 285 516 560 291 561 507 183 300 281 202 461 108 106 102 236 131 157 571 625 495 201 636 75 464 275 390 382 347 291 311 377 379 583 444 274 225 309 106 559 577 603 101 377 461 306 340 90 449 501 197 429 151 539 212 105 444 100 194 223 550 160 526 138 205 394 326 380 399 79
455 221 464 315 35 226 334 281 265 324 277 270 165 301 237 441 275 284 254 525 472 278 493 190 332 229 173 463 132 112 356 372 257 238 114 137 308 193 187 242 87 300 312 322 306 159 201 262 303 320 202 73 174 209 176 433 297 287 433 262 287 84 362 185 367 498 222 457 466 0 414 515 311 290 333 246 456 451 29 499 412 502 205 531 335 203 555 439 287 339 303 259 193 352 426 490 264 265 275 154 290 46 176 282 376 283 348 339 459 110 138 479 252 369 374 492 348 256 336 542 322 175 148 436 258 446 303 476 407 378 385 303 75 477 443 224 449 430 390 266 484 344 293 416 390 287 273 189 352 390 306
220 249 575 402 504 695 235 130 395 690 579 477 539 767 674 110 262 312 287 163 374 432 74 579 492 695 588 127 393 577 574 234 548 266 535 419 626 733 293 701 370 517 119 309 432 480 264 372 447 425 485 433 435 215 269 319 477 246 235 679 197 549 237 596 262 570 491 200 505 527 0 11 267 182 257 301 33 480 500 76 136 479 489 14 157 663 69 58 658 212 571 343 329 430 569 466 276 352 364 335 361 458 495 432 543 300 272 181 54 452 392 178 224 146 185 27 231 306 227 478 255 355 430 621 215 70 564 196 555 109 129 567 611 421 75 440 398 131 335 316 261 262 445 63 400 261 789 282 112 104 373
226 228 488 390 479 566 287 124 416 560 597 369 399 670 596 92 284 246 262 204 314 530 90 631 515 627 509 159 369 497 526 231 428 270 596 401 709 708 297 700 367 634 126 292 432 551 257 381 546 441 371 482 377 259 298 410 414 215 261 807 196 485 323 663 248 557 586 223 542 394 15 0 227 217 249 255 48 430 558 79 136 547 545 20 166 623 73 70 531 250 697 294 310 442 513 470 312 400 362 387 327 531 445 414 520 293 235 189 62 465 395 164 262 168 194 19 244 369 223 461 257 391 338 606 208 56 608 230 471 117 127 616 574 407 107 428 414 122 470 275 304 200 418 57 345 281 625 262 126 121 382
135 180 242 142 379 370 24 173 428 317 433 153 218 426 462 229 76 39 353 160 130 254 189 318 286 560 310 154 334 383 257 22 285 82 450 228 464 522 146 467 299 308 98 98 159 278 100 362 197 255 213 278 184 142 120 138 197 111 89 482 205 331 70 498 395 294 338 121 274 312 273 219 0 169 21 299 240 203 402 217 143 242 314 233 318 330 228 221 315 39 364 77 327 172 275 310 72 151 135 315 511 337 228 446 369 302 44 152 205 214 182 143 246 115 334 247 61 71 70 264 414 369 367 330 152 279 438 99 250 216 252 391 359 184 289 190 164 253 146 54 99 306 221 286 175 30 428 133 193 145 172
231 72 414 308 331 470 251 49 230 475 483 273 353 522 397 119 130 193 142 248 323 332 248 371 467 452 380 252 245 356 372 157 300 172 438 258 392 417 111 453 163 469 160 307 382 346 119 204 430 381 316 187 267 53 171 356 416 77 256 540 48 279 229 497 140 450 336 244 424 247 199 199 159 0 195 110 229 446 339 209 234 463 306 235 105 444 282 225 457 146 435 234 111 300 465 446 152 241 271 216 282 313 337 280 494 111 200 72 148 210 184 272 38 233 99 230 254 207 108 403 172 197 183 489 26 195 532 192 461 83 112 502 324 383 267 313 338 118 304 204 269 129 272 144 327 252 567 81 78 85 348
123 186 218 130 399 433 7 250 411 327 413 168 229 553 427 265 108 52 346 138 106 268 236 363 263 528 353 160 443 325 232 42 222 99 379 219 442 420 194 436 268 338 119 77 141 379 119 430 202 239 222 223 209 184 110 161 178 123 79 556 256 267 58 488 429 272 316 112 251 321 265 259 24 233 0 367 260 244 348 191 154 202 360 224 347 409 218 219 326 63 418 80 313 122 337 253 95 142 101 332 442 432 266 517 348 363 25 177 203 272 153 156 203 129 288 325 49 76 102 276 468 341 432 354 177 305 353 95 240 214 312 362 385 208 223 175 146 237 139 58 87 281 170 276 146 15 474 195 174 208 152
327 105 541 459 233 477 385 147 140 513 516 463 363 527 537 170 258 335 18 404 411 401 356 384 462 578 321 358 154 350 404 264 344 230 366 282 425 526 183 498 174 474 266 379 426 428 241 100 527 442 341 251 293 157 239 400 412 199 371 522 143 339 371 377 96 573 431 386 477 209 323 342 297 143 311 0 339 583 302 355 294 584 446 360 119 430 391 349 450 256 436 372 22 382 586 487 226 333 309 86 147 302 315 137 583 9 385 167 291 235 215 319 93 364 124 347 345 342 223 617 137 85 113 623 136 212 522 363 566 199 212 461 328 507 404 297 515 164 393 285 348 71 428 276 397 292 564 175 212 241 429
203 331 569 417 509 600 232 180 473 676 680 358 454 759 594 146 238 275 368 155 275 517 46 636 586 836 626 152 454 494 571 268 511 330 595 452 560 609 304 720 468 595 161 303 375 517 274 489 529 456 525 363 389 266 300 383 476 238 263 731 216 543 274 675 315 543 508 222 512 423 37 46 261 194 237 358 0 451 591 75 144 402 582 24 190 629 40 46 662 219 714 293 267 362 563 500 282 473 398 360 480 502 528 446 532 272 271 195 64 414 393 130 244 135 261 45 233 287 236 404 378 343 441 536 202 94 706 151 400 152 174 658 482 344 51 372 466 176 411 317 213 229 457 80 415 282 675 312 160 129 392
357 450 43 122 431 351 216 415 663 268 344 136 251 478 390 456 245 214 472 291 129 171 443 376 144 500 407 339 515 467 162 262 236 223 516 276 387 480 353 473 400 263 325 162 76 272 280 685 108 162 232 353 302 416 240 141 103 331 187 467 496 345 227 403 541 49 304 260 59 465 520 481 214 453 188 562 478 0 400 379 349 20 349 511 513 339 490 443 211 235 324 205 484 85 161 51 291 211 202 482 678 440 244 616 94 583 250 380 426 393 261 320 504 337 604 468 220 237 319 59 629 477 517 89 417 500 355 330 29 533 459 255 473 71 416 224 68 491 109 219 211 592 153 523 82 206 454 356 415 439 84
473 262 422 351 3 232 423 318 340 263 291 280 233 224 198 383 322 352 230 550 445 262 586 160 402 219 170 540 140 130 398 362 272 236 103 178 266 177 247 205 106 330 341 441 406 183 285 281 360 310 207 95 213 303 210 557 403 251 385 268 384 101 410 165 332 511 226 534 378 31 467 431 346 333 436 294 587 420 0 507 392 528 164 499 418 174 596 480 347 285 243 288 280 364 346 461 275 263 284 201 279 26 191 322 494 251 371 292 530 121 184 574 315 389 308 584 395 319 365 429 377 237 210 529 260 547 271 395 553 436 373 306 49 484 470 231 400 445 326 335 386 352 286 469 486 394 207 210 390 421 372
108 273 491 367 411 530 223 153 373 601 511 312 353 670 539 160 190 186 350 95 233 408 29 482 483 604 580 73 437 587 392 189 487 218 533 387 498 677 272 714 369 621 77 230 356 507 252 412 479 460 354 392 390 221 260 241 385 167 226 738 208 420 170 698 299 431 471 142 484 447 67 88 183 212 174 261 65 453 529 0 77 415 567 58 180 540 55 12 604 152 584 261 309 380 426 367 222 294 287 401 477 425 400 348 470 321 161 162 22 351 306 116 193 96 247 103 162 284 143 405 287 330 390 578 193 145 552 134 445 117 148 487 421 374 95 363 312 124 321 244 160 235 378 122 361 210 575 229 94 90 392
56 227 351 285 482 549 130 187 532 532 503 330 394 658 524 179 168 178 390 44 171 391 94 453 441 632 449 27 499 579 426 141 388 207 550 320 518 614 241 510 368 566 61 231 335 462 186 367 299 431 336 366 301 202 226 219 351 167 114 646 231 455 140 612 327 366 481 77 318 496 160 154 133 241 155 288 119 387 462 71 0 335 507 118 225 444 102 85 442 144 535 232 353 285 455 409 216 348 288 452 484 418 429 468 471 298 128 137 92 315 260 39 277 20 295 188 91 228 153 373 447 340 459 432 182 163 577 55 341 195 182 474 556 281 134 346 295 208 292 209 136 247 288 200 288 139 569 220 147 114 314
270 412 25 123 486 291 202 431 645 301 307 127 303 492 471 498 284 280 533 283 147 230 359 361 132 477 423 309 465 446 168 251 228 233 462 348 365 520 328 422 484 213 379 179 90 322 316 645 112 192 300 428 238 392 316 132 91 375 187 533 522 413 229 469 577 62 352 310 70 452 435 559 227 451 221 597 545 20 440 408 375 0 364 442 465 404 390 426 244 266 342 193 467 95 162 26 247 223 176 491 764 423 295 614 109 568 214 339 365 307 309 289 423 276 597 472 241 245 343 36 540 498 481 107 349 457 300 319 8 431 532 318 516 62 494 204 83 525 129 260 229 604 183 485 78 177 529 423 386 370 99
409 259 326 192 163 71 337 376 453 117 64 172 74 168 120 469 235 244 462 442 324 100 514 39 187 180 45 406 291 93 166 357 75 190 162 112 100 154 300 164 257 155 468 310 235 16 294 376 235 155 84 184 127 361 186 371 210 315 319 216 448 90 412 160 452 345 33 488 224 217 599 506 278 397 320 361 542 328 186 440 487 362 0 535 544 53 582 533 128 361 105 209 320 340 208 304 261 161 200 395 557 231 89 534 259 334 352 323 419 155 162 502 342 438 492 612 348 221 315 331 469 428 310 320 380 486 111 343 323 469 437 67 131 300 534 136 288 507 216 237 332 403 153 601 352 302 176 253 475 437 227
189 267 495 430 532 582 293 148 425 628 693 381 516 800 751 115 303 247 277 169 375 568 51 530 538 616 609 129 487 624 462 244 557 270 650 369 624 566 281 724 328 557 152 366 497 521 245 345 512 486 466 465 425 245 320 397 379 205 260 692 187 423 299 642 245 584 494 242 574 541 12 21 241 213 276 300 19 399 456 60 120 430 564 0 174 528 51 57 651 235 710 336 320 340 479 419 270 386 397 410 411 581 481 397 491 344 275 174 63 485 336 164 254 141 235 28 239 336 193 498 293 400 422 632 219 68 647 205 534 149 116 659 619 383 65 485 469 129 336 350 239 280 513 69 342 249 681 267 112 129 368
262 180 574 437 385 630 345 61 224 510 617 421 369 627 554 55 277 279 132 254 377 471 192 541 561 576 532 245 246 444 510 260 419 244 455 381 563 660 193 599 278 652 211 395 506 482 186 241 473 464 448 296 410 137 282 478 414 175 314 586 45 437 291 487 92 556 470 260 479 305 174 179 315 120 295 134 198 558 349 205 221 535 531 181 0 531 206 213 577 221 665 385 151 466 484 530 293 330 366 250 191 329 427 182 502 150 333 155 178 362 256 243 130 235 32 169 254 346 193 469 146 222 286 530 133 112 505 228 526 57 53 605 491 450 295 395 433 48 394 308 348 61 483 111 423 290 578 198 112 98 387
528 277 386 300 199 73 385 389 553 108 68 256 131 102 54 595 342 339 374 540 452 136 617 9 221 113 39 497 283 65 240 330 114 302 80 150 93 90 292 100 206 174 374 407 268 43 293 406 234 223 167 159 192 378 259 409 318 338 442 131 466 98 375 98 484 306 60 515 257 210 599 615 315 387 380 375 598 320 155 575 516 429 61 581 541 0 694 588 159 377 74 331 435 343 221 457 330 245 240 355 441 171 134 474 281 354 435 348 540 177 213 555 347 524 478 618 404 333 327 388 489 363 398 400 427 639 125 463 368 521 504 91 123 366 606 208 422 546 344 332 511 509 183 501 372 329 132 335 520 418 325
168 343 409 354 522 582 290 171 402 638 603 465 488 624 557 152 326 250 348 129 312 551 26 515 577 700 626 104 484 650 552 213 496 300 602 498 629 796 341 692 387 660 157 297 451 514 322 490 475 479 395 400 458 237 379 313 434 282 268 828 232 475 211 721 366 586 641 206 433 493 74 70 237 238 233 301 32 424 559 67 125 516 589 64 259 530 0 55 661 229 547 317 396 334 575 449 277 402 310 427 487 479 473 380 607 324 226 190 77 383 341 142 249 151 300 97 196 331 240 430 429 422 430 615 242 147 557 157 436 195 198 576 611 377 21 410 359 197 371 337 240 318 506 113 312 301 666 275 136 144 343
120 226 445 400 558 577 222 147 456 535 635 367 364 645 547 150 237 250 361 109 291 474 23 453 410 591 520 80 432 629 488 167 429 297 614 423 691 682 247 708 394 510 85 317 411 559 220 342 448 490 394 419 407 214 327 279 408 234 211 745 205 449 201 642 347 455 483 172 492 525 50 69 200 195 202 269 46 376 539 14 74 372 417 56 211 465 54 0 581 218 567 337 308 370 463 435 204 329 351 372 377 557 496 479 475 267 193 137 19 393 325 112 247 83 214 99 190 234 177 360 365 405 354 460 211 121 505 116 438 151 165 595 478 310 83 421 349 147 389 271 197 232 346 112 278 263 682 273 111 94 404
451 395 225 181 334 92 304 481 622 41 89 181 121 217 205 552 289 275 574 490 365 71 510 138 96 222 191 553 432 269 88 331 123 299 216 253 121 205 327 266 357 16 514 272 221 142 300 548 122 90 161 268 158 348 305 390 172 390 389 205 437 195 344 287 549 184 109 399 179 296 483 602 316 498 359 446 540 202 270 561 515 238 123 577 485 138 659 601 0 304 140 231 489 264 89 304 265 159 235 440 696 291 135 592 144 512 323 358 578 295 251 410 396 455 596 646 344 278 390 303 600 494 492 275 387 652 89 364 293 547 647 78 297 311 524 188 288 483 243 269 381 627 114 598 237 312 221 300 554 538 220
183 162 356 192 354 381 76 164 396 396 399 176 212 486 470 193 65 49 291 165 156 245 224 330 305 423 360 147 337 388 303 14 293 95 386 208 361 389 118 412 234 380 89 126 177 312 66 336 251 266 240 251 181 128 93 225 245 86 135 541 205 266 93 461 261 311 351 154 271 266 192 267 38 142 55 266 266 287 309 162 145 331 315 260 234 406 240 211 381 0 449 124 215 173 359 302 50 159 159 353 435 362 284 410 371 280 69 108 167 244 145 167 154 98 225 218 77 73 34 307 338 271 343 327 120 225 366 101 285 222 245 381 308 251 280 203 220 208 192 76 127 282 243 223 172 77 446 117 147 133 187
478 430 347 300 232 43 434 509 645 98 40 289 198 96 49 506 405 436 569 646 417 190 646 77 235 106 133 562 441 139 205 359 153 313 180 227 12 91 437 118 349 113 585 407 289 99 332 462 269 190 238 236 233 414 279 519 275 385 532 93 535 168 482 120 637 313 74 529 347 298 650 694 431 422 415 493 646 413 291 692 639 370 115 630 606 91 737 579 121 382 0 296 543 399 183 450 368 216 325 478 668 320 194 661 315 551 508 476 566 289 304 649 460 547 652 602 412 321 384 394 533 472 394 333 445 549 46 567 423 564 603 79 185 363 580 208 402 594 309 357 506 474 217 727 445 377 107 431 610 509 300
249 212 192 101 321 267 89 297 404 286 290 94 155 408 352 303 88 67 367 215 133 175 261 247 198 430 278 240 417 285 154 101 143 53 312 153 317 411 156 374 204 276 186 73 91 275 133 398 156 163 155 227 124 193 97 184 129 175 138 420 281 209 106 410 354 206 205 163 208 271 288 362 77 234 71 354 314 212 341 275 231 178 253 387 376 311 366 260 250 98 309 0 271 100 243 250 76 62 33 321 520 386 157 442 237 371 101 207 294 208 134 263 221 197 388 380 163 27 150 255 507 423 394 291 252 314 267 170 175 317 374 242 325 191 396 101 163 356 72 42 166 346 107 316 131 80 390 155 231 268 112
383 106 609 411 240 479 265 121 163 533 503 328 292 492 395 175 210 255 43 332 472 446 341 338 388 431 406 306 137 367 412 273 388 263 352 275 436 410 153 449 166 478 273 340 366 349 211 101 390 476 263 188 304 121 185 473 463 177 361 498 108 253 327 426 111 538 448 358 539 261 240 316 278 118 278 22 368 487 213 318 353 570 327 251 129 424 320 309 442 274 517 318 0 396 540 585 208 365 363 104 132 273 377 140 563 18 345 169 228 195 249 301 62 295 117 297 327 333 186 558 125 75 126 666 130 202 439 333 442 146 207 422 287 462 407 318 499 148 329 263 361 96 379 221 374 284 441 124 207 211 387
222 301 121 95 475 320 145 331 634 308 320 86 268 387 367 417 196 137 420 255 64 178 312 329 164 544 319 277 440 366 178 210 189 175 399 296 395 477 291 415 321 233 265 71 62 271 235 528 111 168 194 319 209 346 211 85 95 272 143 526 330 339 139 474 521 120 327 218 101 418 385 471 152 322 146 424 333 88 396 347 247 88 348 363 370 333 401 371 227 188 329 117 477 0 230 103 160 162 143 500 656 415 194 510 174 508 120 308 346 256 235 256 315 240 505 403 180 155 249 119 491 475 525 203 304 434 371 239 97 332 433 330 389 58 363 214 25 383 71 153 152 530 174 471 19 109 440 268 331 296 41
475 441 142 158 357 171 324 569 759 104 195 127 155 271 280 617 355 255 586 368 251 112 515 206 63 325 239 430 479 301 51 313 172 234 329 250 222 304 406 393 350 72 399 218 145 241 376 543 98 103 187 329 256 457 248 320 119 432 288 373 542 260 291 353 653 105 147 376 108 375 591 483 372 506 265 587 533 136 340 453 414 171 207 655 546 218 614 537 69 347 191 236 481 174 0 205 278 179 223 519 648 421 152 614 80 523 281 467 571 320 258 418 406 469 492 693 384 283 351 210 597 595 569 157 369 603 179 406 182 472 653 154 302 250 632 198 184 619 174 308 328 566 126 652 197 258 344 337 481 439 192
366 466 20 137 488 363 251 552 803 279 320 174 260 471 449 509 308 297 584 385 153 223 476 418 162 463 393 308 567 393 197 271 290 245 429 367 327 493 362 471 514 227 422 163 113 318 336 555 148 203 275 383 279 481 349 166 145 369 252 457 566 465 221 474 519 57 351 273 104 424 452 439 272 495 262 538 477 49 515 362 364 29 345 498 498 390 467 412 255 304 406 233 586 124 178 0 284 196 229 493 708 539 285 659 108 517 263 362 489 414 365 285 401 325 554 496 252 208 327 17 692 522 637 85 363 507 325 267 24 475 511 289 445 69 423 267 97 558 144 273 206 603 196 561 94 248 542 429 376 414 123
189 142 291 140 309 331 102 221 406 316 293 144 206 363 333 231 22 35 291 206 205 248 298 290 206 371 241 197 302 290 216 60 222 31 381 157 367 460 110 440 215 289 155 128 200 231 42 329 212 197 151 171 130 109 51 213 172 67 145 447 243 221 157 397 287 345 303 187 260 294 291 279 71 140 81 295 304 289 322 199 188 239 275 288 296 329 304 276 293 53 429 90 216 190 311 249 0 128 108 296 331 324 214 384 303 296 105 105 242 186 121 188 181 159 232 316 127 48 69 269 382 328 343 350 124 305 350 183 301 220 311 286 283 272 296 127 235 249 158 42 144 273 160 278 189 96 463 105 199 184 165
251 239 258 83 263 241 135 342 468 174 239 63 85 366 286 364 130 123 322 292 167 79 324 215 127 381 172 279 316 230 104 192 85 110 268 111 207 315 194 374 204 192 286 148 101 178 161 428 92 79 67 169 88 212 128 232 91 170 218 385 334 177 213 317 359 221 177 269 175 219 346 478 150 285 132 347 450 197 284 316 291 224 189 437 360 210 344 410 155 199 264 75 350 145 201 219 126 0 32 304 419 303 86 503 256 346 161 271 362 171 110 285 240 311 344 424 220 105 191 225 496 413 338 284 234 459 257 226 205 352 359 212 270 218 383 36 175 317 85 112 197 386 45 369 183 140 330 170 260 271 99
243 231 240 73 272 254 133 304 413 223 280 59 118 317 364 349 115 92 412 284 157 133 385 245 126 347 225 311 390 260 131 148 128 78 339 118 286 333 184 413 221 245 253 106 88 230 157 400 99 114 115 226 100 229 94 165 88 189 145 365 348 194 133 336 404 208 194 189 175 320 316 322 126 239 132 295 386 147 317 342 264 211 197 428 408 233 375 324 209 155 318 30 320 105 189 236 95 37 0 386 461 292 102 561 232 365 146 241 342 192 127 240 297 228 335 364 187 57 175 216 526 418 378 224 231 377 237 236 193 358 387 259 301 196 332 63 163 396 69 62 204 321 88 384 135 119 328 174 254 281 92
485 139 475 418 206 363 369 234 163 453 432 368 320 480 386 321 279 364 87 405 450 437 416 339 516 353 339 426 52 302 519 292 369 245 249 246 398 390 206 408 127 446 309 415 499 334 230 69 488 441 293 200 293 211 267 521 470 202 392 424 180 282 417 342 164 520 322 379 577 160 425 431 374 189 308 83 433 538 165 414 421 610 310 443 217 381 372 434 383 354 459 351 118 519 420 624 294 312 370 0 137 148 282 147 571 90 442 276 370 176 260 468 147 371 242 375 437 340 234 622 162 39 18 578 180 371 470 401 618 296 328 356 216 506 514 264 561 278 430 293 499 195 385 328 426 332 407 199 277 246 429
504 274 679 547 294 507 524 235 17 511 551 591 412 612 554 250 425 434 102 568 563 472 382 503 620 575 451 520 171 490 663 477 468 452 433 348 582 614 260 508 293 591 414 446 533 420 388 66 645 611 425 328 488 234 371 526 479 293 483 544 229 378 561 468 132 600 451 449 530 298 447 328 477 256 425 128 430 682 358 481 524 601 414 338 258 459 468 355 659 335 497 494 165 654 701 735 346 549 479 144 0 357 477 19 695 151 510 308 418 353 380 463 254 521 189 420 519 506 371 800 94 106 154 836 287 291 701 490 714 296 253 605 334 671 431 483 691 277 608 491 500 182 571 354 509 509 593 318 328 344 537
600 223 548 357 32 278 415 410 368 311 296 320 249 307 204 395 283 293 257 567 466 272 524 198 346 216 167 509 137 109 400 342 232 319 111 160 268 260 220 179 125 305 376 385 353 204 269 277 379 357 236 129 201 237 243 474 432 306 399 304 398 129 486 182 394 427 232 440 374 57 488 478 359 305 338 270 629 463 21 570 519 533 213 479 382 182 613 440 342 341 309 395 251 415 344 548 361 301 303 189 264 0 236 358 544 232 397 363 555 133 205 551 317 535 365 539 491 325 306 586 334 249 168 632 342 530 274 544 494 402 407 288 87 446 582 271 438 374 379 338 447 324 274 477 396 453 206 284 352 352 364
394 290 282 135 252 156 278 381 467 133 127 139 19 286 176 406 177 192 368 349 245 53 481 121 140 222 118 355 298 174 128 270 16 169 177 107 192 227 241 283 200 142 305 199 168 88 178 400 149 85 40 149 54 263 168 259 126 215 271 277 332 121 261 252 377 205 82 308 197 214 421 407 267 294 243 313 482 208 216 391 385 272 75 548 359 149 421 366 132 235 205 164 336 257 154 279 210 94 103 379 465 288 0 529 255 339 243 338 482 144 144 359 331 303 409 460 315 148 298 282 504 370 302 314 284 442 195 385 287 394 423 116 165 280 563 45 258 371 164 177 293 357 65 465 263 251 254 216 343 378 188
534 267 697 534 322 509 457 307 34 605 502 583 492 654 609 286 345 430 126 507 497 499 489 484 689 488 456 530 212 419 520 390 582 358 507 390 560 495 331 551 260 586 448 479 613 473 329 87 591 543 415 323 491 286 439 632 643 301 558 520 271 422 562 441 96 744 501 570 646 293 331 350 398 219 542 142 360 699 349 449 496 585 454 441 180 461 494 446 653 434 539 414 151 535 603 618 408 554 441 176 22 323 543 0 813 145 474 310 326 351 331 461 256 412 152 381 416 473 411 717 81 124 171 864 300 277 613 532 658 298 253 657 462 692 478 489 516 280 605 390 494 181 452 367 540 416 552 354 369 349 538
375 400 114 145 509 265 305 604 760 232 297 192 265 377 386 486 315 282 493 462 295 192 593 361 96 376 315 412 572 355 101 319 201 311 358 308 244 468 441 396 438 181 439 215 128 321 433 699 118 158 281 394 324 447 305 264 154 368 272 357 531 379 316 424 660 55 261 318 75 455 637 520 310 476 273 531 637 124 421 512 454 114 287 594 623 338 629 573 143 388 300 245 565 185 95 135 369 224 234 553 622 526 255 626 0 668 324 423 486 308 316 400 513 353 528 666 330 292 439 131 608 573 587 61 471 646 229 373 133 526 640 237 483 197 490 273 166 499 202 247 289 614 184 669 201 295 373 350 538 455 150
352 134 542 464 280 437 361 160 173 562 421 455 305 590 454 166 229 274 23 346 483 378 306 356 543 479 368 301 151 384 428 297 416 253 407 304 460 400 161 496 186 552 233 440 476 390 195 93 530 382 290 193 280 126 244 389 452 196 335 552 98 288 367 416 89 575 416 417 572 253 259 315 272 130 318 9 272 543 231 296 337 467 438 339 146 467 315 343 490 270 530 368 21 452 506 471 249 352 349 118 120 297 316 137 616 0 317 177 290 227 249 337 99 290 88 326 372 275 226 626 127 70 106 648 116 245 588 362 604 185 195 493 316 536 341 298 442 143 455 273 415 83 342 220 493 349 428 171 231 223 447
111 260 260 184 342 375 19 200 568 315 387 155 265 490 470 227 120 63 335 120 90 271 212 341 257 516 327 151 433 440 276 70 250 121 429 243 364 491 201 488 284 382 142 86 184 323 139 391 228 247 234 258 251 207 161 137 209 162 40 606 227 396 38 463 338 279 383 75 234 426 239 278 38 246 23 367 282 244 443 195 131 208 353 277 349 341 245 212 341 70 390 110 334 159 369 227 98 153 142 346 454 401 274 410 352 314 0 147 174 319 210 139 249 96 289 245 35 98 125 249 366 382 342 328 237 333 475 81 263 238 327 383 377 149 207 234 167 221 141 94 59 297 194 293 157 42 523 165 194 182 143
167 96 369 295 386 400 134 76 386 467 441 305 268 522 540 112 90 120 207 194 274 280 172 374 424 549 356 189 261 400 347 109 286 160 472 208 535 500 114 450 215 376 87 221 321 350 85 310 383 355 279 198 211 64 140 313 327 48 214 461 99 320 205 534 234 444 447 161 420 269 159 203 120 73 160 178 169 347 360 161 124 342 315 161 143 447 181 156 421 105 445 210 171 263 440 390 129 257 219 237 314 397 266 348 418 178 147 0 125 201 172 160 100 143 188 190 173 146 65 415 231 247 310 424 51 184 491 154 398 102 143 454 316 313 244 280 275 112 239 156 218 181 255 162 325 183 523 80 63 66 320
151 221 416 415 394 646 177 152 471 468 592 383 487 609 506 137 242 202 347 135 311 486 49 575 428 578 546 117 448 563 475 181 472 296 587 406 670 528 270 519 306 592 76 305 428 506 246 383 472 401 406 329 427 218 266 268 458 179 185 781 153 413 244 664 315 426 462 185 493 374 50 56 220 159 201 283 67 365 483 20 91 418 461 61 151 523 58 23 581 191 558 292 300 299 543 420 212 363 371 337 405 413 378 354 599 310 205 135 0 429 274 137 230 102 204 70 193 288 140 478 316 375 444 546 202 116 537 149 386 130 159 468 537 347 81 410 345 113 385 251 216 211 447 95 365 233 578 190 79 79 368
329 139 392 256 116 195 299 268 409 255 236 206 114 268 218 380 160 181 255 349 299 154 400 156 216 273 126 408 215 143 272 198 173 158 160 45 218 268 127 255 81 268 312 304 261 132 171 229 230 200 107 21 74 166 130 351 299 194 273 267 237 78 310 191 307 421 164 374 315 85 446 486 253 198 222 276 390 392 110 335 320 394 137 422 290 152 408 370 252 262 237 206 192 322 287 329 187 144 191 226 335 124 115 383 394 215 290 222 327 0 72 422 200 288 277 412 329 195 213 394 380 251 216 406 215 366 301 316 408 353 346 243 128 341 496 144 348 357 267 185 340 326 150 364 310 266 261 158 291 269 289
272 146 294 211 185 242 184 264 427 253 255 151 107 341 245 256 102 155 263 260 226 143 386 197 263 394 148 353 229 242 220 172 150 76 214 48 300 354 110 265 95 255 252 178 214 193 97 291 198 158 87 82 64 122 51 340 208 129 222 373 239 124 257 334 307 364 209 313 260 173 412 376 150 219 159 273 336 269 197 364 285 353 190 364 325 244 413 296 211 178 249 115 218 250 293 382 115 125 132 259 363 248 132 346 302 223 220 196 306 76 0 277 182 232 300 430 207 138 163 300 385 281 240 348 187 414 243 274 300 321 364 213 175 311 468 90 303 302 204 125 275 303 134 303 264 184 339 101 234 257 227
23 312 353 297 530 597 134 214 493 543 546 291 337 565 542 218 218 183 427 8 159 420 101 522 355 611 531 19 402 513 406 169 409 262 650 338 594 680 265 558 324 557 94 170 256 524 198 416 350 374 408 423 362 218 292 213 374 222 105 548 281 445 127 538 367 432 504 57 416 449 177 176 130 288 166 372 172 298 580 101 41 346 512 169 282 582 139 116 460 143 617 245 333 265 493 326 246 304 272 452 553 582 416 516 504 412 115 192 129 335 277 0 255 39 308 208 77 190 154 317 364 381 453 367 223 215 601 47 300 199 264 568 448 225 123 366 244 250 297 213 94 308 293 201 264 144 556 239 152 168 315
302 52 434 289 299 401 282 90 254 392 496 353 295 467 391 129 148 191 98 248 370 329 257 408 455 539 352 284 180 374 451 177 321 211 364 219 443 427 86 455 170 489 199 313 378 336 145 168 412 416 276 213 255 61 177 347 397 83 341 548 74 251 301 420 161 416 391 248 364 285 201 267 221 37 230 106 298 473 250 196 244 502 304 243 116 414 262 247 447 157 438 242 68 381 531 401 184 267 294 155 238 279 297 210 491 101 267 80 224 181 196 299 0 222 121 275 256 210 136 519 212 185 193 598 36 194 465 237 462 118 153 473 356 448 314 319 446 137 315 201 262 92 365 162 417 262 550 88 139 136 346
63 244 409 310 393 458 118 209 435 413 535 234 407 627 588 175 166 174 294 46 199 321 113 480 312 532 510 46 421 431 410 123 417 191 515 298 574 612 208 501 380 440 60 167 323 422 203 402 350 401 304 348 355 207 221 172 267 173 128 713 239 478 127 545 389 411 456 51 332 376 138 180 125 216 118 301 160 336 390 76 20 289 501 159 292 480 115 108 435 100 609 226 264 246 379 394 156 308 244 369 504 419 364 494 360 318 105 147 119 384 306 48 262 0 252 169 64 186 148 327 408 404 478 462 206 190 501 26 329 201 198 455 518 295 132 335 228 216 265 185 95 309 340 164 240 139 633 205 113 157 231
303 189 621 507 356 628 327 102 178 572 577 424 441 627 552 78 285 290 116 322 365 447 294 457 550 640 451 260 250 463 489 236 442 304 409 328 483 471 176 598 245 666 241 393 412 531 240 212 540 498 431 313 364 158 318 462 475 209 329 686 58 462 328 555 57 657 427 318 592 390 209 181 310 127 299 96 266 608 355 218 301 463 393 202 36 434 307 267 531 240 593 329 123 445 554 544 270 423 343 195 197 356 461 186 586 118 358 164 211 365 308 320 126 318 0 200 341 374 227 476 92 176 211 662 153 155 544 334 603 103 82 514 379 544 275 410 462 86 374 287 354 35 431 146 440 316 612 221 130 120 379
200 314 605 427 506 648 311 172 416 588 638 513 523 619 721 128 340 270 308 181 428 565 86 551 554 637 609 153 495 531 526 273 544 354 594 436 641 629 272 577 443 682 162 320 502 530 302 420 550 549 506 362 501 257 320 428 527 278 272 849 177 486 253 724 247 635 599 222 610 417 28 16 235 180 323 254 44 590 450 94 171 536 621 38 180 629 100 76 678 223 697 417 268 360 690 461 253 397 381 334 376 509 413 432 523 321 311 218 95 421 436 210 273 180 181 0 230 388 257 518 305 334 362 563 249 60 568 232 503 143 111 696 606 458 110 434 369 137 359 349 287 200 406 48 404 279 747 240 125 145 467
70 253 240 196 402 505 49 239 555 387 374 223 320 632 433 248 147 101 388 70 106 279 155 444 295 530 363 102 455 417 293 79 347 135 503 244 516 556 213 452 298 403 112 125 180 389 163 409 252 327 310 322 271 170 168 159 220 184 45 483 272 329 42 433 397 303 324 48 300 393 213 263 65 220 54 398 212 253 468 153 97 226 391 214 314 435 171 174 420 73 441 152 359 181 331 311 141 206 163 331 404 512 316 489 336 291 36 135 169 340 234 97 294 60 323 219 0 139 124 274 475 401 442 357 199 280 457 39 219 202 277 475 363 193 205 268 181 291 151 142 43 305 272 210 188 81 621 206 160 202 159
209 175 252 120 341 274 76 273 384 270 321 127 187 426 390 284 78 37 322 204 137 210 300 242 231 376 289 246 359 329 216 84 174 41 360 131 292 435 175 440 196 287 155 74 138 293 111 351 178 159 138 218 120 142 72 153 132 123 132 439 267 272 103 433 386 270 275 198 195 308 277 283 81 221 59 287 349 213 313 289 235 252 242 266 300 259 287 277 284 90 393 25 252 147 273 237 55 100 56 321 507 373 187 424 269 362 84 185 270 189 119 230 232 189 337 390 133 0 122 233 383 332 389 342 175 350 309 155 216 290 271 330 319 172 344 125 151 274 107 17 151 295 111 281 165 64 469 154 189 248 115
164 127 348 230 312 409 119 133 414 363 424 191 264 524 459 166 56 71 240 145 191 274 203 400 318 491 383 143 315 363 356 39 316 94 347 169 369 384 107 518 190 440 68 145 223 385 63 306 308 251 198 192 180 76 97 247 251 43 139 563 166 282 160 460 313 345 394 170 344 287 211 253 81 122 100 228 256 331 306 151 119 349 319 198 223 354 229 149 310 29 494 136 190 196 413 359 54 214 160 242 408 357 217 376 353 223 94 63 138 213 157 147 158 115 188 247 100 113 0 316 319 278 323 363 107 254 391 132 282 173 180 335 359 304 248 200 281 194 225 93 178 212 259 198 269 93 548 78 120 118 235
355 377 36 140 525 413 203 466 709 360 325 189 354 470 443 462 298 238 488 331 134 292 409 422 171 603 344 385 556 408 165 256 298 326 455 377 371 480 456 508 443 320 310 179 130 319 363 659 155 250 342 473 346 397 306 116 124 426 227 497 477 403 238 569 546 88 289 241 120 454 497 578 285 432 211 539 487 43 449 414 368 27 414 465 501 354 458 412 283 308 475 251 572 119 209 14 251 245 232 539 740 569 329 665 131 549 257 346 414 371 330 332 407 304 466 569 286 217 289 0 688 648 625 92 449 448 333 293 28 476 568 327 477 61 519 240 81 488 136 243 209 539 220 434 94 208 442 444 371 499 106
383 211 733 566 320 614 423 172 117 698 551 488 524 670 635 179 321 326 117 383 484 555 344 594 506 548 521 372 205 506 576 353 510 324 458 387 508 497 230 481 287 612 285 558 462 471 326 132 575 595 457 373 443 276 378 617 609 252 536 559 184 426 510 494 39 656 601 457 553 339 327 341 357 204 486 130 317 646 403 326 439 615 441 326 129 569 406 355 535 327 576 500 149 480 650 765 305 488 483 215 77 369 524 69 775 101 360 272 350 318 374 494 165 333 123 278 369 391 345 747 0 152 191 725 196 272 626 467 661 238 170 580 465 693 421 429 580 209 593 405 432 94 437 278 584 499 555 261 226 214 574
526 163 523 373 261 470 442 198 130 500 418 484 336 401 512 240 308 388 63 512 568 466 386 321 450 388 337 457 76 337 405 362 362 331 311 246 473 385 210 465 149 489 340 434 471 386 244 30 560 434 385 239 273 175 250 440 503 254 419 438 179 345 466 430 152 517 351 471 476 192 311 420 307 225 354 74 391 535 217 331 462 632 323 393 215 452 467 342 420 310 495 323 81 437 555 657 271 319 427 40 107 229 427 134 690 82 457 234 340 244 283 445 156 353 163 354 462 357 256 693 154 0 46 739 234 339 561 446 536 245 242 446 320 557 488 323 580 268 509 306 412 170 387 322 541 366 464 190 288 278 538
508 143 669 396 175 391 445 246 145 418 382 460 373 430 358 254 240 319 109 443 479 389 464 309 434 445 338 401 49 258 472 304 336 323 251 221 413 360 180 325 155 556 355 373 383 288 256 71 464 444 341 209 320 223 306 485 515 256 469 514 196 260 497 381 155 628 414 407 554 195 345 361 384 243 360 123 405 475 183 428 438 625 394 401 230 349 492 356 472 309 376 398 106 562 446 615 293 387 382 15 124 156 342 148 670 124 366 306 333 223 252 404 152 397 199 354 345 356 273 540 179 48 0 591 249 381 451 360 578 295 251 467 234 584 470 311 555 271 370 384 480 186 392 323 421 439 438 177 276 269 417
356 428 72 186 542 306 303 531 686 251 356 234 358 477 395 623 418 284 639 385 242 248 447 418 184 545 351 450 544 392 183 365 300 377 549 404 337 491 490 445 518 247 381 240 204 302 400 672 147 236 360 381 305 470 422 235 156 431 296 535 514 389 305 439 658 53 279 312 93 581 634 551 323 501 336 667 614 95 530 563 458 112 374 638 594 413 640 552 255 403 401 292 688 194 141 98 359 286 257 537 658 621 323 672 73 667 355 431 495 450 323 432 593 369 539 712 374 289 468 87 812 741 616 0 549 647 328 399 90 494 716 281 466 194 644 338 146 502 189 359 288 702 241 523 184 266 549 441 573 498 180
222 62 487 303 293 469 221 66 308 374 448 269 256 455 468 141 132 164 139 225 295 305 263 385 338 546 309 212 213 301 359 126 339 152 359 195 461 469 66 448 154 404 147 245 318 408 81 234 406 294 239 185 269 28 126 370 372 61 217 454 72 260 264 400 183 415 421 278 361 234 179 246 152 23 162 124 275 443 269 211 177 423 296 236 118 435 284 186 392 113 497 193 131 328 504 420 154 278 239 211 241 287 327 232 393 124 209 49 155 177 148 248 40 219 118 225 202 167 102 364 218 230 244 529 0 197 515 231 365 103 174 449 362 330 248 261 385 125 303 152 273 118 316 180 297 189 457 56 86 96 319
229 231 636 455 515 586 330 119 307 602 571 484 432 689 720 55 249 343 222 218 341 560 118 601 612 680 465 203 333 481 502 289 519 365 585 416 635 700 255 711 338 621 156 386 483 605 247 299 579 465 450 391 354 210 304 457 440 231 345 695 126 517 272 524 177 520 645 243 553 518 68 54 303 203 302 289 112 571 531 111 206 538 483 66 128 549 133 136 673 251 550 324 210 383 616 468 318 450 424 377 285 523 454 291 595 274 257 177 88 361 318 266 208 179 121 61 313 311 213 580 276 296 410 692 186 0 716 219 559 72 69 539 474 492 160 453 453 60 488 330 283 193 448 18 380 334 630 233 92 92 375
592 456 315 260 250 32 401 530 668 64 38 284 184 122 90 543 387 399 571 482 351 144 603 120 170 175 122 633 463 154 153 439 142 348 196 276 35 148 415 189 354 102 554 322 301 115 406 520 202 167 188 290 256 402 276 399 236 404 442 167 530 189 447 214 647 251 90 432 262 317 616 724 421 468 456 456 664 375 313 632 626 377 131 706 494 131 649 653 101 470 52 296 448 336 195 348 410 226 236 383 542 276 158 559 223 592 381 410 566 299 260 471 500 519 605 601 518 365 403 394 604 533 448 359 400 635 0 574 376 638 613 44 252 373 698 236 334 543 261 335 524 497 206 579 383 368 138 432 590 460 339
44 226 330 272 481 439 92 191 527 462 487 235 364 507 449 260 166 146 310 44 147 392 146 462 321 664 428 53 463 431 314 89 345 173 540 258 543 631 249 525 307 402 77 129 262 382 192 398 303 377 311 344 340 188 229 163 286 145 101 618 223 462 102 603 319 399 401 34 330 361 202 173 101 211 111 337 179 327 459 98 43 274 375 195 283 461 146 146 413 100 477 161 325 222 385 261 152 271 200 411 414 498 299 499 439 281 83 163 129 378 263 51 207 26 332 210 44 190 125 287 390 456 405 331 216 215 504 0 339 197 250 399 459 239 142 289 237 256 236 160 81 314 341 238 207 112 599 198 155 155 197
307 395 26 117 412 392 215 530 721 293 359 137 326 428 487 521 273 289 527 307 147 259 390 326 168 527 428 337 610 389 178 313 264 224 478 284 345 540 376 413 406 285 378 175 89 325 338 616 123 162 295 449 263 339 272 130 117 345 191 475 448 415 205 413 676 77 360 304 91 486 439 430 251 431 245 548 430 22 561 424 363 7 282 430 520 405 404 450 242 247 425 178 499 86 182 24 262 215 217 595 651 474 265 622 129 600 210 405 465 416 356 334 519 375 520 514 249 250 340 27 649 560 497 99 392 444 395 277 0 451 480 285 406 62 453 221 82 500 124 269 223 605 225 424 100 226 422 396 446 387 89
277 167 530 431 387 605 233 36 325 546 466 435 387 693 639 27 193 264 211 223 329 451 148 548 474 688 424 224 356 485 397 208 411 239 482 292 496 644 203 603 245 480 124 364 379 393 176 231 391 383 386 297 381 164 245 344 447 132 328 620 54 347 265 483 141 482 442 247 412 305 125 113 245 99 245 175 176 483 443 122 182 501 508 142 74 548 166 125 536 199 650 334 163 332 456 422 248 363 373 300 295 416 347 274 528 158 254 90 98 366 279 228 125 209 100 136 213 289 165 500 179 272 251 529 125 93 659 195 505 0 52 477 476 371 177 393 392 15 427 219 300 99 364 72 376 292 560 192 53 64 379
241 213 583 436 366 669 251 66 301 659 588 431 509 668 524 20 244 284 188 288 372 451 175 483 511 650 558 225 386 547 438 212 392 260 450 355 506 532 265 558 359 629 193 312 501 568 273 261 553 523 459 373 390 197 310 346 442 225 379 555 88 440 373 510 165 630 548 322 549 387 126 124 255 134 334 182 160 466 360 139 224 449 503 128 45 607 187 169 653 224 671 345 155 379 597 545 296 384 337 240 242 496 453 264 611 164 270 163 114 396 336 251 142 194 90 112 317 277 175 475 177 290 307 537 161 52 665 270 537 43 0 609 488 506 227 458 410 27 447 254 362 97 379 61 362 267 691 214 88 116 364
504 393 321 205 265 29 350 447 633 44 33 185 120 129 102 624 311 341 495 472 331 102 546 100 135 200 94 549 380 175 163 416 111 250 168 183 52 163 296 169 317 73 415 315 281 77 370 546 227 150 144 229 151 387 285 379 241 408 448 202 552 179 416 217 516 228 40 400 195 230 641 636 339 485 365 517 671 254 266 541 463 301 83 673 609 82 588 573 76 316 76 285 469 308 160 323 319 225 261 418 524 247 112 522 227 443 412 443 606 183 204 568 475 547 489 594 465 314 326 341 595 516 469 297 370 584 45 437 319 565 585 0 227 362 688 177 277 582 222 325 379 574 167 486 336 293 169 321 455 487 275
586 224 397 316 49 207 321 446 389 229 212 315 169 171 170 375 285 376 331 563 429 223 585 135 330 157 95 479 207 48 264 328 199 295 56 136 207 168 207 118 156 272 364 388 395 138 284 355 320 247 199 122 209 268 246 490 317 302 411 221 354 60 445 133 389 464 187 501 333 71 587 499 375 340 430 287 472 371 52 436 458 423 137 614 358 124 507 572 277 375 196 311 273 390 320 406 278 240 258 232 435 85 177 375 362 323 389 296 524 133 213 530 279 468 457 564 450 264 385 459 429 242 258 407 267 452 222 490 499 493 497 221 0 501 641 247 423 494 395 324 393 373 243 443 483 360 203 248 475 408 412
249 356 101 133 537 374 164 381 598 342 429 131 245 440 385 450 279 217 557 218 96 263 416 405 221 603 349 304 462 515 211 210 233 199 482 312 465 431 388 555 456 271 263 119 110 419 257 516 150 242 304 370 284 315 313 68 119 350 134 599 420 346 128 500 515 114 351 178 111 385 426 406 211 346 163 503 427 75 431 293 287 72 360 381 472 424 370 410 254 238 392 197 482 50 242 72 223 201 210 565 684 523 230 690 191 555 193 350 401 365 293 243 414 263 500 509 220 195 247 62 635 539 465 150 339 482 410 220 63 454 538 383 515 0 330 258 27 383 119 189 176 584 241 425 37 147 512 314 385 380 84
136 377 482 480 577 618 242 255 560 588 542 378 531 831 661 224 321 267 423 138 301 527 48 506 481 632 660 108 455 576 595 272 595 386 628 433 564 820 300 755 424 573 144 275 467 575 336 462 513 428 410 411 375 249 321 316 396 253 247 793 273 509 281 733 412 539 610 192 465 489 90 98 247 257 288 394 57 392 584 90 123 465 660 86 278 684 21 75 646 265 712 326 357 331 605 512 350 406 362 412 468 668 533 395 568 412 272 251 100 498 432 108 289 129 269 120 189 328 220 491 396 473 442 549 256 149 583 151 486 176 220 615 632 360 0 385 403 230 385 276 207 289 472 151 367 328 645 326 191 166 412
302 242 292 111 264 187 171 305 404 153 217 99 56 301 239 344 146 164 362 356 204 90 429 170 140 325 157 328 351 216 132 211 62 90 230 71 197 296 209 303 201 202 272 169 151 133 156 395 127 107 38 143 37 243 94 277 126 228 205 267 293 147 231 323 345 208 148 306 178 251 365 450 198 253 174 292 375 255 233 320 371 257 123 446 370 204 484 328 183 213 193 115 276 210 219 305 140 35 68 306 467 264 55 523 235 369 218 268 393 142 101 324 262 255 389 483 209 109 202 305 430 311 376 260 226 446 201 272 235 307 450 170 226 276 428 0 193 401 125 136 234 402 44 479 226 189 293 198 322 323 148
243 374 98 89 505 338 168 435 652 303 396 133 258 532 438 396 203 179 468 243 72 197 339 425 155 488 346 307 546 490 168 173 213 199 484 274 322 504 337 455 335 310 262 84 98 388 251 588 147 216 260 298 290 376 226 79 122 269 123 492 424 420 148 421 562 132 340 209 99 453 414 375 174 351 182 513 461 67 500 343 309 86 279 365 479 413 408 382 285 183 447 168 405 26 205 80 197 201 147 567 620 431 236 672 186 460 154 347 317 343 234 222 354 251 480 387 207 147 286 70 486 474 518 169 352 499 401 218 68 470 423 316 449 32 447 221 0 448 78 201 171 457 185 462 16 164 572 324 348 372 71
270 202 517 435 427 479 283 45 287 500 524 435 342 520 625 9 214 234 221 265 375 392 164 473 485 691 456 199 306 435 542 244 449 248 543 370 591 610 177 505 268 543 163 330 473 494 179 251 436 504 365 377 354 142 218 375 493 171 319 718 62 394 319 500 155 477 550 267 543 392 133 119 258 99 304 168 166 545 378 126 210 447 488 127 60 515 202 131 487 190 505 335 169 348 569 533 234 337 297 252 234 413 481 257 625 143 261 127 134 380 318 218 131 201 90 129 278 259 194 467 224 296 256 598 106 82 649 244 530 18 29 475 493 394 210 317 354 0 356 259 256 131 445 69 351 254 580 193 75 68 378
269 260 164 29 376 268 116 388 497 261 313 35 180 354 314 354 153 133 420 299 129 160 398 312 101 471 279 307 479 341 137 162 179 133 377 195 320 417 281 350 266 210 289 76 30 296 204 526 77 122 170 283 181 262 188 115 51 201 160 471 389 245 141 373 532 134 267 207 94 299 439 469 138 315 133 436 373 94 330 296 243 142 203 367 443 304 448 379 194 153 325 71 358 67 196 160 131 91 61 372 539 427 186 618 205 382 131 294 369 230 171 285 319 237 411 441 206 84 211 171 523 447 466 223 331 364 321 199 127 388 372 211 339 131 368 122 75 371 0 107 200 475 101 401 85 123 348 207 340 297 27
201 197 296 123 261 291 78 239 479 304 305 110 170 366 347 290 55 21 306 224 157 196 302 331 201 454 261 215 350 325 215 62 221 31 308 144 314 463 147 347 213 263 135 102 156 280 100 341 186 158 149 224 130 147 65 193 152 130 136 474 271 222 119 451 315 233 281 197 201 314 263 327 62 224 65 314 287 256 268 212 202 238 253 283 266 335 292 240 237 76 310 37 302 174 291 300 34 93 77 265 384 361 159 445 256 332 101 166 276 175 116 228 201 157 319 345 139 16 78 252 375 338 301 291 194 266 354 163 275 245 337 273 270 179 359 141 200 261 113 0 140 306 157 324 184 51 473 150 192 222 146
71 302 231 176 474 494 79 246 465 383 408 182 356 466 475 321 168 115 374 76 89 275 200 431 307 511 381 111 408 386 280 103 310 165 450 336 522 497 276 459 326 364 125 101 177 444 213 535 241 332 329 310 320 260 221 88 241 227 24 546 325 350 34 500 399 264 385 40 299 398 270 236 91 260 70 330 260 238 438 180 123 259 409 257 288 466 253 209 392 136 483 156 307 159 386 261 176 243 188 418 492 468 325 510 306 435 45 205 230 350 268 105 246 99 379 319 47 123 160 242 478 463 524 349 253 300 404 73 235 287 287 424 417 144 208 286 166 294 192 125 0 360 255 296 146 91 553 280 226 228 192
328 179 485 511 346 498 381 94 197 563 560 498 354 579 570 102 219 332 104 307 369 436 299 518 427 580 376 315 211 418 559 243 504 284 419 293 607 579 195 550 221 631 194 329 521 505 195 131 567 517 357 306 380 171 274 490 450 210 385 606 69 333 424 459 42 646 502 417 599 325 259 218 350 102 294 81 270 464 335 273 296 518 468 281 65 481 317 282 612 305 550 348 93 506 568 491 261 419 393 160 134 366 455 162 557 79 357 199 196 276 313 372 103 326 26 198 351 378 211 608 81 152 167 682 118 151 615 363 528 117 129 546 424 549 357 329 491 107 451 277 327 0 447 190 470 372 533 190 169 185 437
292 301 239 89 246 199 230 332 529 145 199 56 87 299 208 455 210 163 454 326 228 60 459 157 79 268 196 314 320 214 81 183 64 142 231 126 186 246 257 261 260 157 353 182 111 174 218 457 100 42 66 176 89 247 172 204 82 212 208 319 412 173 242 321 518 187 147 262 141 285 497 499 187 348 184 358 476 168 291 336 375 165 135 512 371 214 403 454 120 187 209 123 335 167 138 248 169 41 72 358 573 295 66 550 187 366 246 287 412 190 155 356 271 314 471 455 232 124 230 238 456 359 391 280 268 522 181 338 173 444 402 138 259 213 533 41 175 391 98 129 266 480 0 482 184 167 361 210 362 404 123
227 267 567 388 507 664 240 100 339 667 637 460 390 716 540 55 253 254 255 231 351 415 118 556 497 640 561 210 423 526 470 266 476 351 593 429 583 546 280 561 385 503 133 401 401 474 275 368 522 421 496 411 413 183 283 408 421 243 334 625 108 503 342 676 205 596 598 263 452 374 68 45 237 178 269 227 87 444 504 97 147 570 513 69 117 488 130 115 565 262 537 328 198 460 636 596 290 465 331 389 321 449 529 326 519 214 242 148 98 395 317 229 162 198 137 58 261 333 192 428 277 367 354 657 159 18 653 213 448 67 50 601 468 443 128 458 500 70 462 325 265 154 466 0 394 277 715 226 97 80 451
237 306 99 93 393 323 111 421 598 287 382 107 292 435 364 358 183 189 526 241 57 200 349 413 173 429 373 238 450 464 176 186 214 185 396 317 380 525 305 466 425 274 222 72 85 281 217 501 154 206 205 381 245 277 244 60 91 252 117 443 365 344 104 421 505 129 328 163 143 347 430 468 134 405 119 453 369 95 436 277 270 79 277 359 406 347 371 281 230 180 427 135 460 18 242 105 219 164 149 416 635 523 204 575 215 504 159 256 345 300 261 226 379 228 462 466 142 169 259 87 582 508 557 165 316 448 399 228 83 344 371 273 391 43 308 227 15 372 75 141 135 401 176 429 0 110 457 327 304 385 70
161 198 204 122 423 413 18 217 471 379 316 129 219 506 468 310 113 41 344 163 101 242 258 390 243 532 320 161 398 325 240 67 241 96 455 213 384 477 211 516 304 279 150 58 133 331 138 433 205 249 233 268 194 162 141 153 188 155 70 551 226 290 52 523 370 268 347 112 246 367 278 273 40 231 19 290 306 195 354 182 138 187 332 320 299 307 246 251 338 68 448 68 349 129 268 204 94 135 100 398 546 331 247 472 322 314 43 140 191 241 177 160 246 158 367 298 73 56 100 214 369 373 354 332 192 287 368 127 188 287 305 380 424 141 249 165 152 255 133 51 83 366 157 336 113 0 505 192 182 221 110
601 437 564 394 223 136 481 512 568 210 149 342 265 43 67 710 419 405 501 609 499 291 587 148 326 8 142 558 336 115 364 499 255 386 117 315 109 23 374 47 292 272 635 506 476 142 360 441 357 286 255 269 292 414 356 541 351 402 490 34 528 190 447 65 650 454 151 615 369 213 618 623 415 462 552 539 807 395 226 729 550 565 159 616 666 102 825 707 227 444 129 473 502 431 319 436 474 313 421 413 508 221 215 551 423 429 536 559 728 269 364 553 416 653 493 649 565 415 513 558 620 445 429 521 451 623 135 500 436 599 577 167 151 564 801 286 568 557 353 415 586 495 364 632 504 485 0 415 559 598 430
283 45 350 245 255 410 182 124 357 358 360 278 256 376 360 227 79 106 157 213 250 263 244 307 316 389 270 243 189 255 280 141 262 97 274 132 417 432 19 338 124 432 131 186 260 274 39 242 279 300 188 146 141 28 84 352 300 35 208 489 161 243 226 345 225 446 320 254 384 216 274 253 137 73 194 142 324 342 205 269 244 419 324 234 196 315 298 227 310 131 433 188 143 331 380 392 95 176 190 221 296 270 252 302 356 181 195 79 205 173 88 293 88 215 223 329 170 133 96 427 274 231 231 380 75 240 448 245 319 159 200 310 291 314 277 176 332 189 256 152 257 177 212 265 255 201 454 0 161 127 259
203 159 430 316 379 591 226 62 383 431 439 332 359 650 463 77 185 197 193 193 289 402 136 392 481 677 396 143 295 523 395 136 415 216 533 287 445 561 192 491 290 429 66 299 406 472 179 260 410 347 350 253 338 144 185 350 328 103 227 638 98 371 185 529 238 527 433 184 417 357 111 126 187 88 168 183 141 423 397 87 111 422 481 133 106 403 131 90 444 124 448 232 199 350 555 472 186 350 310 272 333 460 397 312 504 185 165 73 91 328 261 179 119 136 140 132 183 207 114 423 264 317 318 500 101 118 566 150 413 50 99 537 471 353 164 296 384 64 356 196 253 192 341 86 308 201 624 170 0 0 381
184 146 508 358 363 476 196 47 349 467 465 380 394 546 548 80 179 195 231 171 312 351 129 504 469 511 368 174 297 410 401 136 426 218 435 335 519 576 143 590 277 501 60 301 374 361 144 262 346 460 303 279 287 144 214 344 319 106 249 616 94 376 228 539 208 536 470 171 407 398 111 125 153 96 186 224 123 450 407 89 122 357 481 113 119 458 161 89 434 122 538 231 217 388 546 423 176 333 260 260 290 435 377 335 517 213 168 68 96 326 209 181 137 130 161 137 169 247 119 423 287 314 292 454 106 95 484 170 352 55 115 470 430 340 199 336 337 71 298 238 204 162 294 98 323 175 483 159 0 0 312
277 300 129 32 379 269 121 408 600 202 283 53 221 385 419 370 199 166 400 296 128 163 416 339 102 455 333 297 428 390 119 214 204 134 386 232 312 416 297 415 358 202 233 86 22 304 252 463 66 105 207 243 180 249 206 147 42 285 169 473 388 256 143 425 438 131 264 216 83 366 426 374 184 384 123 488 393 77 421 293 262 101 267 378 471 309 409 323 206 187 365 108 363 48 169 141 207 94 106 426 511 409 161 609 175 428 159 276 389 241 216 312 298 238 503 452 204 128 239 134 568 480 525 195 365 375 266 215 89 346 476 265 343 99 339 150 62 449 25 136 167 510 131 379 54 128 470 297 388 394 0
