     0.000      6.933      1.351      4.215      4.808      3.042      3.236      6.255      2.467      1.317      6.504      3.672      6.810      2.091      2.907      1.738      2.821      1.874      3.698      1.235      4.408      6.112      4.927      4.468      4.521      3.183      5.296      2.470      2.102      1.795      2.035      6.378      2.458      2.065      5.480      5.279      6.868      6.763      3.881      4.141      2.399
     7.251      0.000      5.587      3.434      4.253      4.123      3.676      5.568      5.472      6.063      1.439      4.271      1.025      6.633      4.601      6.688      9.652      5.657      3.400      7.062      3.563      4.633      2.566      3.630      5.074      5.045      5.382      4.998      7.083      5.247      4.107      1.230      4.625      5.174      3.249      0.926      1.254      2.153      3.523      3.315      4.844
     1.459      6.522      0.000      3.778      3.882      2.344      1.954      4.515      1.446      2.549      4.758      2.260      4.796      1.254      1.761      1.679      2.196      0.650      2.560      1.174      2.791      5.574      3.138      2.377      3.605      1.899      3.927      1.323      1.468      1.758      2.498      4.289      1.476      0.977      4.333      4.373      5.387      4.192      3.124      3.524      0.662
     3.828      3.462      3.028      0.000      4.472      0.960      2.440      6.685      4.380      3.483      3.081      2.139      3.214      4.425      3.693      5.131      6.416      3.144      3.957      4.280      3.878      6.879      3.168      3.591      5.241      3.760      5.617      1.938      5.314      2.512      1.410      3.298      2.143      3.694      5.188      3.602      4.370      4.084      0.893      0.962      3.447
     5.655      4.541      3.360      5.053      0.000      3.679      3.697      0.862      2.338      6.838      2.935      3.488      3.898      4.802      1.906      5.833      4.558      4.074      1.678      4.830      1.552      0.876      1.944      1.574      1.376      1.988      0.839      3.223      3.721      6.300      4.888      2.511      2.914      3.231      0.342      3.689      2.945      2.011      4.291      3.765      3.200
     3.016      3.447      2.254      1.014      3.680      0.000      1.315      5.539      2.864      3.161      3.219      1.087      3.044      3.306      3.127      4.067      5.054      2.190      2.595      3.795      2.925      5.065      3.034      2.355      4.649      3.119      4.202      1.358      3.653      2.120      0.799      2.794      1.428      2.123      4.668      3.235      3.402      3.414      0.840      0.925      2.322
     2.562      4.126      1.901      1.983      3.707      1.371      0.000      4.503      1.672      2.978      2.953      0.316      2.759      2.912      2.044      3.278      4.796      1.394      1.597      3.290      1.929      4.574      2.262      1.268      3.034      1.859      4.378      0.495      2.908      2.484      1.584      2.558      0.179      1.064      3.146      3.896      3.893      3.060      1.854      1.631      1.903
     5.632      4.543      3.844      6.114      0.837      5.108      3.913      0.000      3.363      7.622      3.736      3.535      5.611      3.811      2.141      4.801      5.206      4.698      2.461      4.938      2.663      0.733      2.377      2.694      1.309      3.216      0.145      4.652      3.249      6.108      5.954      3.903      3.647      3.100      1.170      4.118      3.169      2.981      5.413      4.301      3.896
     2.423      5.784      1.684      3.738      2.860      2.842      1.642      3.217      0.000      4.244      3.524      2.134      5.286      2.067      0.590      2.336      2.860      1.482      1.926      2.371      2.375      4.017      2.496      1.862      1.887      0.355      2.921      1.756      0.957      2.981      2.945      4.637      2.011      1.018      2.573      4.341      4.623      3.440      4.164      3.947      0.809
     1.395      6.539      2.329      3.807      7.151      2.837      2.877      5.768      4.238      0.000      5.590      3.852      5.564      3.437      4.974      3.501      3.240      2.671      5.611      2.930      4.800      6.434      5.139      5.138      6.378      4.131      7.656      2.659      4.323      0.923      2.305      6.466      2.945      2.791      5.279      7.490      6.558      5.798      3.986      3.543      3.158
     6.153      1.152      5.250      3.214      2.672      3.411      2.916      4.274      4.092      5.233      0.000      3.073      0.895      5.736      3.117      5.726      7.630      4.417      1.971      6.875      1.663      3.075      1.685      2.037      4.050      4.067      4.479      3.261      5.327      5.302      4.288      0.218      3.202      3.888      2.520      0.515      0.470      1.504      2.586      2.777      4.433
     2.829      3.169      1.851      2.023      2.963      0.949      0.388      4.413      1.812      3.549      2.492      0.000      2.661      3.616      2.037      3.332      5.179      1.380      1.578      3.700      1.811      4.321      1.617      1.437      3.041      1.554      4.278      0.942      2.973      2.634      1.705      2.837      0.436      1.664      2.537      3.595      2.977      3.027      1.595      1.603      2.357
     6.695      1.090      5.294      2.417      3.816      2.872      2.981      4.270      4.306      6.808      0.998      2.757      0.000      6.055      3.772      7.606      7.135      4.374      2.855      7.226      2.376      4.095      2.395      2.527      4.125      4.614      5.636      3.962      5.365      5.604      3.884      1.365      3.075      4.791      3.559      1.042      1.308      2.137      2.215      2.284      4.305
     1.670      7.288      1.202      4.406      3.907      3.933      2.625      5.250      1.594      2.793      6.615      3.628      5.703      0.000      2.728      0.884      1.457      2.221      4.309      0.386      3.898      5.714      3.682      4.229      2.645      1.809      4.554      2.594      0.883      3.183      2.929      6.178      2.410      2.073      5.052      5.770      7.096      6.023      4.161      5.435      1.379
     3.260      4.964      2.050      3.677      1.780      3.536      2.109      2.202      0.741      5.027      3.655      1.778      5.081      2.260      0.000      3.367      3.419      2.075      1.677      3.000      1.614      2.680      2.322      1.670      1.039      0.477      1.947      2.068      1.599      3.677      3.661      3.231      2.207      1.213      2.317      4.669      4.517      3.486      4.175      3.851      1.562
     1.617      7.616      1.995      5.923      4.695      4.841      3.790      4.470      2.846      2.623      6.558      3.930      7.504      0.746      3.710      0.000      0.900      2.408      4.603      0.432      4.909      5.687      5.176      3.763      3.692      2.576      5.049      2.825      1.955      3.247      3.950      6.841      3.252      2.368      4.660      7.511      6.349      5.289      5.986      5.722      2.179
     2.140      8.582      2.867      6.721      5.771      4.659      4.397      6.283      2.580      3.859      6.468      4.198      8.119      1.234      3.411      0.757      0.000      3.113      4.601      1.331      4.641      5.571      5.325      4.370      4.655      2.923      6.176      4.250      1.855      3.767      4.522      7.116      4.074      3.494      6.351      8.142      6.582      6.692      5.586      6.206      2.532
     1.723      5.918      0.787      2.578      4.431      2.182      1.287      4.320      1.638      2.318      4.839      1.725      4.983      1.928      1.902      2.414      3.158      0.000      2.662      2.104      3.245      4.632      3.621      2.801      3.710      1.502      4.097      0.958      1.594      1.605      1.447      4.099      1.144      0.691      4.100      4.341      3.977      3.665      2.422      2.411      1.019
     3.698      3.891      2.775      3.128      1.402      2.426      1.606      2.180      2.293      5.273      2.378      1.428      2.479      4.294      1.635      4.378      4.488      2.446      0.000      3.864      0.283      2.123      0.606      0.246      1.917      1.674      2.096      2.409      3.181      3.586      3.552      2.201      1.659      2.412      1.209      2.813      2.253      1.542      2.977      2.879      2.336
     1.390      6.259      1.281      5.272      4.703      4.326      3.010      4.153      1.972      3.143      6.548      3.081      5.937      0.416      2.746      0.520      1.056      2.168      4.374      0.000      3.947      5.639      4.700      3.363      3.467      2.393      5.294      2.771      1.322      2.689      3.783      6.799      3.175      1.797      4.483      6.843      6.355      6.282      5.325      5.084      1.727
     3.796      2.922      2.717      3.191      1.674      3.052      1.953      2.680      2.293      4.908      2.002      1.549      2.709      3.595      1.600      4.882      5.652      2.778      0.279      4.575      0.000      1.998      0.388      0.410      2.317      1.641      2.329      2.178      3.591      4.362      3.201      1.519      2.139      2.717      1.251      2.197      2.132      1.418      3.185      2.795      2.491
     7.082      3.889      5.339      6.257      0.994      4.874      3.505      0.786      3.524      8.182      3.094      4.551      4.966      5.123      3.173      6.674      7.012      5.383      2.515      6.360      2.585      0.000      2.132      2.614      1.841      3.416      1.050      4.620      4.565      7.321      5.796      3.121      4.722      3.948      1.246      4.212      3.543      1.820      4.768      5.510      4.874
     4.360      2.677      3.999      2.899      1.899      2.923      1.994      3.039      2.263      4.920      1.677      2.066      2.611      4.527      1.874      4.617      5.389      3.448      0.767      5.026      0.477      2.403      0.000      0.669      2.407      2.241      2.869      2.297      3.677      4.728      3.335      1.208      1.991      2.492      1.696      2.099      1.528      1.364      2.460      2.390      3.075
     4.092      3.020      2.908      3.806      1.668      2.551      1.596      2.603      1.907      5.164      2.194      1.181      2.610      3.182      1.612      4.403      4.689      2.135      0.245      3.383      0.383      2.364      0.731      0.000      2.329      1.757      2.587      2.305      3.226      3.838      2.898      1.867      1.672      1.784      1.341      3.057      2.203      1.642      2.787      2.311      2.559
     4.752      5.018      3.178      5.786      1.168      4.689      2.836      1.346      1.611      6.226      3.583      2.616      5.390      2.745      1.083      3.483      4.675      2.750      2.042      4.093      2.031      2.124      2.441      2.107      0.000      1.806      1.386      3.324      2.137      5.128      4.365      3.698      2.577      2.856      1.625      4.883      4.219      2.747      4.666      4.222      2.147
     2.518      4.679      1.514      3.817      2.017      3.213      1.427      2.698      0.375      4.493      3.581      1.724      4.461      2.483      0.468      3.145      3.628      1.589      1.519      2.839      1.642      3.787      2.553      1.363      1.540      0.000      3.002      1.665      1.056      3.080      2.426      3.744      1.754      1.062      2.639      4.757      4.313      3.162      3.835      3.357      0.943
     6.282      5.628      5.006      6.289      0.717      5.579      3.486      0.133      2.949      5.755      3.585      3.696      5.480      3.969      2.638      5.617      5.110      3.889      2.732      4.946      2.502      0.955      2.562      2.885      1.206      2.823      0.000      4.613      3.379      6.471      4.583      3.560      4.533      3.095      1.122      4.815      4.223      2.315      4.676      5.397      3.302
     2.547      4.121      1.715      2.386      4.092      1.314      0.491      4.390      1.931      2.554      3.173      0.760      3.047      3.011      2.240      3.678      4.443      0.840      1.952      2.796      2.643      5.094      2.344      2.010      3.283      1.704      4.146      0.000      2.398      2.073      1.056      3.963      0.427      0.934      2.974      4.501      3.680      3.662      2.177      1.972      1.635
     2.704      7.224      1.210      4.988      3.480      3.753      2.604      3.948      0.952      4.175      5.634      2.329      5.790      0.927      1.311      1.908      1.911      1.900      2.777      1.180      2.630      4.626      3.569      3.037      2.079      1.390      3.589      2.419      0.000      3.799      3.620      4.920      2.557      1.280      3.846      6.083      5.039      4.140      4.552      4.484      0.905
     1.544      5.087      2.265      2.676      5.193      1.964      2.705      6.909      3.012      0.946      5.819      2.701      5.430      3.381      3.601      3.469      3.638      1.944      3.993      2.804      4.368      7.046      4.634      3.374      4.217      3.278      5.480      1.867      3.166      0.000      1.210      5.011      2.275      2.410      5.609      6.126      4.665      5.493      2.943      2.377      2.268
     2.559      4.215      2.311      1.573      4.595      0.769      1.451      5.202      2.712      2.492      3.281      1.327      3.282      3.696      3.856      3.591      4.838      1.278      2.878      3.037      3.406      6.045      2.861      2.517      4.666      3.249      5.037      1.090      3.744      1.174      0.000      4.037      1.270      2.014      4.277      4.646      4.452      4.091      1.963      2.053      2.600
     5.901      1.661      4.108      3.191      3.178      3.243      3.464      3.803      4.392      5.955      0.254      2.460      1.223      6.473      3.089      6.719      7.198      3.615      2.225      5.097      2.015      2.735      1.454      1.922      4.210      3.793      3.083      3.679      4.949      5.719      3.552      0.000      2.650      3.806      2.871      0.512      0.501      1.257      2.908      2.217      3.957
     2.975      3.838      1.796      2.290      3.119      1.495      0.187      3.996      1.596      3.251      3.275      0.558      3.507      2.829      2.024      3.699      4.230      1.172      1.519      2.563      1.837      4.694      2.470      1.790      2.743      1.313      3.804      0.352      2.258      2.298      1.423      3.135      0.000      0.944      3.580      3.527      3.939      3.936      1.947      2.243      1.543
     1.897      5.138      0.936      3.604      3.354      2.131      1.148      4.288      0.917      2.964      4.158      1.672      4.022      1.598      1.401      2.313      3.428      0.757      2.132      1.830      2.287      4.125      2.774      1.991      2.660      0.854      4.059      0.967      1.302      2.211      1.910      4.529      1.034      0.000      2.897      4.794      4.257      4.080      3.399      3.006      0.615
     5.861      4.401      3.924      5.376      0.319      4.115      2.964      1.028      2.926      5.573      2.831      3.278      3.613      4.527      2.205      5.902      5.745      3.374      1.288      5.182      1.147      1.220      1.625      1.360      1.660      2.054      1.344      3.933      3.199      6.032      4.691      2.704      3.399      3.296      0.000      2.621      2.288      1.453      3.834      3.749      3.588
     5.659      0.892      5.203      4.123      3.822      3.927      3.601      4.010      4.417      6.863      0.547      2.657      0.955      6.787      4.641      5.973      7.125      4.095      2.484      6.420      2.592      4.273      1.751      2.400      4.833      3.588      4.029      3.412      5.688      6.190      4.036      0.589      3.338      4.261      3.098      0.000      0.362      1.733      3.060      2.948      4.359
     6.815      0.998      4.557      4.489      2.739      3.793      3.206      3.915      4.247      5.978      0.534      3.505      1.177      7.118      3.449      7.565      7.845      5.120      2.533      5.717      2.358      2.942      1.746      2.731      3.960      4.230      3.607      4.330      4.785      4.766      3.813      0.504      4.227      3.810      2.738      0.433      0.000      1.298      3.330      3.000      4.112
     5.393      2.019      4.704      3.660      1.778      4.303      2.964      2.844      3.787      6.619      1.373      3.142      2.233      5.789      2.805      6.822      5.681      3.677      1.855      4.925      1.727      1.846      1.012      2.147      3.094      3.720      2.952      4.018      4.173      6.424      5.295      1.278      3.295      3.589      1.533      1.681      1.261      0.000      2.958      3.474      4.490
     4.540      3.452      3.374      1.021      4.413      1.011      1.731      5.269      3.775      3.568      2.066      1.573      1.878      5.300      4.256      4.660      6.962      2.848      2.758      4.588      3.162      4.490      2.419      2.693      4.172      3.112      5.358      1.828      3.721      2.843      1.771      2.765      1.848      3.403      4.594      2.536      3.309      3.801      0.000      0.000      3.732
     4.323      3.405      3.939      1.034      4.336      0.907      1.549      4.354      4.166      4.049      2.429      1.573      1.902      5.215      4.150      5.356      5.905      3.192      2.748      4.905      2.773      5.548      2.804      2.137      4.017      3.319      4.968      1.721      3.996      2.903      1.802      2.289      1.957      3.300      3.463      2.896      3.298      3.152      0.000      0.000      3.206
     2.167      6.092      0.853      3.470      2.777      3.144      1.469      3.884      0.680      3.688      4.112      2.123      5.231      1.486      1.516      1.930      2.819      0.941      2.797      1.513      2.569      3.858      2.549      2.238      2.271      0.874      3.498      1.612      0.899      2.556      2.576      4.356      1.552      0.485      3.408      4.570      5.393      4.115      3.771      4.006      0.000
