0 554 127 323 451 283 220 588 228 151 447 332 559 170 346 144 217 144 348 152 384 609 427 337 366 279 518 226 181 150 193 517 217 164 511 590 566 464 344 415 189
593 0 494 377 433 384 319 381 506 635 124 325 93 535 416 608 679 509 260 687 314 355 225 357 442 501 522 463 612 457 367 133 443 518 327 71 98 239 290 255 487
142 522 0 350 374 245 145 448 126 208 475 195 446 113 186 158 250 52 294 133 248 458 342 250 293 141 415 115 103 194 174 421 132 81 415 404 539 433 318 318 71
357 395 369 0 517 92 217 484 388 260 302 163 218 455 383 450 485 226 270 489 331 561 299 259 508 333 497 188 479 217 112 271 198 266 409 321 323 456 88 89 378
432 329 400 531 0 388 274 77 243 513 241 272 356 395 173 439 426 340 153 403 125 81 169 154 123 246 67 300 286 553 368 247 279 277 36 305 298 149 425 389 333
313 306 205 98 383 0 115 469 263 287 320 85 271 349 292 360 492 185 222 326 209 461 219 213 379 258 400 122 364 190 78 284 114 214 407 259 317 349 72 83 256
279 360 166 182 328 96 0 391 198 315 252 34 246 229 152 285 417 106 148 238 146 376 169 155 232 131 297 55 188 206 135 296 18 113 293 351 295 266 186 177 154
568 493 375 490 78 378 399 0 287 599 307 361 462 448 180 461 551 360 212 383 247 74 253 218 135 242 9 396 279 539 528 347 383 313 105 358 325 266 410 435 322
256 427 114 380 255 315 195 297 0 397 372 216 484 171 68 233 289 150 173 198 205 355 210 149 166 34 217 155 69 319 238 312 164 96 220 431 448 365 368 309 73
121 580 206 327 605 263 280 509 394 0 542 351 529 288 445 298 303 211 500 271 422 583 539 408 494 370 651 231 352 87 215 636 245 257 519 525 650 669 401 319 267
467 121 447 347 233 304 264 386 402 554 0 222 108 539 337 608 535 359 169 537 180 262 113 179 372 285 399 348 382 523 299 21 275 342 260 47 47 129 253 192 346
325 313 207 202 264 106 32 303 207 305 212 0 246 274 212 382 347 132 136 259 169 406 162 138 263 134 342 75 227 248 123 281 43 125 254 247 326 268 149 147 153
538 106 499 266 404 238 250 378 368 484 105 295 0 526 432 538 583 401 279 560 221 412 238 253 375 396 482 341 411 388 349 126 287 442 357 90 113 234 203 208 392
170 533 116 445 402 302 304 362 181 339 519 289 568 0 197 80 100 182 297 34 399 393 339 338 328 180 340 270 77 248 308 435 236 143 408 481 563 506 378 460 140
334 487 169 342 155 300 150 213 62 407 376 192 340 238 0 322 343 200 141 259 159 283 175 139 82 49 218 194 149 325 336 335 163 124 182 381 370 250 354 326 101
145 660 140 433 498 387 325 498 209 256 635 353 517 67 323 0 62 233 429 45 495 574 412 381 326 287 442 280 147 244 361 627 335 198 528 553 609 583 524 400 167
238 682 199 562 402 436 345 555 222 381 624 434 680 110 368 70 0 290 417 109 504 544 498 372 364 345 448 315 191 414 432 562 314 271 483 569 668 585 514 456 260
148 469 54 297 367 160 110 421 133 202 333 145 377 167 163 248 263 0 204 187 248 365 238 209 313 150 444 75 136 152 153 430 107 69 293 471 397 337 243 232 93
343 349 271 339 144 256 162 244 179 509 166 152 248 387 149 352 428 264 0 395 21 184 56 22 159 133 243 230 227 352 236 192 148 180 103 259 190 178 258 252 252
139 614 114 394 492 308 292 465 196 250 538 287 562 43 280 50 108 175 398 0 381 493 388 395 271 208 411 288 113 293 330 561 235 167 383 511 602 563 360 428 152
453 288 270 321 146 250 187 233 226 407 163 139 244 300 135 443 430 276 19 331 0 209 41 31 192 151 185 206 321 406 326 156 178 188 114 245 217 117 284 265 266
606 420 443 515 91 462 398 70 360 720 322 374 371 477 253 535 482 480 198 428 184 0 209 268 172 247 79 366 419 512 498 248 350 408 97 285 329 196 505 467 421
498 251 331 293 154 207 154 241 235 518 141 172 193 403 200 476 499 245 68 357 36 204 0 67 243 234 254 232 328 412 264 130 186 278 115 183 132 103 214 224 274
406 289 270 324 149 222 153 252 152 382 185 118 266 318 126 448 422 223 21 301 32 234 61 0 194 118 217 163 272 309 267 203 126 152 147 241 240 195 238 231 174
399 392 276 513 99 403 288 111 151 475 345 283 357 244 103 397 404 321 179 324 172 177 192 200 0 147 108 305 225 393 433 318 225 254 115 350 342 239 449 357 229
313 394 127 398 226 219 128 268 34 347 372 183 362 201 41 294 330 163 152 244 159 328 194 125 139 0 248 169 105 261 257 361 150 84 223 364 343 288 318 282 86
547 403 426 558 66 432 339 11 216 616 306 381 496 383 181 501 500 364 227 431 189 81 251 240 127 249 0 346 346 579 535 380 351 362 107 425 376 254 483 520 332
182 399 152 216 369 121 55 348 197 226 320 78 328 236 203 299 320 84 182 283 183 413 260 174 331 135 414 0 221 142 86 359 32 80 307 333 320 365 199 182 144
233 623 120 468 313 309 223 372 75 313 425 208 538 101 136 173 191 165 233 134 314 322 285 242 182 99 299 232 0 292 300 478 177 136 319 468 457 475 354 361 63
163 536 176 221 564 185 225 529 264 107 461 192 423 283 392 291 306 156 386 283 388 515 433 348 442 324 518 142 326 0 103 510 213 241 426 557 484 509 260 256 212
253 421 173 140 391 76 131 457 235 162 377 162 384 357 294 394 361 134 240 333 344 507 283 295 327 218 462 113 308 96 0 388 144 163 439 413 360 451 149 177 247
459 130 407 371 234 320 263 377 325 510 19 212 109 522 276 527 539 429 176 559 166 302 115 182 372 318 279 322 473 535 357 0 241 338 200 49 41 94 267 252 344
227 432 134 237 344 119 13 390 151 309 296 45 257 291 150 276 319 110 167 279 167 325 210 143 282 130 342 30 212 197 139 315 0 101 269 358 300 268 173 166 118
166 444 82 262 265 188 116 323 103 308 292 111 321 174 147 237 238 63 170 191 232 336 263 155 216 88 323 92 134 181 177 334 84 0 287 440 416 391 268 284 47
471 351 334 364 29 324 285 105 219 484 218 268 373 459 176 520 482 306 111 410 110 92 141 140 137 211 102 316 361 483 468 238 282 275 0 249 246 156 362 359 327
517 68 470 313 300 335 303 409 363 667 42 267 90 637 409 524 749 434 232 487 180 283 200 254 441 437 326 338 556 446 358 52 334 374 262 0 39 128 282 241 486
611 97 484 304 276 311 270 321 376 627 44 308 119 518 412 690 634 424 196 510 225 302 133 205 346 399 384 413 432 459 374 42 308 432 256 36 0 122 270 311 440
490 210 465 426 166 330 338 266 376 552 111 300 243 542 243 529 540 340 176 538 113 214 103 171 313 306 254 362 397 505 350 100 310 373 127 151 126 0 268 354 392
393 323 306 74 324 94 189 486 372 310 237 165 191 488 284 549 513 250 226 435 273 508 244 247 368 307 472 180 368 294 137 225 163 267 370 276 273 272 0 0 351
351 247 298 81 395 87 165 500 362 359 242 152 202 485 355 478 588 263 204 376 256 437 259 237 365 307 443 191 371 260 157 215 162 304 414 221 272 276 0 0 280
192 549 73 313 288 224 163 302 63 254 384 198 432 128 101 176 225 101 222 143 254 433 262 195 231 80 329 145 70 232 231 324 148 53 284 405 441 424 317 296 0
