     0.000      2.736      0.778      3.609      5.155      4.838      6.253      0.440      2.056      3.890      2.840      4.835      2.826      2.034      2.199      0.476      0.559      3.446      1.908      0.909      5.855      4.337      1.158      2.600      3.906      7.680      5.027      6.544      5.349      2.845      5.308      1.583      0.559      1.858      0.345      2.584      4.340      3.077      5.350      5.606      4.414
     2.806      0.000      1.768      1.356      1.959      2.155      4.650      2.142      1.485      1.862      2.833      4.973      2.571      2.567      0.805      2.371      2.251      0.815      0.484      1.842      5.682      3.185      2.451      0.835      3.208      5.993      2.759      3.613      4.303      1.797      2.239      2.714      2.787      1.604      2.063      2.499      5.941      4.543      4.959      5.189      1.922
     0.642      1.886      0.000      2.934      4.850      3.484      5.496      0.645      1.435      3.421      2.523      4.190      2.234      1.848      1.403      0.560      0.205      2.586      1.829      0.820      6.127      3.904      1.338      2.280      3.649      6.662      3.966      5.031      3.993      2.516      4.817      1.428      0.847      1.412      0.283      1.686      3.751      2.725      5.363      4.128      3.822
     3.102      1.533      2.944      0.000      2.201      2.416      5.443      3.369      2.464      2.527      3.753      5.131      2.377      4.478      2.175      3.064      2.870      1.742      1.760      2.595      5.410      5.209      2.702      1.929      4.689      5.888      2.484      2.515      5.224      3.398      1.888      4.025      4.104      1.481      3.427      3.359      5.848      6.350      5.171      4.783      1.411
     4.423      2.486      4.394      2.733      0.000      0.243      2.689      4.715      2.760      1.628      4.193      5.320      4.887      3.797      3.164      4.429      4.891      1.749      2.955      4.437      4.977      3.158      4.215      2.424      5.067      5.663      0.632      1.594      5.188      2.805      0.775      5.257      4.909      3.887      4.071      3.305      6.782      6.727      4.393      4.269      1.280
     3.932      2.210      3.372      2.447      0.265      0.000      2.914      5.185      2.861      1.287      3.139      4.167      4.512      4.670      2.580      3.738      3.917      1.835      2.754      3.579      3.867      3.481      5.533      1.732      5.258      5.130      0.720      1.746      5.156      2.788      0.883      5.208      5.440      3.894      4.585      3.325      6.826      6.210      4.153      4.849      0.913
     6.297      3.675      5.109      5.236      2.923      3.432      0.000      5.568      3.294      2.211      3.481      2.119      7.557      4.779      3.755      5.804      6.110      3.112      4.467      6.383      1.551      1.896      7.336      2.851      3.375      2.027      4.218      4.195      3.716      2.927      3.727      5.436      4.759      5.027      4.957      3.770      4.525      4.965      1.934      1.480      4.393
     0.461      2.682      0.754      2.780      4.041      4.612      6.034      0.000      2.353      3.831      3.083      5.373      1.819      2.225      1.646      0.093      0.508      2.631      1.963      0.753      7.017      5.119      0.789      2.731      4.560      5.988      4.539      5.500      5.825      2.786      5.437      2.397      1.057      1.387      0.509      2.846      5.680      3.570      5.118      5.488      4.744
     1.901      1.460      1.576      2.932      3.344      3.058      3.215      2.567      0.000      2.435      0.905      3.556      3.583      1.121      0.979      2.045      1.537      1.202      0.867      2.238      3.606      2.436      3.194      0.962      2.181      4.013      3.369      4.563      2.836      0.601      3.533      1.431      2.196      2.304      2.151      0.845      3.740      2.724      3.700      3.106      3.723
     3.853      1.959      4.142      2.476      1.259      1.183      2.056      4.076      2.181      0.000      2.157      3.506      4.217      3.185      2.298      4.308      3.253      1.328      2.096      3.319      2.802      2.051      4.704      1.459      2.913      3.606      2.073      3.174      4.523      1.768      1.765      3.340      3.694      3.336      3.324      2.556      4.940      4.267      3.427      2.801      2.013
     3.084      2.707      2.411      3.258      3.871      3.786      3.020      2.938      0.929      2.429      0.000      2.314      4.731      1.214      2.368      3.370      2.234      1.830      2.100      2.543      3.520      1.636      3.835      2.024      1.300      3.575      4.419      5.572      2.370      0.757      4.633      1.607      2.953      3.347      2.663      0.580      2.813      2.726      2.778      2.673      4.365
     4.755      4.483      4.623      5.004      4.096      4.444      2.281      5.660      3.199      3.334      2.332      0.000      6.370      3.713      3.935      5.516      4.968      3.654      3.976      5.278      1.257      1.544      6.197      3.964      1.737      1.606      4.445      7.037      1.093      3.046      4.647      3.213      4.740      5.583      4.991      3.187      2.142      3.471      0.712      0.685      6.229
     2.939      2.558      2.471      2.287      4.786      4.425      6.493      1.818      3.489      4.967      5.428      7.749      0.000      4.628      2.651      2.407      2.158      2.932      2.676      2.104      8.775      4.914      1.601      3.446      6.195      8.043      4.293      4.343      5.877      3.808      4.282      4.586      3.569      1.139      2.442      3.801      6.392      4.711      6.342      6.057      4.257
     2.010      3.084      1.451      4.418      4.402      3.706      4.473      2.191      1.305      2.794      1.036      3.010      4.745      0.000      1.832      2.055      1.635      2.645      2.191      2.329      4.885      2.583      3.250      2.240      1.586      4.968      4.919      5.260      2.457      1.595      4.726      0.441      1.571      3.391      1.494      0.686      2.773      1.855      3.084      3.534      4.122
     2.167      0.883      1.265      2.235      3.206      2.988      4.342      1.793      1.043      2.145      1.836      4.047      2.272      2.102      0.000      1.480      1.055      1.311      0.473      1.085      4.191      3.056      2.553      1.365      3.571      5.734      2.894      3.891      4.716      1.573      3.229      2.541      2.211      1.697      1.706      1.972      4.463      4.240      3.994      4.349      2.538
     0.423      2.148      0.673      3.485      3.928      3.808      6.005      0.098      2.569      4.766      2.818      4.679      2.400      2.071      1.437      0.000      0.477      2.486      2.166      0.628      6.915      4.368      0.905      2.726      4.355      5.721      5.571      5.083      5.777      3.093      4.489      1.814      1.115      1.679      0.532      2.472      4.957      3.366      5.054      5.724      4.797
     0.559      1.677      0.224      2.960      3.629      4.329      4.787      0.527      2.026      3.065      2.782      5.571      2.004      1.925      1.174      0.484      0.000      2.792      1.599      0.462      5.587      4.436      1.477      2.570      3.027      5.953      4.815      4.985      5.210      2.756      4.082      1.522      0.877      1.340      0.350      2.059      4.164      3.657      5.110      5.714      3.829
     3.469      0.614      2.138      1.743      1.672      1.526      3.780      2.436      1.341      1.540      2.088      4.229      3.532      2.431      1.028      2.452      2.480      0.000      0.686      2.098      4.792      2.745      3.500      0.339      3.798      4.179      2.632      3.022      4.616      1.237      2.509      3.283      3.229      2.064      3.060      2.330      4.888      3.718      3.813      4.388      2.096
     2.450      0.499      1.435      2.072      3.032      2.146      4.029      2.370      0.814      2.228      1.888      4.577      3.047      2.208      0.387      2.003      1.576      0.839      0.000      1.760      3.997      3.379      2.767      0.715      2.828      5.182      2.754      3.420      4.439      1.484      2.546      2.378      2.463      1.879      1.780      1.938      4.340      4.276      4.666      4.135      2.879
     0.937      2.015      0.611      2.605      4.597      3.813      5.130      0.611      2.029      4.209      3.134      5.608      1.607      2.316      1.283      0.525      0.492      2.327      1.587      0.000      5.964      4.840      1.237      2.190      4.255      7.334      4.004      5.023      4.462      2.829      3.953      2.111      1.615      0.884      1.008      2.118      5.680      3.702      5.486      5.947      3.118
     5.125      5.522      6.058      6.586      4.510      4.529      1.148      5.740      3.560      3.573      3.310      1.141      7.475      3.805      5.686      6.275      6.396      4.602      4.475      5.266      0.000      1.914      5.947      3.496      2.821      0.610      4.663      5.877      2.718      3.471      4.816      5.090      5.359      6.811      5.384      4.110      4.361      5.128      0.707      0.669      4.556
     3.953      3.693      3.797      3.888      3.703      3.277      1.729      4.724      2.096      1.971      1.318      1.158      5.418      2.614      3.318      4.683      3.552      2.866      2.739      4.857      1.562      0.000      4.520      2.444      1.873      2.518      4.026      5.027      1.923      1.739      4.496      3.513      4.494      5.151      4.360      2.051      3.320      3.872      1.158      1.308      3.804
     1.132      2.381      1.404      3.327      4.566      4.539      7.645      0.724      3.075      5.243      3.932      5.340      1.253      2.788      1.998      0.836      1.267      2.887      2.569      1.012      6.544      5.398      0.000      2.986      4.237      7.523      5.939      6.055      5.702      3.267      4.569      2.801      2.104      1.263      1.428      3.573      6.282      4.838      5.456      7.211      4.123
     2.618      0.898      2.364      2.242      2.397      1.623      3.810      2.613      1.208      1.444      2.052      4.109      3.482      2.414      1.103      2.655      2.662      0.320      0.912      2.453      3.530      2.411      3.924      0.000      3.164      4.804      2.215      3.987      4.586      0.782      2.605      2.845      2.723      2.764      2.540      1.744      4.734      3.944      3.982      4.111      1.985
     3.645      3.780      3.280      5.177      4.235      5.165      4.024      4.160      2.315      3.040      1.566      1.851      6.655      1.725      3.734      4.187      3.771      3.620      3.165      4.584      3.490      2.025      5.064      2.788      0.000      3.476      4.721      7.198      1.026      1.902      5.335      2.035      3.269      4.056      3.202      1.700      1.572      1.911      2.677      2.465      4.725
     5.580      6.020      7.030      7.465      4.668      5.718      1.479      6.726      4.514      4.019      3.827      1.540      7.858      4.049      5.617      6.165      6.137      4.642      5.663      5.665      0.628      2.666      6.405      4.092      3.621      0.000      4.804      6.275      2.939      4.635      5.447      5.481      6.107      7.979      5.720      4.442      4.686      5.903      1.014      1.245      6.770
     5.222      2.336      4.763      2.384      0.519      0.641      3.471      5.325      3.780      2.171      4.728      5.062      4.100      4.766      3.343      5.297      3.947      1.985      2.727      4.976      4.342      3.832      5.393      2.354      5.253      4.702      0.000      0.874      5.812      3.011      0.397      5.169      6.028      3.288      4.583      4.727      7.806      7.432      5.196      4.564      0.899
     5.624      3.971      5.516      3.036      1.559      1.764      4.677      6.367      4.789      3.126      5.242      5.966      4.691      6.580      3.504      5.226      5.024      2.881      3.651      4.253      4.984      5.225      4.921      3.686      6.866      7.007      1.148      0.000      6.696      5.022      1.234      6.942      5.935      4.070      6.454      4.850      6.911      7.458      6.652      5.112      1.515
     4.389      5.358      4.415      6.670      5.868      6.031      3.345      4.454      3.171      4.598      2.092      1.209      6.926      2.628      4.069      4.458      4.857      4.674      3.989      4.437      2.426      2.207      6.521      4.152      0.914      2.460      6.893      5.859      0.000      3.428      5.947      3.103      3.781      6.171      4.082      2.492      1.122      2.371      2.137      1.855      6.446
     2.766      1.614      2.535      2.801      2.951      2.545      3.319      2.923      0.658      1.731      0.732      3.263      3.948      1.561      1.503      2.825      2.134      1.332      1.242      2.494      3.667      1.989      3.053      0.905      2.412      3.677      3.034      4.895      2.697      0.000      3.636      1.792      2.393      3.068      2.243      0.925      3.469      3.693      2.719      3.195      2.836
     4.739      2.003      3.989      2.258      0.738      0.659      3.369      5.085      3.449      1.984      4.364      4.583      4.514      4.072      3.049      4.665      4.004      1.948      2.844      4.022      5.314      4.264      4.226      2.044      5.073      5.343      0.378      0.901      5.095      3.259      0.000      4.442      5.234      4.133      4.377      4.399      7.144      7.425      4.283      5.564      0.475
     1.517      2.875      1.551      4.026      5.044      5.235      4.392      2.005      1.441      3.827      1.685      3.091      3.617      0.363      2.352      2.177      1.844      2.535      2.740      2.188      4.474      2.567      2.553      3.030      2.196      4.331      4.813      6.583      2.687      2.300      4.761      0.000      1.060      3.474      1.754      1.170      3.049      1.333      4.558      3.953      5.053
     0.659      2.489      1.036      4.011      4.935      4.218      6.039      1.061      1.817      4.593      2.740      5.067      3.003      1.558      2.228      1.031      1.060      2.953      2.752      1.661      6.087      4.613      2.086      2.857      3.516      5.490      5.167      6.648      4.686      2.234      4.776      1.172      0.000      2.438      0.662      1.949      4.100      2.340      4.309      5.006      4.539
     1.952      1.612      1.796      1.497      4.136      3.877      6.387      1.433      2.430      4.163      3.321      6.295      1.170      2.784      1.345      1.430      1.497      2.819      1.925      1.097      5.887      5.241      1.225      2.390      4.130      6.683      4.081      4.874      6.105      2.830      3.921      3.465      2.223      0.000      1.530      3.150      6.494      4.542      5.555      5.730      2.853
     0.418      2.607      0.311      3.137      4.943      3.692      5.812      0.646      1.747      3.330      2.527      5.668      2.410      1.705      1.311      0.518      0.338      2.278      2.041      0.815      6.035      3.510      1.595      2.630      3.028      5.490      5.352      6.546      3.789      2.879      4.216      1.678      0.642      1.610      0.000      2.335      4.174      2.976      5.135      4.430      3.996
     2.195      2.163      2.064      3.429      3.622      4.087      4.072      2.916      0.755      2.640      0.587      2.941      3.827      0.699      1.852      2.340      2.043      1.905      1.530      2.707      3.700      1.874      2.934      1.666      1.757      4.697      3.804      5.930      2.705      0.991      3.870      1.190      1.794      2.981      1.753      0.000      3.330      2.700      2.765      3.074      3.444
     3.819      4.447      4.740      5.654      6.513      5.190      3.995      4.217      3.469      5.326      2.361      2.486      7.959      2.557      5.380      5.276      4.528      4.533      4.274      5.194      3.614      3.348      5.393      4.964      1.383      3.554      7.642      7.314      1.237      4.130      7.342      2.390      3.571      6.667      3.959      2.848      0.000      1.894      3.557      3.376      6.596
     2.927      4.489      2.953      5.812      5.694      5.520      5.386      3.158      3.653      4.434      2.283      4.269      5.109      1.668      3.581      2.925      3.082      4.193      3.549      3.266      5.981      3.873      4.804      3.570      1.795      4.581      7.780      7.974      3.176      3.106      5.735      1.381      2.107      4.362      3.005      2.065      2.067      0.000      4.900      4.795      5.793
     6.024      4.044      4.946      5.969      4.744      4.387      1.658      4.758      3.924      2.537      2.471      0.756      6.377      3.657      3.781      5.340      4.526      3.981      4.094      5.767      0.791      1.318      6.006      3.933      2.018      1.002      4.214      5.665      2.110      3.003      5.014      3.490      5.655      5.730      5.550      3.122      2.982      4.665      0.000      0.000      6.067
     6.090      3.885      5.462      5.365      4.886      3.729      1.427      5.649      3.857      3.174      2.351      0.678      6.164      4.122      4.725      6.355      5.233      3.222      3.518      5.908      0.736      1.037      5.866      3.212      2.212      1.272      5.344      5.431      1.700      3.307      5.570      3.473      4.267      5.461      5.817      3.084      3.063      4.546      0.000      0.000      5.261
     4.678      1.772      4.025      1.519      1.183      1.148      4.619      4.951      3.508      2.480      4.496      6.132      4.087      4.987      2.649      3.895      3.785      1.968      2.888      3.443      4.711      4.341      4.714      2.068      6.133      4.987      0.891      1.275      6.056      3.409      0.509      4.458      4.949      3.571      4.063      4.595      7.676      6.945      4.996      5.807      0.000
