0 203 65 332 509 476 518 42 211 360 234 440 248 156 192 47 50 237 188 98 549 429 101 263 317 663 440 514 399 276 488 178 57 180 34 239 337 280 574 464 404
210 0 189 118 235 165 430 247 147 193 247 477 233 221 64 224 189 62 47 142 433 328 232 75 395 459 212 292 389 133 183 284 244 139 211 227 478 353 369 398 193
55 190 0 279 345 304 484 62 149 301 247 415 246 139 110 56 16 207 163 63 533 289 140 183 288 553 425 542 457 172 360 161 87 154 27 189 364 249 489 391 314
267 139 255 0 208 209 424 289 218 257 319 518 229 315 161 288 217 191 156 195 628 385 306 216 491 497 228 291 637 247 154 368 340 159 268 351 673 545 482 579 115
449 183 420 248 0 21 246 356 262 109 376 404 383 359 230 452 383 182 201 378 413 336 476 177 389 423 50 157 532 282 80 444 390 402 411 288 620 519 330 357 109
479 156 360 203 22 0 282 446 273 116 273 418 353 367 214 369 354 128 238 320 429 355 421 163 408 418 57 147 543 222 71 386 501 331 442 309 481 632 398 448 92
514 360 539 504 249 306 0 545 380 224 243 236 700 348 420 501 480 336 333 435 109 159 602 263 307 158 286 411 291 258 366 375 488 521 523 348 378 489 148 166 433
50 226 72 255 371 399 469 0 219 431 317 554 207 175 156 7 47 232 174 51 645 398 68 280 314 601 475 509 510 222 413 162 115 152 57 202 391 314 442 496 343
174 112 140 301 234 263 323 201 0 212 105 278 275 130 90 205 167 124 79 192 391 224 250 93 196 369 314 452 270 47 319 166 158 209 165 83 282 238 300 267 284
421 172 338 296 145 102 203 317 179 0 219 286 395 341 258 348 347 112 180 291 286 176 392 127 266 372 187 262 387 141 197 287 375 332 348 218 416 447 296 246 201
293 207 191 330 319 326 250 277 89 214 0 226 484 106 214 283 245 212 200 265 283 119 395 160 110 345 394 534 197 69 347 160 214 313 250 48 232 264 223 215 361
543 364 433 475 466 443 218 547 344 254 219 0 707 337 354 413 416 342 366 502 119 104 582 304 176 156 452 544 126 274 494 288 364 530 473 275 201 384 64 61 539
256 228 262 218 450 412 605 188 314 464 427 695 0 322 266 207 226 307 263 139 627 510 112 352 461 787 410 504 629 314 349 397 329 88 221 410 665 418 575 633 315
204 271 144 405 370 379 333 198 118 322 122 271 391 0 171 181 149 238 202 203 328 209 250 223 163 486 377 593 232 140 365 35 123 307 163 56 260 167 286 366 460
157 62 96 189 269 286 465 165 97 199 185 399 244 160 0 162 118 104 33 100 430 272 175 97 256 557 272 348 399 138 247 223 171 126 152 138 483 357 387 333 257
39 201 58 302 461 370 552 7 180 373 264 482 185 193 144 0 37 271 179 56 501 336 89 243 390 541 431 438 512 238 375 218 83 108 49 252 378 336 447 433 358
65 174 15 253 332 328 469 48 179 287 219 494 179 139 129 35 0 197 123 55 466 396 134 242 290 549 475 506 377 178 418 159 102 147 30 164 472 270 444 508 339
293 56 189 146 168 148 354 218 121 133 196 361 284 227 100 241 183 0 70 190 402 225 308 22 334 369 185 318 402 119 219 269 244 235 232 190 367 425 286 305 211
193 44 121 182 212 201 417 177 93 173 207 397 293 216 40 172 130 67 0 126 403 304 195 65 329 510 233 317 425 97 265 220 209 135 175 153 420 405 369 396 197
85 151 74 196 375 323 538 64 197 355 296 401 144 213 117 58 45 201 124 0 517 388 93 206 330 654 386 494 447 253 323 216 140 91 82 223 409 290 473 481 334
618 368 575 502 393 376 107 517 337 277 284 136 693 401 479 636 588 361 405 540 0 177 727 304 307 54 432 580 254 278 418 381 502 571 490 327 307 527 62 74 446
410 265 384 472 337 352 190 369 216 190 118 131 509 210 276 457 316 276 292 352 175 0 490 200 137 181 344 421 200 151 400 285 305 375 308 185 309 302 91 114 388
97 209 117 239 515 441 656 85 236 374 390 602 140 307 222 72 124 298 198 85 706 398 0 327 484 766 467 454 575 312 397 231 158 117 146 272 583 343 621 486 390
299 93 179 199 179 176 255 303 105 123 151 300 333 206 122 242 227 25 83 233 299 204 352 0 309 345 256 298 340 91 190 281 252 217 224 176 430 380 307 285 189
357 330 262 525 432 399 276 376 213 307 103 176 481 167 352 303 330 342 255 310 249 136 427 291 0 343 446 614 90 185 490 167 324 456 319 149 134 218 221 207 495
617 496 462 643 475 443 147 673 472 347 374 139 605 493 539 688 478 371 495 503 51 180 613 357 350 0 514 627 214 388 584 517 466 610 495 425 308 431 88 99 618
402 242 395 207 50 48 332 375 290 162 412 530 399 505 343 404 370 223 264 321 412 363 503 233 493 543 0 74 611 340 38 440 424 303 485 356 650 668 449 487 81
492 267 434 249 128 129 356 596 346 265 464 502 471 568 338 433 478 322 403 384 579 490 540 323 618 521 87 0 523 397 100 587 576 345 494 518 774 744 494 460 143
390 429 352 621 557 462 345 390 327 313 230 114 630 285 392 387 475 389 327 391 209 186 473 324 103 241 539 613 0 276 537 282 397 475 375 250 118 270 179 153 569
256 176 205 320 285 257 285 261 59 136 74 285 325 168 147 278 218 112 105 245 307 169 298 75 180 406 344 429 245 0 271 188 221 250 235 98 326 305 233 228 297
441 213 380 205 75 65 325 456 266 209 409 409 408 477 278 478 440 173 235 415 438 316 420 199 514 558 35 92 545 308 0 421 449 367 416 362 706 518 432 385 36
149 281 127 373 374 462 424 190 171 386 150 293 352 40 214 178 164 234 221 181 449 309 302 254 178 485 512 556 294 173 418 0 99 263 154 92 227 119 301 341 407
54 223 81 372 437 466 514 86 163 352 222 406 317 126 204 107 78 298 236 163 499 303 157 302 305 512 441 498 328 258 515 98 0 233 60 167 374 178 463 379 509
145 142 174 136 338 368 506 131 244 380 276 504 98 308 132 114 148 192 168 98 676 463 110 247 407 636 360 408 603 261 326 309 254 0 143 244 563 353 614 566 289
39 228 30 326 419 439 450 47 148 340 225 503 199 159 152 41 31 240 149 75 522 382 145 216 267 646 437 483 379 247 462 137 51 153 0 207 366 267 530 442 383
179 181 173 336 334 361 323 201 67 203 47 300 398 65 190 210 162 179 143 221 351 177 260 141 122 337 433 461 268 104 428 85 194 248 193 0 285 180 258 320 383
376 460 349 522 581 470 382 378 367 390 242 241 536 230 484 470 447 426 483 487 297 292 461 443 135 376 535 765 127 305 545 250 346 613 398 243 0 149 279 261 694
287 379 278 547 501 486 452 295 303 499 212 393 511 155 350 267 256 397 409 355 421 359 384 365 212 475 676 641 283 281 569 156 214 442 239 219 149 0 343 458 533
441 365 472 482 346 333 163 513 274 248 224 50 657 307 414 464 413 364 353 560 74 100 560 316 217 99 497 488 198 246 388 386 400 595 490 287 246 446 0 0 410
566 437 490 582 437 427 152 539 298 228 235 58 711 292 459 421 507 342 404 492 62 113 575 337 194 102 431 450 154 254 493 357 476 560 536 237 256 332 0 0 496
457 155 354 136 92 103 329 428 310 190 424 515 355 416 245 432 394 193 253 323 462 336 399 218 563 552 70 112 615 294 37 378 413 311 343 414 656 496 514 487 0
