0 191 81 338 184 216 213 208 355 106 167 251 271 365 190 296 323 315 147 361 207 284 76 77 72 301 316 311 68 192 138 380 172 109 227 67 290 395 211 85 160 289 267 126 213 185 300 176 983 290 150 306 280 176 289 233 288 76 318 292 143 26 286 134 310 358 380 188 246 58 246 111 325 245 195 63 296 243 192 211 344 218 362 380 262 192 110 171 339 438 167 264 164 104 154 198 378 129 188 159 158
212 0 135 320 364 387 363 195 331 131 390 476 96 475 182 253 150 554 342 673 308 516 172 268 141 332 258 484 150 196 151 539 277 102 159 234 406 142 255 291 34 472 246 94 118 314 454 251 1014 159 321 478 129 31 493 430 353 252 364 203 328 232 94 308 485 534 269 38 441 208 147 178 454 394 382 138 410 429 56 407 158 386 327 126 143 256 268 287 165 421 104 90 296 207 75 211 163 215 369 298 107
71 134 0 287 251 244 271 155 325 101 223 323 193 402 155 262 228 372 171 479 269 302 86 99 57 294 205 440 44 181 162 408 195 84 156 152 350 276 122 167 109 409 263 48 145 147 397 192 939 243 228 336 212 141 327 327 305 95 331 240 229 78 231 159 372 353 221 89 373 150 148 57 373 294 243 23 424 306 138 277 309 339 274 234 238 261 239 220 270 366 80 231 231 153 98 211 282 118 247 293 100
315 247 297 0 509 545 397 121 153 346 350 478 286 442 140 84 301 610 318 646 623 559 254 334 341 195 80 720 297 494 472 563 350 338 94 470 527 277 194 410 294 644 27 349 153 261 474 497 1249 339 513 428 181 269 480 389 76 334 225 50 458 324 342 250 425 535 37 258 636 409 138 260 540 588 440 274 636 610 380 502 301 458 88 360 167 543 518 469 118 143 169 327 463 478 254 456 245 232 564 493 395
190 379 231 578 0 122 186 391 475 219 246 221 352 306 366 608 535 146 206 318 95 150 280 263 227 495 468 136 218 203 194 322 299 220 454 105 201 541 401 121 316 77 429 240 421 387 263 231 638 525 93 280 508 400 350 198 556 259 509 576 145 221 413 271 337 270 478 300 195 150 439 264 150 88 282 223 122 127 375 125 528 201 434 520 557 201 61 152 426 638 339 347 39 164 363 169 493 305 18 22 282
194 367 231 488 112 0 130 396 496 323 141 104 410 225 364 536 463 107 174 269 195 54 185 215 215 318 465 243 260 333 245 315 196 284 379 150 92 541 313 100 376 135 453 266 460 229 199 282 761 477 169 213 483 356 235 125 514 159 385 482 34 213 371 265 307 156 481 416 91 155 349 274 112 49 147 265 252 69 322 12 577 111 380 497 566 237 121 242 446 510 357 483 164 224 316 283 539 208 115 137 281
227 409 228 381 256 104 0 326 373 323 67 136 492 132 308 451 589 240 70 195 325 184 213 136 315 284 356 349 230 413 313 163 114 309 348 177 105 531 233 159 325 267 425 349 380 194 151 411 676 554 282 85 452 446 133 23 431 151 287 360 81 187 498 182 155 132 421 394 168 247 347 287 241 170 46 220 308 199 352 104 516 30 340 594 510 381 182 284 389 370 325 418 267 314 309 321 549 133 216 266 353
227 207 170 136 380 349 308 0 183 310 232 441 310 402 11 148 368 437 270 450 393 420 172 200 253 163 71 515 137 385 337 456 218 244 107 310 423 301 60 311 191 464 86 180 115 118 454 394 1022 301 378 279 209 237 326 355 106 207 182 131 313 204 275 117 365 439 112 159 466 339 91 104 479 481 282 195 517 486 219 338 306 313 90 299 168 442 408 447 123 176 96 339 428 294 154 343 275 163 375 378 308
312 430 308 207 554 383 358 159 0 466 234 504 503 347 170 258 465 524 313 431 584 521 321 266 421 58 108 553 269 513 456 331 246 354 229 478 390 369 190 418 355 498 162 322 241 139 392 433 1030 438 547 243 346 397 318 362 123 308 25 215 447 323 548 193 342 425 237 311 449 444 242 247 509 513 266 327 524 580 477 449 442 348 83 571 344 527 384 517 250 79 288 405 503 377 303 464 470 266 441 585 388
108 153 118 385 229 318 327 225 428 0 284 335 168 477 237 318 261 394 232 455 216 343 151 215 36 404 378 369 139 76 48 559 242 11 224 103 342 310 282 194 89 326 391 71 180 274 503 113 933 281 148 385 285 134 444 281 319 207 463 308 243 149 134 224 497 474 347 131 390 101 238 138 383 342 305 108 270 284 88 253 245 326 424 213 302 115 170 171 326 432 166 204 191 68 176 93 262 192 251 248 32
143 282 202 371 237 157 59 209 289 273 0 215 348 148 215 365 416 224 5 256 341 213 146 86 260 194 279 381 156 297 319 200 46 294 325 222 189 526 177 120 260 281 355 257 291 123 194 368 901 512 210 124 340 375 142 69 306 97 257 313 116 145 461 99 163 194 416 252 236 213 258 175 236 180 49 213 412 185 309 155 424 97 245 529 418 314 176 277 374 338 211 382 223 241 287 369 523 110 232 216 297
282 514 430 480 193 126 138 406 508 461 165 0 649 148 366 535 697 133 189 131 336 113 280 271 309 332 396 280 295 440 436 181 204 344 496 324 29 610 319 212 464 240 471 424 559 288 82 418 504 690 313 209 526 448 130 124 538 322 408 556 157 267 491 334 224 79 585 411 56 332 560 326 155 129 184 318 295 143 496 117 609 117 522 648 595 382 233 397 571 490 383 496 264 361 429 363 682 276 209 257 377
228 89 199 373 415 506 472 247 427 203 350 633 0 643 259 246 70 505 448 568 408 590 245 330 197 457 351 429 288 182 205 563 361 152 227 333 470 124 363 396 104 554 271 138 201 335 578 272 930 80 341 463 126 69 634 501 389 312 387 249 474 290 45 406 688 702 271 104 567 308 198 232 478 520 487 238 555 507 69 511 71 467 347 72 176 302 372 366 240 414 181 29 423 291 175 219 116 372 363 349 131
266 527 333 508 348 181 104 386 344 488 144 120 669 0 384 578 591 277 164 101 422 219 258 225 363 301 415 450 313 510 388 76 150 465 527 285 152 609 364 305 518 301 427 480 426 297 74 414 693 656 327 61 542 468 13 103 465 249 346 488 171 284 650 256 73 66 469 417 163 406 424 405 298 248 121 403 390 231 522 174 720 77 439 570 555 438 312 492 589 465 390 594 338 410 419 420 677 247 302 321 533
217 205 153 138 363 307 324 11 151 290 227 444 315 436 0 137 344 517 245 500 502 488 136 156 234 160 75 571 118 353 261 404 215 279 80 239 356 227 59 305 212 461 108 189 90 115 444 324 942 266 402 317 171 269 329 369 104 198 159 109 292 197 342 149 328 495 106 163 402 256 85 98 502 355 269 190 515 407 263 405 362 364 107 367 207 406 289 427 126 235 91 305 353 266 122 335 282 145 365 463 292
319 208 280 78 564 527 376 155 247 322 328 563 247 437 140 0 289 672 417 573 625 549 255 330 290 227 137 553 272 438 370 516 348 326 65 439 575 233 199 398 234 652 62 319 144 289 606 434 1192 254 469 388 145 236 568 467 124 323 293 27 449 348 321 250 574 651 32 186 616 341 118 236 680 552 407 325 571 639 304 589 251 449 167 336 117 429 403 456 38 231 169 289 533 434 192 372 180 316 508 499 365
380 157 251 387 433 583 442 296 469 274 505 679 69 656 336 251 0 662 476 792 400 550 316 418 228 545 328 504 305 275 253 729 437 232 243 408 566 82 370 445 184 509 362 208 240 352 573 309 997 53 448 613 119 109 596 548 462 436 519 280 521 338 97 365 689 756 275 165 619 371 222 283 540 577 580 272 565 648 169 582 20 522 420 9 181 326 482 344 248 445 267 67 447 304 227 288 95 377 541 467 227
248 488 403 601 123 118 226 517 503 366 307 165 536 315 454 684 621 0 253 320 221 68 283 327 352 473 545 172 302 426 293 290 313 404 575 248 113 703 458 240 393 82 610 436 585 370 241 373 472 679 249 291 515 467 300 193 543 345 530 585 141 264 488 345 365 234 565 456 87 224 522 437 11 62 218 293 166 43 480 109 663 246 528 676 518 340 183 280 637 546 413 601 183 298 410 305 712 344 152 134 348
160 313 215 339 244 128 61 201 290 311 4 183 461 158 211 438 498 265 0 242 354 214 111 84 221 207 249 381 161 295 326 204 43 260 267 187 152 441 151 155 326 321 373 288 244 113 224 323 695 447 265 100 407 339 138 83 362 82 277 354 119 150 458 106 214 194 395 279 227 218 316 168 306 190 51 184 418 199 361 145 448 78 294 490 389 366 229 259 416 323 208 445 220 223 301 363 518 109 220 283 259
354 609 456 588 397 301 204 517 385 540 262 124 754 103 431 712 678 290 280 0 521 217 436 300 424 394 461 429 483 562 451 76 270 529 573 380 150 691 463 304 529 427 593 509 616 417 69 593 641 704 468 209 566 565 145 206 550 360 463 653 263 378 651 381 137 62 677 545 199 372 474 516 328 268 246 438 465 259 504 282 718 205 453 816 581 474 364 567 572 603 493 765 445 473 560 510 777 383 340 397 624
252 372 256 626 71 205 348 480 556 230 267 267 441 365 446 614 462 225 322 522 0 190 259 302 236 438 542 117 344 208 192 460 403 227 448 143 290 545 431 197 290 110 595 313 363 413 370 184 815 458 78 342 399 380 370 332 487 280 500 593 189 249 304 334 495 429 464 371 233 162 431 386 164 170 321 312 76 213 362 230 426 338 502 441 539 120 122 79 438 590 432 414 59 175 367 132 534 328 67 56 232
228 386 359 621 144 60 182 469 556 294 198 103 463 246 378 503 538 55 185 231 225 0 310 237 295 450 546 227 296 349 273 283 237 372 451 202 65 585 310 152 392 118 531 369 460 358 168 350 664 587 232 255 486 509 257 128 455 272 428 633 104 251 445 275 252 162 578 374 36 260 512 386 63 35 172 347 229 22 495 49 537 154 416 606 591 338 151 308 475 506 360 497 188 291 489 351 517 287 176 169 321
68 192 69 275 207 193 176 185 231 176 118 365 295 345 175 310 360 336 142 401 271 245 0 40 124 257 181 403 31 276 162 324 129 161 227 119 318 300 101 112 182 277 291 118 147 116 357 218 1010 314 210 258 287 219 255 222 291 38 232 257 172 52 313 81 359 320 297 151 338 125 207 68 293 253 183 64 354 319 221 210 364 234 288 379 288 240 170 254 260 283 116 248 199 168 126 278 273 53 227 264 166
88 206 120 318 269 216 142 199 287 183 95 320 374 276 184 276 425 330 100 404 326 284 46 0 165 236 204 438 72 233 179 334 91 191 253 127 245 430 117 100 238 309 317 150 219 90 332 235 866 402 204 195 287 273 276 194 250 10 217 295 154 60 372 75 304 255 323 179 279 155 241 105 276 265 125 116 393 241 244 204 367 169 251 446 353 244 206 273 299 286 150 358 210 197 218 260 352 41 269 277 239
79 128 57 355 252 222 251 263 409 43 195 421 183 418 211 290 294 295 221 462 253 310 119 130 0 294 289 390 115 103 73 492 271 38 264 114 321 299 221 162 107 330 313 48 207 226 391 148 854 292 151 346 277 134 438 300 366 130 318 317 250 82 181 201 422 375 347 125 345 80 212 146 296 303 247 54 290 312 124 299 248 270 306 317 250 174 184 195 286 359 146 229 211 84 151 128 313 164 220 203 66
242 316 298 217 499 388 217 146 67 417 223 387 500 260 173 222 525 427 214 373 555 425 209 204 334 0 125 592 221 479 419 298 160 390 207 326 314 480 116 305 388 470 225 286 285 91 329 512 898 442 461 206 378 339 289 278 152 190 43 212 272 278 437 152 215 417 206 348 369 364 220 216 437 463 185 308 543 448 437 320 515 254 108 504 362 480 420 425 317 166 215 429 452 402 262 463 347 155 412 488 380
248 244 226 83 476 474 377 57 115 371 246 489 305 404 64 124 328 538 279 561 444 551 245 234 306 140 0 585 216 372 376 418 272 345 124 386 463 288 102 349 311 506 70 253 153 166 463 493 1006 312 408 372 241 260 415 349 52 226 126 114 405 298 409 189 318 496 122 217 463 362 138 153 454 507 317 256 537 502 309 384 341 321 41 422 242 533 475 415 150 123 177 343 456 354 220 449 289 191 416 514 306
359 548 410 697 140 221 403 584 735 313 405 288 438 374 455 629 570 168 391 403 129 245 382 328 288 516 700 0 421 356 296 425 370 360 613 238 249 597 478 293 425 77 652 427 517 413 378 257 673 568 202 509 505 401 399 322 730 327 583 650 295 375 428 474 574 448 618 386 276 252 556 475 161 180 344 382 33 188 412 249 670 306 669 636 635 214 190 199 704 785 480 494 163 244 455 258 627 450 141 120 336
78 182 47 232 222 237 230 125 276 118 174 356 272 333 127 273 300 402 169 497 341 307 36 66 110 256 219 398 0 229 172 423 156 147 200 148 316 297 121 130 143 306 255 107 168 113 373 253 848 351 215 295 208 206 291 241 267 62 279 215 248 52 262 109 404 428 243 150 380 166 175 38 315 279 186 34 361 349 177 265 358 293 278 363 241 284 184 283 278 321 98 303 218 138 104 256 264 82 226 264 143
177 153 175 379 267 331 418 386 552 94 320 506 201 459 306 413 292 365 357 637 240 329 218 288 121 506 478 331 218 0 58 589 380 84 336 167 428 339 330 211 171 308 451 137 318 407 439 44 966 312 167 525 263 166 478 371 505 220 454 460 311 202 122 286 495 428 474 217 405 122 292 261 421 347 399 165 245 350 116 319 313 401 462 247 303 82 190 121 355 613 239 155 172 101 200 57 276 342 250 236 81
133 160 135 478 171 289 330 335 393 46 286 407 211 482 316 427 320 324 248 581 155 338 175 211 81 424 380 310 167 65 0 433 303 63 297 94 415 357 297 174 135 274 331 106 268 262 439 63 849 318 99 345 310 146 482 302 434 225 451 433 249 132 160 326 446 462 447 160 379 91 305 185 293 305 285 116 262 333 147 267 347 383 376 307 297 70 171 93 323 447 234 241 163 42 189 63 271 272 166 151 77
393 516 495 510 322 241 196 457 358 475 260 198 708 55 368 599 614 288 202 73 495 231 367 314 414 285 451 490 334 584 445 0 210 467 464 414 172 689 381 298 582 345 461 460 468 295 113 625 680 782 395 146 693 489 58 168 503 348 386 491 290 364 633 329 79 104 559 456 249 467 534 386 329 260 165 418 495 345 589 304 831 157 414 666 536 529 359 422 551 426 437 632 476 406 543 516 655 279 372 403 553
185 348 183 342 258 215 92 207 196 257 44 237 470 183 240 300 518 286 48 283 342 237 149 91 214 185 248 480 181 326 314 260 0 241 334 194 255 392 139 188 269 367 296 297 315 84 205 348 834 536 265 125 373 361 166 131 278 93 221 330 156 133 361 77 169 206 331 287 265 212 234 183 362 284 66 203 410 265 373 183 457 120 239 427 372 356 278 322 313 365 231 414 307 294 221 335 504 70 334 288 329
126 107 98 326 274 279 262 266 352 11 265 462 149 393 242 297 251 373 269 475 257 292 140 173 35 342 367 318 132 96 61 440 312 0 222 117 331 261 218 159 78 364 355 54 173 223 493 100 848 224 146 368 251 100 438 385 429 156 448 365 252 120 164 230 489 461 352 130 432 117 245 144 381 309 266 89 360 312 99 290 288 293 322 233 234 122 165 156 303 377 168 176 175 85 159 108 273 224 191 206 28
241 156 208 116 388 419 405 92 205 297 279 476 222 437 92 80 276 550 356 633 469 417 235 225 228 258 107 612 175 329 341 477 324 215 0 326 554 211 134 295 207 562 99 215 51 208 468 381 1003 196 374 460 126 188 523 440 166 277 274 63 355 245 270 212 403 542 80 153 514 296 24 136 561 436 358 186 560 512 244 477 267 455 164 230 81 363 433 434 62 248 85 223 412 312 101 320 155 227 434 422 269
59 276 164 468 115 178 229 286 472 130 194 310 322 364 246 452 344 272 184 361 133 248 130 153 104 297 297 248 137 167 99 364 202 119 287 0 244 324 279 55 208 196 426 128 286 234 347 132 793 390 64 329 318 268 342 204 369 153 357 429 129 102 244 255 386 280 397 201 242 17 275 204 208 156 241 134 259 227 196 185 418 256 440 429 330 137 72 120 402 399 246 266 107 59 266 151 362 202 104 97 135
238 403 328 619 222 94 133 428 409 419 158 30 615 162 477 490 539 149 206 168 313 75 245 236 296 348 414 307 273 461 330 180 206 381 491 257 0 617 318 191 456 180 527 421 400 326 93 449 661 705 248 161 529 417 138 103 431 235 471 499 92 311 455 310 191 109 507 386 41 300 515 341 135 96 138 291 291 105 484 91 642 99 435 621 627 337 219 277 493 555 422 575 215 314 396 442 699 266 232 211 433
308 137 233 295 575 568 525 304 441 291 419 737 97 534 229 235 68 706 413 815 510 567 332 362 239 394 282 672 331 295 306 585 512 274 193 324 602 0 342 475 187 672 245 244 190 345 582 385 1011 30 447 604 69 123 586 552 314 390 420 195 471 369 161 410 599 687 232 188 699 412 165 248 546 540 435 290 531 500 151 600 86 515 361 73 87 433 519 376 198 468 189 110 506 346 212 393 21 329 416 426 244
171 225 155 184 334 346 214 73 157 252 194 427 318 359 62 178 417 396 182 406 431 320 100 107 207 109 115 429 113 311 308 402 147 204 174 258 396 272 0 206 201 482 158 206 128 55 380 323 1011 345 279 264 211 234 305 242 136 128 179 207 313 156 366 68 296 393 182 217 412 273 140 70 502 300 214 135 477 399 277 323 398 251 115 415 210 385 332 418 208 203 120 342 380 301 150 372 279 89 398 301 278
81 254 149 406 121 109 137 328 394 144 150 212 384 244 238 407 431 213 158 373 192 196 132 123 151 282 306 292 171 246 185 333 187 196 351 52 186 474 216 0 204 208 419 172 338 205 255 225 751 430 115 240 396 267 251 192 452 122 355 434 85 80 280 164 277 301 342 212 211 85 294 215 233 136 177 161 275 186 230 112 474 167 365 465 419 170 73 165 393 410 279 396 104 110 260 187 487 162 115 124 228
154 30 92 316 345 296 387 233 381 82 269 423 103 546 195 283 168 462 310 530 349 421 157 184 106 293 232 387 161 136 123 481 335 76 171 228 493 153 224 268 0 407 246 61 142 269 557 174 923 192 265 452 132 34 432 405 277 234 412 248 302 172 105 218 470 484 261 34 439 196 158 165 468 407 325 128 456 380 41 367 207 379 311 153 175 251 297 208 186 456 137 115 290 167 69 160 198 218 286 269 65
264 384 370 635 93 177 226 445 618 337 280 255 493 303 414 532 513 86 323 338 95 138 376 312 299 541 602 86 313 322 290 390 395 271 534 196 230 511 457 169 469 0 625 380 489 468 335 233 503 677 164 317 517 388 415 247 627 280 563 648 186 270 391 336 360 348 508 357 146 185 554 360 79 125 303 381 91 121 370 133 655 317 648 641 578 259 130 182 595 740 459 438 120 233 484 300 548 349 104 94 307
267 240 266 25 486 534 409 111 212 362 327 574 318 447 113 66 278 550 349 542 521 505 248 261 361 215 71 709 213 419 364 545 280 356 85 326 557 286 139 398 247 619 0 317 132 186 523 439 1128 296 436 442 167 244 441 372 81 305 206 30 411 279 310 238 405 517 34 197 525 324 97 166 564 465 428 287 699 491 342 419 328 373 120 321 166 539 491 457 96 171 167 332 423 443 183 454 222 280 556 525 384
114 85 57 339 303 304 253 180 345 63 257 402 150 425 169 267 200 423 238 569 249 300 124 173 41 297 308 361 101 147 121 481 224 46 179 141 332 197 208 194 53 410 288 0 156 194 436 185 980 230 203 367 218 94 464 335 298 171 358 233 237 117 142 234 374 486 275 67 369 125 155 106 387 284 315 56 345 391 100 352 271 324 280 251 211 205 203 190 230 400 133 166 228 140 78 190 216 175 268 296 54
238 111 118 154 356 346 319 102 233 217 263 499 170 455 98 132 210 436 275 488 398 442 162 239 196 222 150 494 161 272 252 495 253 233 56 279 446 168 151 335 130 541 144 147 0 220 541 281 961 226 290 402 108 161 482 357 164 239 246 133 339 239 230 177 407 455 150 111 449 261 25 125 472 503 379 132 565 484 192 396 272 350 187 253 93 368 334 356 88 266 49 225 353 284 58 340 142 208 453 401 216
161 271 188 251 344 237 159 135 142 315 136 322 354 290 135 258 472 407 137 350 382 336 130 102 258 104 157 424 152 357 296 350 97 288 218 258 293 379 63 231 255 407 234 213 214 0 280 317 924 413 291 178 290 261 216 233 193 110 129 250 226 178 363 28 212 326 203 259 298 280 213 116 336 364 154 188 484 343 340 247 459 200 161 410 332 344 241 351 216 243 140 355 288 277 218 401 303 64 338 392 242
306 527 373 502 273 203 134 381 410 440 208 77 513 92 396 509 748 189 239 59 431 192 314 271 431 393 406 413 346 428 397 91 221 384 572 338 99 661 359 313 432 342 450 483 548 300 0 530 575 663 313 173 542 595 100 125 568 346 389 519 217 279 645 349 164 3 656 455 116 371 503 331 248 235 169 349 459 218 589 159 740 116 390 758 596 488 279 377 513 451 393 645 337 430 555 442 748 300 323 290 495
166 224 175 539 211 324 404 375 441 86 323 389 253 429 381 410 257 337 304 531 173 355 278 265 134 535 491 297 254 38 59 631 383 121 355 150 374 395 380 220 198 246 509 188 338 308 415 0 728 321 119 396 379 193 547 331 427 290 586 500 261 178 160 303 572 477 396 187 336 114 315 233 370 346 420 188 224 356 197 284 287 432 468 321 348 39 181 78 393 572 319 215 184 93 288 5 397 256 210 197 127
817 1108 878 1019 583 567 763 997 898 781 915 554 1196 744 973 1076 1263 657 914 583 623 548 913 922 971 957 1020 591 847 1028 839 684 801 979 1188 670 533 1050 932 883 908 528 1256 1036 1093 831 522 776 0 1355 730 647 1253 1070 773 614 991 877 939 1153 698 815 1154 978 668 532 997 1008 563 811 1206 941 645 663 750 1055 565 516 924 645 1038 633 1162 1274 1242 888 742 727 1006 1084 903 941 747 723 908 733 1292 957 584 751 919
358 126 240 354 491 490 546 299 395 237 476 690 95 606 244 248 47 703 406 753 410 668 380 348 273 484 295 628 321 308 332 811 498 222 241 373 518 26 370 418 162 610 299 261 223 352 601 384 1283 0 430 480 106 125 715 582 403 369 542 268 441 306 162 345 637 601 269 184 634 387 212 241 589 499 454 248 479 667 149 603 56 584 406 56 140 354 505 402 194 475 220 105 485 307 193 339 51 388 492 418 247
137 300 198 495 87 192 239 412 472 133 229 268 342 400 329 392 358 197 219 492 92 189 217 221 146 400 414 220 237 146 118 494 307 154 391 57 254 352 350 91 267 137 459 223 283 294 381 132 881 454 0 394 368 288 387 276 468 201 461 425 178 130 248 313 348 325 431 296 264 62 323 212 236 174 309 193 158 186 269 173 478 246 448 354 427 110 51 74 446 568 326 333 48 84 297 106 357 220 70 57 175
290 477 321 407 265 199 92 328 306 416 104 156 528 66 300 513 527 291 123 208 348 260 263 209 393 208 296 436 284 384 444 123 105 380 395 295 168 547 271 280 349 331 348 353 349 218 136 379 767 652 397 0 447 387 68 81 396 238 242 414 187 294 491 177 87 165 423 414 224 269 321 275 329 267 64 303 496 242 507 225 527 69 309 581 520 415 264 375 410 326 380 511 391 367 404 491 461 194 287 352 348
269 107 193 244 410 419 507 221 310 273 354 546 148 649 198 123 158 569 394 666 437 626 252 286 222 312 266 521 213 337 343 636 410 220 98 305 485 74 237 416 161 638 218 170 99 336 576 322 1119 93 424 455 0 141 541 438 284 339 424 164 409 291 208 305 465 547 172 106 589 298 111 181 593 586 476 206 581 533 184 471 146 420 249 132 34 414 414 388 118 308 132 171 376 372 113 365 66 274 386 437 238
197 28 148 313 330 440 345 248 346 114 376 453 62 556 238 236 124 507 331 705 297 388 234 277 154 339 322 515 195 165 184 664 329 112 215 245 536 136 293 316 42 486 314 92 140 292 535 222 1156 123 287 436 155 0 579 362 283 227 447 258 327 188 72 291 524 455 272 62 421 218 183 163 558 369 412 179 447 503 24 405 166 456 325 127 171 208 270 257 248 423 139 85 326 176 102 203 139 253 366 324 98
348 444 367 396 282 237 110 399 312 466 175 134 495 10 323 591 696 324 137 133 379 238 327 263 339 259 336 482 345 470 398 64 185 407 418 384 156 679 325 310 540 344 414 433 483 283 97 456 810 572 398 66 485 503 0 116 410 289 320 560 177 273 572 230 59 104 461 445 220 313 414 372 257 268 129 305 504 240 436 243 669 91 426 645 628 513 294 417 531 398 396 667 330 329 493 539 646 251 341 401 440
250 416 312 430 215 99 19 357 380 339 68 118 498 94 330 537 634 210 72 187 306 175 242 191 266 300 357 399 270 361 329 193 131 315 396 251 105 562 300 189 429 273 350 359 440 231 130 337 801 585 224 76 453 455 100 0 334 204 324 459 84 177 436 164 154 134 429 383 147 239 398 259 195 151 62 240 339 186 429 114 547 12 369 629 455 407 234 378 436 476 357 487 282 273 313 384 540 160 273 243 325
302 349 253 70 530 432 391 111 126 426 329 577 315 476 134 159 453 554 273 506 601 528 236 247 399 135 44 620 267 401 410 468 231 420 142 451 428 370 150 421 265 615 71 271 179 178 417 424 1011 397 409 317 236 344 386 333 0 283 110 108 437 299 391 209 407 443 104 298 589 406 159 183 619 453 362 258 712 463 358 395 470 359 38 409 204 487 416 430 172 74 193 362 460 447 201 517 363 258 494 546 338
70 232 122 298 242 208 149 183 239 181 97 261 335 278 166 303 370 354 82 373 332 282 39 10 137 212 197 361 68 249 214 369 117 203 282 124 291 414 102 131 233 293 290 135 238 110 275 251 901 401 199 179 347 222 225 170 292 0 276 320 166 52 304 85 263 336 276 225 243 146 231 96 335 229 167 99 334 260 217 217 334 153 242 374 337 265 155 277 315 313 139 313 258 160 158 258 309 43 272 226 239
285 331 294 230 489 464 302 165 22 457 243 364 416 322 169 227 543 493 232 410 456 397 233 268 312 47 127 614 290 528 438 384 176 415 222 353 478 483 141 319 379 591 220 318 300 144 403 476 1005 403 422 218 349 436 288 268 145 237 0 268 315 348 510 201 283 445 212 292 380 402 258 236 490 389 275 350 614 512 435 421 567 356 104 463 344 454 506 469 239 118 268 502 431 421 283 517 450 187 509 571 396
287 247 230 45 535 416 421 112 202 385 376 642 296 563 109 33 319 649 297 638 617 562 282 245 346 217 109 608 280 430 420 543 273 313 69 346 488 241 192 445 297 521 28 269 102 200 601 459 1094 259 486 488 161 300 512 499 99 264 242 0 375 339 376 242 526 642 10 198 567 369 98 183 534 615 376 306 646 607 280 438 297 482 133 350 127 474 467 504 49 192 139 325 499 413 211 404 180 252 568 538 353
188 386 236 434 124 41 97 351 364 239 101 114 434 226 371 477 512 147 98 223 245 115 164 138 238 350 322 238 180 315 251 282 169 268 342 126 95 563 314 83 381 162 445 283 358 196 166 264 719 553 147 169 398 353 189 98 411 151 321 487 0 183 416 228 235 215 393 282 96 168 335 295 137 103 118 220 241 101 342 53 547 110 453 489 485 246 119 241 470 530 309 471 173 215 301 243 483 161 132 129 343
25 197 80 358 178 196 180 218 345 120 125 253 291 293 177 363 351 249 115 436 221 277 50 62 82 246 230 358 56 228 146 378 143 131 268 76 262 344 168 85 190 312 295 114 180 142 331 212 740 402 139 238 269 238 314 187 323 48 299 331 146 0 248 127 282 278 271 165 280 86 198 120 268 234 165 60 273 264 200 217 362 205 333 299 252 212 128 230 334 371 152 263 160 125 185 175 373 100 166 195 176
294 93 223 333 410 423 433 293 544 157 415 503 58 541 278 297 118 553 354 728 398 458 292 359 165 511 406 413 286 152 173 690 449 168 305 239 579 143 316 275 105 470 376 172 194 317 559 187 1114 150 268 561 187 81 551 544 371 339 433 321 404 300 0 305 690 657 286 141 583 292 225 266 561 467 413 248 386 479 73 383 105 528 368 95 179 261 362 259 272 474 238 36 285 210 205 228 150 302 378 303 118
144 277 153 255 272 217 153 132 169 212 112 302 400 222 116 247 468 306 111 379 354 348 94 62 180 110 191 463 101 308 295 356 68 239 239 243 278 346 77 199 232 379 200 226 188 25 343 390 1012 355 324 169 281 275 273 209 213 75 157 213 198 121 401 0 215 259 274 220 318 228 221 119 374 328 140 133 471 305 306 293 394 216 154 459 342 330 292 383 227 243 142 336 280 216 187 392 359 37 271 335 228
329 534 373 454 367 285 184 375 296 505 205 222 569 81 331 489 677 372 161 142 492 312 264 278 449 213 313 474 374 485 480 80 212 522 391 395 208 622 329 355 472 470 460 405 378 264 152 546 665 710 379 77 591 564 65 156 446 261 293 442 268 299 559 277 0 139 542 481 233 372 396 341 348 342 147 419 443 306 463 259 615 160 369 767 494 596 375 422 571 371 435 556 460 424 501 597 588 269 394 425 472
295 455 463 562 323 197 139 430 432 454 182 65 649 77 402 510 722 201 222 75 426 164 380 313 409 302 493 403 312 512 493 105 195 398 478 331 105 660 394 298 436 285 454 473 567 336 3 508 724 599 383 150 619 482 101 127 486 323 365 566 156 365 562 282 161 0 473 501 144 396 543 407 206 195 171 440 403 206 574 158 674 110 406 583 540 510 300 431 671 445 434 624 337 400 404 526 629 266 294 293 420
287 214 275 38 437 534 456 130 216 287 349 587 278 493 131 37 279 545 408 608 543 636 296 314 334 232 119 756 220 476 345 510 344 358 90 387 458 250 162 433 285 588 32 247 123 275 627 383 1239 240 524 417 156 313 503 416 102 328 226 8 474 314 305 224 467 529 0 250 478 401 125 209 595 592 331 273 608 531 301 505 271 491 152 305 137 423 412 499 53 155 185 324 527 433 213 457 214 227 530 459 293
151 34 81 274 391 365 333 155 354 134 254 522 112 422 170 231 161 385 279 493 308 388 156 184 125 338 218 484 144 212 147 552 243 110 141 217 504 162 185 226 43 463 218 73 83 267 455 212 891 158 271 419 139 71 477 350 251 192 392 248 354 182 125 268 519 476 236 0 408 201 112 108 463 437 323 96 381 418 87 426 221 434 308 195 162 254 284 254 172 351 88 130 262 194 36 196 167 182 312 384 95
252 514 398 646 146 90 151 504 495 338 173 59 543 189 471 588 515 96 226 216 269 36 321 254 358 407 461 232 293 451 369 259 231 320 446 247 38 541 371 173 438 144 573 410 438 326 128 315 654 613 223 185 545 428 200 149 594 231 511 572 124 301 509 298 292 140 575 436 0 282 418 360 89 63 203 366 248 68 504 73 573 158 504 578 624 385 181 283 507 476 481 462 218 256 492 342 520 271 207 193 355
78 243 124 464 150 195 194 323 387 98 231 252 290 356 249 395 387 225 184 410 169 265 126 163 98 372 364 298 126 156 91 425 264 102 330 17 253 396 258 65 215 203 446 160 295 239 347 133 898 429 55 286 347 257 318 226 336 129 378 354 186 87 292 225 378 305 397 179 221 0 260 206 257 177 266 123 200 220 214 201 365 294 443 364 300 140 78 115 347 445 210 309 117 48 225 140 428 157 121 142 121
253 170 139 129 408 461 312 100 219 202 309 461 205 471 84 92 273 457 286 497 489 510 206 252 234 230 141 543 164 284 317 565 254 195 28 339 505 216 123 262 172 518 118 172 27 181 437 360 936 238 319 403 108 147 445 377 151 230 289 105 381 242 285 202 499 427 115 121 441 314 0 122 462 451 325 147 530 425 206 396 226 431 183 269 92 342 338 337 72 231 67 212 454 298 78 325 190 202 478 455 254
109 151 65 211 264 310 221 98 212 142 169 437 263 371 110 190 324 447 179 492 390 311 63 90 128 225 177 402 45 274 205 444 183 181 160 200 407 308 92 191 147 373 216 96 99 132 420 263 1031 322 232 256 212 174 390 299 229 106 267 228 268 121 228 116 350 416 219 132 421 157 118 0 419 292 217 74 441 297 161 330 343 316 179 295 181 257 255 254 206 271 53 245 294 173 97 263 226 102 336 262 161
269 523 412 570 111 109 267 519 574 408 247 149 590 313 455 552 558 10 311 289 204 74 326 346 321 560 494 151 363 358 301 373 325 367 517 205 139 595 464 224 373 91 501 379 437 422 237 384 542 693 192 267 511 446 268 241 531 282 535 634 153 313 501 402 371 208 647 481 113 256 605 395 0 72 301 325 198 45 517 125 664 270 589 521 654 256 207 232 687 644 517 517 197 264 536 381 539 352 164 135 401
253 399 283 482 88 49 158 416 513 352 220 133 495 218 401 510 637 72 218 269 178 35 237 243 328 386 503 210 339 308 247 338 214 296 411 187 118 535 406 140 342 95 452 374 479 344 185 270 657 535 182 284 528 378 258 154 562 206 444 531 87 197 476 270 359 229 551 452 71 235 518 331 69 0 214 307 180 20 380 44 483 164 444 530 471 244 151 269 506 614 330 549 127 233 385 291 586 283 104 137 319
209 408 282 409 213 179 39 227 301 276 48 180 386 123 298 364 600 274 53 200 285 202 154 128 279 226 327 445 206 328 324 160 74 339 416 198 171 477 211 176 344 277 309 283 317 139 192 428 669 437 272 71 382 345 110 49 304 120 243 426 112 192 472 137 124 157 392 358 191 254 366 193 258 220 0 255 356 242 432 185 616 52 341 477 437 344 267 378 455 365 281 427 306 301 352 317 523 132 288 313 345
71 142 20 263 235 245 282 206 362 98 185 397 251 392 165 275 325 347 167 475 292 273 63 100 64 255 282 373 41 160 142 478 170 108 205 120 310 246 128 149 114 293 280 68 158 168 440 193 880 265 206 349 234 134 381 295 304 86 298 293 229 55 210 148 389 348 242 129 311 117 148 83 338 285 247 0 410 343 147 253 274 293 246 325 260 205 165 241 223 373 99 229 203 115 99 168 246 127 233 221 104
297 489 349 716 120 218 386 493 695 337 400 351 437 397 506 624 530 178 338 481 94 236 304 364 301 521 600 32 358 261 283 420 373 305 498 236 327 620 537 267 412 84 714 408 545 499 442 228 689 537 142 382 553 456 411 291 621 357 511 637 250 355 416 420 583 404 612 372 292 212 510 349 166 226 412 305 0 187 355 210 591 414 514 486 651 165 169 146 521 673 486 438 142 219 389 226 622 335 128 134 379
224 451 323 615 113 70 209 411 457 368 205 141 570 281 488 640 604 46 228 297 199 22 294 293 299 392 463 196 285 354 329 326 270 297 474 217 101 582 408 168 378 122 490 330 421 390 176 347 622 615 172 249 591 441 285 156 583 293 481 601 126 235 473 268 365 168 532 468 55 200 470 401 46 19 193 305 170 0 405 72 599 177 431 541 622 297 136 257 482 512 410 432 129 223 378 285 621 302 132 141 380
210 54 137 345 356 398 451 216 453 86 369 504 84 426 276 244 159 453 352 550 335 430 221 279 137 362 329 381 204 112 126 666 334 101 222 234 469 183 243 264 33 371 317 101 186 334 509 148 1105 168 251 469 162 22 546 368 315 248 357 308 378 200 75 276 592 536 320 72 446 190 167 204 514 395 379 151 368 437 0 449 142 369 374 135 164 217 319 227 262 514 173 85 312 147 101 173 165 250 323 340 65
222 406 304 507 105 11 99 331 370 270 149 114 465 176 318 519 502 95 134 213 210 61 251 223 270 370 458 217 291 281 267 309 197 290 448 189 82 620 341 140 370 172 499 305 437 313 207 300 709 471 203 187 543 387 210 105 478 224 387 491 52 234 467 229 287 189 578 355 60 195 414 259 130 44 137 265 235 71 411 0 471 142 498 473 567 296 149 265 545 532 401 533 175 248 345 328 474 242 117 124 298
415 143 303 338 536 523 517 287 495 226 535 586 73 752 316 335 20 525 483 795 546 504 374 370 331 494 369 596 335 309 254 712 518 236 262 338 610 88 417 362 191 557 338 210 254 455 645 346 1096 54 360 611 169 163 737 517 369 437 487 278 485 382 135 461 606 679 346 186 585 380 233 317 655 521 535 292 626 565 149 533 0 662 452 15 181 352 471 364 285 437 291 97 385 354 239 341 117 446 559 511 229
192 404 286 508 276 112 33 288 343 335 91 113 435 89 320 446 636 213 91 154 330 181 244 149 348 308 410 331 275 423 329 154 109 384 428 242 123 495 244 162 450 282 400 316 377 231 110 336 706 471 264 71 404 392 94 12 373 159 323 448 111 243 460 194 133 97 376 352 160 288 395 233 238 189 45 306 323 158 380 147 602 0 378 518 433 323 201 309 428 477 362 497 302 309 422 371 574 205 264 243 381
278 283 281 111 532 390 336 115 76 359 283 437 374 393 123 172 391 618 246 568 457 546 280 235 314 115 48 615 215 420 473 409 214 303 175 347 455 311 128 327 276 633 109 270 206 148 445 523 1236 398 491 261 327 336 381 311 39 281 104 138 327 314 351 167 399 471 154 321 543 331 147 189 536 411 336 314 612 560 400 506 479 391 0 433 228 529 394 462 210 80 182 369 547 410 261 462 368 216 447 470 399
313 157 244 380 424 443 572 354 535 225 504 733 73 702 322 283 8 536 409 785 428 551 337 348 259 481 360 489 351 223 310 679 439 239 295 428 666 71 382 355 157 582 298 197 217 455 703 276 1265 55 426 513 160 125 540 511 354 326 580 310 455 395 118 427 586 784 290 161 608 366 262 333 656 620 496 324 628 574 133 603 15 617 391 0 158 323 468 370 297 426 265 61 416 340 188 273 121 421 505 417 248
260 151 237 206 471 454 461 212 303 275 450 646 141 503 163 106 176 665 368 582 429 520 242 274 260 290 184 642 210 352 290 639 321 239 89 304 550 100 231 368 156 576 140 246 85 274 596 392 1235 147 446 554 26 141 575 551 198 309 355 150 449 324 205 349 542 615 122 152 656 344 119 211 604 613 490 213 614 612 175 431 167 461 279 177 0 418 424 378 77 359 136 210 503 307 125 376 69 332 464 463 235
172 268 192 478 183 257 317 439 561 114 313 411 302 478 416 537 300 333 351 462 131 314 294 321 165 432 437 241 221 85 76 568 360 123 401 157 358 334 330 223 191 218 523 215 349 404 422 37 727 336 96 485 415 238 411 332 505 234 510 434 293 180 229 302 451 532 403 255 338 108 338 273 327 299 408 225 176 328 220 307 326 323 468 396 396 0 147 40 446 609 354 255 129 93 284 38 342 264 164 163 138
116 292 201 430 61 124 214 403 512 177 224 247 411 366 333 392 395 186 216 428 96 184 175 164 141 326 383 209 208 210 133 436 281 164 435 69 231 490 267 57 251 157 464 216 298 263 265 150 805 389 54 335 457 337 350 238 520 191 480 428 143 125 329 217 323 282 477 305 226 79 375 288 181 118 208 181 180 172 270 140 398 234 455 453 464 159 0 114 512 591 340 352 49 122 261 142 484 230 49 50 227
182 327 245 549 119 199 268 429 451 176 336 327 316 496 344 472 442 242 325 425 89 292 267 277 160 404 531 188 255 118 87 495 385 158 462 113 292 381 372 158 213 219 495 227 314 358 353 85 789 450 68 350 378 276 493 327 449 223 489 432 219 205 225 288 542 466 410 238 254 125 372 268 287 261 311 238 148 272 202 229 372 372 532 393 440 45 116 0 415 502 328 323 93 88 349 74 479 277 101 127 170
337 219 259 115 515 463 368 160 276 264 353 656 271 597 136 33 211 504 322 540 444 592 271 327 289 246 150 549 261 344 375 603 303 291 49 427 570 174 175 368 216 660 94 229 95 239 648 368 976 224 487 466 104 238 557 490 178 292 247 53 453 319 246 258 466 561 60 193 583 316 71 168 610 467 346 236 527 495 241 497 270 467 175 218 75 410 406 466 0 227 145 222 478 363 163 365 165 284 436 515 296
385 353 317 138 588 441 477 210 93 388 406 629 507 460 236 202 477 584 318 493 523 603 375 312 386 162 137 618 349 459 467 428 365 483 257 491 448 376 232 439 340 639 155 375 231 267 475 591 1032 417 608 380 379 492 421 406 90 294 101 159 516 413 501 267 402 598 153 383 603 550 224 252 712 551 321 357 705 551 399 463 520 485 99 490 302 648 573 657 247 0 270 415 527 509 329 508 355 264 504 639 507
197 124 81 168 414 300 339 97 294 164 287 416 211 446 87 156 250 449 281 598 382 460 112 148 141 251 143 479 95 277 202 447 206 150 78 247 471 178 100 252 122 381 178 98 42 153 518 287 897 220 288 310 135 130 372 384 203 149 301 173 281 171 229 161 426 422 147 98 477 262 62 72 520 382 326 120 423 367 145 348 306 359 187 278 158 323 283 313 125 281 0 198 357 244 38 251 222 136 341 408 159
295 115 196 307 364 484 421 296 531 183 393 487 26 614 285 335 60 584 395 759 435 439 301 295 198 390 411 434 290 182 195 591 446 147 284 331 596 122 285 382 102 443 326 193 238 413 721 244 1045 95 299 448 183 71 679 491 395 364 438 269 503 281 39 399 539 667 333 148 485 249 223 285 453 421 513 258 478 559 76 509 89 504 462 80 212 259 317 315 271 536 204 0 360 257 164 220 125 371 428 424 144
173 283 279 585 34 154 277 398 433 171 219 306 425 393 403 432 403 146 267 426 72 187 263 222 179 484 377 145 266 230 131 359 313 187 385 113 211 497 390 101 264 131 543 226 320 365 358 171 813 492 39 346 443 305 404 294 551 230 563 430 188 205 371 333 440 308 455 321 225 88 441 313 147 148 312 204 116 137 286 149 408 235 402 516 406 134 51 101 533 513 288 338 0 120 348 151 475 276 25 21 202
106 214 148 416 162 182 315 307 394 77 227 311 232 387 256 421 374 292 211 409 151 251 172 175 74 327 362 257 143 88 48 480 314 89 375 59 335 400 234 132 148 201 353 113 253 309 438 78 844 288 84 379 267 229 337 286 434 199 483 399 185 116 255 225 490 341 368 164 269 45 313 200 296 224 289 109 242 240 179 199 343 291 350 337 328 100 92 86 330 425 225 244 103 0 180 88 296 239 145 155 94
196 67 85 199 384 338 323 129 300 167 237 524 161 428 114 175 228 525 257 625 357 401 164 207 133 251 211 519 113 232 230 427 273 153 121 216 503 196 156 242 77 471 179 89 70 234 540 242 1072 193 237 340 128 94 453 365 256 205 261 170 283 138 177 204 375 503 167 42 433 230 96 80 481 382 268 98 420 385 129 406 226 359 206 208 135 249 338 297 163 302 50 176 307 201 0 221 184 197 299 303 135
187 214 219 433 191 245 388 346 479 106 343 428 234 408 419 372 327 348 306 476 176 296 212 259 133 471 406 306 259 47 66 519 350 125 347 123 417 340 343 185 179 221 384 144 284 387 490 5 839 352 121 484 302 221 480 321 443 247 464 496 266 229 166 348 516 501 432 218 312 115 356 296 291 272 336 195 233 328 199 306 354 411 542 265 364 37 151 70 368 470 291 271 143 80 236 0 347 252 156 204 128
300 135 273 252 459 610 575 289 392 248 476 622 112 591 227 209 85 664 430 802 458 559 297 344 286 378 327 673 299 283 348 724 406 310 149 432 618 21 277 396 192 521 245 252 182 367 572 403 1366 43 465 490 62 165 693 582 279 341 359 182 518 347 165 368 647 751 237 150 682 344 153 224 654 553 542 240 543 687 174 511 92 521 393 114 78 365 436 378 170 392 227 143 405 345 200 416 0 382 423 559 236
128 262 108 305 297 192 140 150 224 223 114 254 328 241 138 261 349 380 97 365 335 274 61 36 196 192 220 444 83 281 271 301 75 186 233 206 311 327 74 136 237 349 235 184 209 72 314 260 793 325 264 217 339 264 210 163 228 46 237 272 163 106 299 41 293 268 231 236 293 216 216 99 392 280 120 104 331 270 225 204 363 201 236 433 278 285 222 276 232 320 166 297 302 234 211 268 310 0 267 234 271
191 403 273 562 19 115 203 461 557 246 268 259 362 302 423 573 389 153 211 375 56 156 257 266 229 390 455 149 251 187 187 369 249 239 489 117 220 438 309 100 341 83 430 304 370 303 290 208 676 497 66 355 505 323 308 247 476 238 536 515 176 193 327 312 427 275 553 313 206 105 461 252 158 139 259 206 108 114 350 152 528 245 469 444 433 157 45 102 504 510 350 358 24 163 352 204 498 314 0 0 234
182 402 290 590 20 135 220 408 492 253 214 241 448 319 365 504 542 146 280 382 68 154 220 263 205 508 521 158 250 231 210 343 278 209 507 131 207 481 331 132 269 104 572 222 440 353 349 178 720 428 67 377 510 335 312 228 503 214 441 447 163 185 345 353 354 351 468 350 171 113 473 342 130 122 244 232 105 142 274 154 505 297 465 431 506 180 51 121 565 660 373 451 26 158 323 174 525 253 0 0 272
128 107 129 341 304 296 298 258 371 30 333 485 157 506 268 353 239 367 267 567 251 344 177 181 75 340 324 404 149 68 81 583 335 30 261 174 396 254 272 194 63 370 334 57 176 296 515 114 810 241 174 407 245 98 483 312 350 239 430 322 306 137 115 251 429 529 381 123 366 121 255 160 442 336 393 110 312 311 68 277 202 420 379 245 256 164 248 205 260 444 186 147 207 112 136 109 240 252 226 272 0
