0 255 599 532 209 136 221 505 356 434 78 520 131 158 555 567 428 202 391 418 61 599 58 282 212 449 433 306 435 175 466 202 228 429 249 426 249 367 13 119 381 560 617 73 214 372 393 184 566 471 274 345 164 469 313 496 205 114 308 541 188 564 106 491 428 124 187 290 260 438 114 325 629 217 430 220 494 460 322 345 9 101 86 281 366 396 271 452 101 119 511 144 310 113 277 249 595 116 603 439 291 152 449 139 378 433 164 545 406 218 282 283 429 222 371 440 213 196 445 504 482 206 378 518 331 208 343 508 84 212 460 231 186 581 570 597 302 157 137 314 145 410 281 384 227 462 408 473 144 137 173
300 0 520 396 268 338 66 461 430 270 329 652 235 179 625 382 658 57 620 368 318 672 316 357 82 489 173 116 237 330 258 236 372 349 10 436 59 439 270 371 417 456 477 205 95 442 415 298 447 455 47 240 393 449 319 337 217 319 249 491 424 472 388 499 432 130 116 531 30 422 248 28 423 247 552 238 435 282 73 415 282 276 376 96 180 276 94 534 158 240 364 433 78 342 281 100 386 373 528 405 55 215 348 161 376 317 211 557 482 48 253 28 376 270 356 534 111 65 297 511 481 85 366 549 473 166 383 258 296 220 535 439 217 468 504 483 64 168 401 358 144 270 164 488 50 430 254 538 218 196 402
598 652 0 362 336 635 695 128 171 404 431 104 366 395 30 337 175 506 226 189 447 134 608 220 713 185 430 691 461 457 284 382 347 248 666 225 521 225 535 541 141 106 347 567 492 224 133 405 175 194 695 374 523 264 179 227 399 513 271 141 402 39 638 79 198 550 623 320 478 126 402 573 363 320 168 426 234 363 451 222 638 487 665 775 494 359 493 118 500 529 298 512 536 452 240 497 374 474 170 88 530 433 301 482 120 188 409 36 217 645 275 546 170 398 273 111 694 510 451 59 64 589 184 114 271 417 195 344 470 374 169 363 344 152 234 20 473 487 387 229 554 356 416 267 545 159 346 90 381 488 500
598 479 324 0 452 715 560 237 270 201 654 500 447 372 328 83 445 395 494 194 579 566 629 361 547 409 223 503 192 467 172 378 485 116 503 445 351 365 683 663 351 268 20 583 428 408 306 432 167 174 474 228 616 117 333 154 397 501 253 223 560 369 768 360 159 431 563 554 427 344 453 440 67 362 396 424 103 110 350 360 648 453 726 603 238 192 381 485 599 507 91 650 411 601 376 396 44 653 203 309 402 506 123 463 282 263 403 339 537 485 304 369 193 394 403 234 511 481 125 305 378 508 324 390 495 318 362 137 570 419 221 565 376 241 134 323 364 384 569 431 542 207 379 414 440 275 165 398 389 414 516
198 351 333 429 0 271 347 407 239 288 142 280 102 125 365 414 258 303 254 283 148 405 165 155 259 237 335 397 305 82 315 44 69 347 344 188 219 179 216 200 243 392 421 199 244 168 289 52 354 322 288 310 206 373 220 331 115 100 232 351 90 375 225 259 276 226 317 171 306 245 99 357 435 54 204 63 385 371 334 153 180 93 203 355 239 347 235 376 254 82 447 150 365 166 134 226 520 89 365 347 256 53 389 166 254 214 101 335 282 269 128 279 319 95 119 380 269 308 439 311 300 235 210 257 154 179 172 407 152 153 387 116 87 415 380 331 266 180 100 142 297 357 174 192 230 270 274 264 91 82 89
126 354 693 587 194 0 390 596 539 551 109 557 239 231 633 685 553 377 374 530 110 613 82 456 376 487 503 487 448 206 483 277 285 547 334 374 376 394 110 26 435 671 588 209 290 338 546 272 692 534 371 495 55 669 469 625 267 129 483 658 149 533 4 517 491 249 276 369 438 491 210 360 636 238 389 286 564 496 374 460 144 185 35 498 426 490 367 504 235 216 672 90 501 57 346 321 591 126 512 642 428 198 587 243 551 444 282 608 363 412 414 349 536 269 368 633 270 322 594 678 503 320 482 473 293 348 360 563 79 288 615 191 266 637 724 588 410 291 152 302 280 595 345 441 289 475 477 551 189 209 154
224 72 534 480 368 310 0 537 472 294 342 519 217 182 537 387 611 83 544 417 313 585 317 398 21 435 276 72 280 383 319 285 387 498 63 557 119 372 259 339 506 524 438 193 125 368 561 278 451 434 25 314 428 457 382 491 201 278 355 516 381 495 359 640 393 104 69 411 104 455 258 102 564 267 489 236 545 403 136 376 212 238 347 67 215 347 178 588 105 259 464 442 155 371 355 120 469 348 574 541 134 283 412 150 516 464 223 637 512 24 279 85 527 258 512 479 54 39 326 524 647 79 463 648 432 202 408 390 314 227 538 452 295 621 462 569 140 202 429 404 67 296 234 515 61 419 400 541 214 210 396
618 498 102 257 374 536 501 0 150 330 580 215 407 432 139 227 279 578 293 116 511 256 527 223 608 244 388 617 350 414 208 434 367 157 601 303 509 238 655 517 135 32 275 513 514 191 141 417 86 103 514 325 674 142 208 164 351 450 233 36 469 88 688 129 158 434 643 369 451 189 420 529 209 347 264 304 112 268 465 233 569 504 694 543 306 354 375 183 647 462 180 588 556 503 209 496 240 470 58 73 450 371 224 383 177 204 396 74 321 525 241 510 106 334 318 63 524 618 276 61 105 445 224 224 262 333 287 268 586 357 56 485 372 34 99 148 504 395 536 309 553 316 338 279 459 145 222 147 390 481 385
348 384 133 355 240 452 448 141 0 277 392 168 287 294 133 242 191 365 203 116 328 275 456 116 476 83 373 452 306 295 195 228 244 183 370 197 376 51 389 524 14 105 268 456 331 60 31 270 194 143 463 332 393 204 54 149 226 342 202 211 350 113 529 83 147 320 475 185 367 38 304 454 351 186 97 183 235 292 313 60 355 308 443 609 339 292 340 159 480 261 218 335 392 428 109 383 275 369 136 78 327 229 240 331 10 58 308 166 192 415 183 403 162 174 133 112 440 423 338 135 95 379 51 124 126 255 101 297 338 243 138 335 244 163 171 152 381 251 341 133 413 351 241 141 388 63 244 44 269 279 334
412 248 342 198 363 474 297 270 281 0 485 412 248 269 424 122 369 291 501 173 369 469 384 205 294 374 82 305 33 412 57 235 412 178 237 365 237 270 476 485 252 259 156 414 273 263 255 242 190 215 351 40 535 153 240 149 213 416 98 274 404 290 595 389 167 268 383 479 195 294 271 256 270 258 424 272 178 56 150 267 407 306 515 312 81 24 203 404 326 305 181 414 216 455 189 191 190 342 209 278 171 336 127 239 241 222 259 391 474 316 185 261 177 212 382 290 299 305 77 352 383 270 278 370 359 178 276 36 446 198 232 499 235 257 178 407 200 209 494 311 392 50 158 381 303 201 56 352 289 287 449
77 371 592 611 115 84 291 515 314 452 0 402 158 170 560 548 449 295 321 431 29 481 28 280 268 320 420 386 422 146 386 149 192 463 302 316 228 368 98 86 419 509 550 132 192 333 369 141 557 427 317 404 89 435 344 380 232 39 276 545 91 525 84 422 496 194 209 275 313 350 139 327 733 149 321 206 587 522 372 313 97 89 89 435 419 455 243 521 197 90 561 74 359 45 296 279 526 32 578 505 285 115 425 183 329 385 167 561 389 306 283 325 433 214 269 424 270 298 489 432 516 268 367 416 305 226 286 499 31 198 479 144 124 438 608 434 327 190 87 237 253 506 222 321 223 353 442 369 143 123 103
470 597 116 395 339 450 605 223 158 484 495 0 463 409 82 436 55 498 100 227 405 73 502 207 655 130 476 619 411 308 385 290 318 352 496 155 544 167 610 452 153 165 464 570 454 171 153 352 254 236 701 521 544 284 227 254 370 385 387 216 394 118 441 78 253 482 528 237 543 121 358 583 476 306 78 295 357 470 479 167 557 403 538 674 440 433 522 10 468 394 418 473 597 526 260 459 455 415 236 173 605 398 327 517 129 174 445 148 133 589 294 625 255 346 223 192 505 639 519 118 83 587 133 23 182 385 149 384 409 337 233 349 358 224 325 77 562 374 409 161 599 463 442 142 488 202 320 102 429 437 403
124 200 438 452 99 259 235 375 301 271 126 465 0 33 503 405 385 155 413 318 141 547 138 223 193 239 229 325 281 167 247 82 174 387 219 266 123 252 140 240 278 424 496 127 106 257 334 59 389 377 231 242 277 367 202 310 75 139 169 439 187 381 258 406 349 109 160 272 217 274 20 197 553 80 359 71 366 347 185 194 134 52 211 253 219 261 128 458 151 52 400 209 226 196 206 119 480 129 365 380 202 47 398 48 291 255 32 379 370 229 129 162 394 97 227 366 170 155 329 462 434 133 222 335 242 97 263 322 177 68 393 208 27 364 380 374 212 68 168 221 168 268 126 330 175 244 238 338 27 30 151
183 150 457 392 129 308 180 449 262 296 184 392 34 0 494 317 475 135 442 315 152 429 190 226 158 326 283 239 214 238 243 95 191 355 205 287 109 212 149 295 321 409 387 110 90 268 294 93 379 304 188 198 270 369 211 280 50 173 159 490 229 467 253 323 325 74 136 344 144 344 51 164 556 83 300 95 437 292 189 281 175 74 259 263 198 323 78 383 161 85 391 265 188 189 195 94 501 136 406 331 132 70 286 23 302 244 31 399 357 181 129 141 318 102 211 358 144 156 322 467 405 113 254 431 282 77 290 246 177 66 334 285 48 391 411 418 147 28 186 276 156 253 94 320 121 316 279 377 63 62 170
609 511 31 433 406 499 624 148 141 339 566 72 476 490 0 392 133 616 170 178 514 144 547 302 597 167 457 782 358 413 321 392 296 282 629 247 599 201 654 636 126 102 372 552 579 201 144 436 232 207 560 456 622 254 249 304 451 506 328 194 468 70 607 80 222 457 614 263 505 159 458 559 423 429 150 420 250 348 590 245 535 471 509 698 502 347 512 89 505 388 300 450 574 455 228 436 313 416 186 126 612 450 297 470 157 202 445 72 206 511 336 632 189 416 265 125 715 692 390 65 66 551 195 117 219 439 241 456 589 416 167 374 378 159 228 19 436 422 426 240 552 458 377 189 617 189 335 98 443 374 379
491 307 343 92 355 540 436 227 227 118 466 390 302 331 351 0 396 378 430 120 472 462 475 207 425 379 178 516 154 515 81 305 367 63 330 413 364 268 527 488 286 211 77 404 340 242 198 375 128 131 424 148 628 82 232 77 321 424 161 198 529 285 594 259 104 444 412 498 384 325 386 372 119 360 370 329 97 53 313 291 573 431 504 415 177 108 255 427 499 347 72 638 337 465 204 280 93 546 171 196 359 382 26 338 265 254 302 328 420 443 236 296 124 266 395 197 473 346 105 230 296 353 335 352 317 238 325 95 589 280 161 512 301 191 116 350 257 308 406 405 395 128 269 429 400 201 90 308 361 430 451
419 599 132 402 251 564 561 292 158 377 367 48 448 445 121 342 0 464 62 309 445 91 435 225 516 98 531 623 467 330 392 348 215 314 622 119 559 208 507 459 158 222 515 460 420 163 193 366 378 310 522 434 379 287 188 354 381 421 332 270 342 169 513 113 326 537 481 162 595 125 430 579 427 315 71 282 400 399 433 181 572 374 529 690 477 501 405 50 498 454 438 463 516 422 214 444 434 445 303 223 594 338 414 470 142 233 435 222 59 534 340 623 321 367 184 202 504 623 543 155 134 571 142 28 187 355 147 400 451 400 260 289 336 249 281 113 524 436 289 157 524 493 365 93 552 206 388 121 358 431 276
207 48 525 449 268 286 67 579 421 268 279 517 176 104 554 421 579 0 461 394 264 679 254 291 60 409 196 135 215 351 342 251 331 439 51 493 37 377 211 311 390 509 435 145 49 311 401 233 530 381 71 218 382 466 367 368 166 268 248 580 354 543 311 505 337 72 72 444 57 412 180 75 448 217 426 233 480 344 113 383 234 212 263 128 193 261 75 536 122 195 470 341 120 298 263 67 522 257 521 426 67 224 408 117 462 305 155 504 440 49 214 34 345 200 420 466 76 40 357 484 472 28 383 568 378 159 384 272 302 157 386 395 191 421 391 593 100 112 356 386 101 291 137 462 12 308 286 388 181 171 284
486 524 197 484 248 480 549 280 208 510 375 116 325 366 209 493 72 591 0 353 331 145 425 258 543 121 580 743 458 236 358 300 203 392 513 64 525 177 424 455 166 304 554 517 397 161 219 326 342 329 651 395 393 395 216 394 327 330 361 302 224 205 377 159 303 432 619 110 451 164 352 627 607 295 81 285 413 399 452 185 486 317 388 755 395 545 423 124 567 360 404 402 587 366 220 423 521 376 365 251 528 356 359 435 160 221 373 215 18 626 314 610 386 254 170 244 602 458 473 223 202 445 134 100 158 344 147 472 432 364 375 258 310 278 369 196 587 353 325 145 603 426 435 60 547 288 351 164 292 294 297
555 473 159 219 280 638 550 113 101 192 448 257 341 376 220 129 239 439 356 0 485 315 420 161 404 221 286 598 194 431 112 301 290 79 401 307 403 129 562 610 101 81 162 389 434 146 77 336 74 14 390 254 442 56 113 46 304 434 191 102 421 146 503 137 51 349 512 291 415 173 350 397 193 294 227 273 111 200 384 129 516 348 580 438 258 201 367 283 522 414 120 443 418 451 173 345 208 473 56 99 339 347 104 305 117 112 261 161 273 393 195 404 23 250 219 72 430 405 203 139 135 444 176 232 237 236 195 208 553 270 41 377 344 84 80 173 325 309 399 251 549 216 275 314 445 70 172 138 315 393 370
54 311 441 486 135 127 270 488 373 382 24 440 132 171 528 461 417 245 437 504 0 477 32 333 253 394 404 362 425 163 395 136 159 498 281 295 210 300 64 112 330 538 607 113 171 357 423 132 545 421 295 372 132 512 357 452 171 53 354 509 113 524 124 432 409 149 202 281 254 437 95 312 652 140 396 147 520 536 336 347 69 77 72 353 365 481 219 518 154 91 598 112 355 78 301 256 601 42 542 473 294 102 522 172 387 293 147 454 429 270 235 258 473 227 267 440 205 208 443 506 500 239 293 401 308 249 330 377 40 200 520 180 153 595 440 472 333 195 120 227 229 387 260 286 257 330 423 454 94 108 109
575 688 162 427 404 549 708 234 240 579 583 72 518 553 114 419 96 585 166 269 594 0 626 382 594 186 508 659 447 344 480 349 394 348 745 176 521 287 510 577 198 209 479 534 572 260 278 453 330 355 775 540 537 399 287 369 396 510 401 295 395 179 647 150 392 494 618 279 607 228 427 726 521 418 183 366 401 576 546 290 576 536 596 810 556 495 548 61 650 512 417 517 610 592 329 522 448 480 339 224 520 400 479 554 223 265 463 198 162 672 350 662 375 438 265 234 584 570 566 231 170 560 249 85 294 438 257 433 510 404 296 396 483 321 341 131 511 437 483 295 586 612 493 206 543 344 434 183 548 454 437
58 297 609 622 172 76 332 543 341 428 26 485 132 189 553 572 512 270 342 503 32 614 0 339 257 396 419 326 435 157 493 148 197 424 325 310 228 362 63 86 386 485 674 123 211 362 414 207 598 462 350 461 87 516 366 507 224 71 315 593 150 514 88 433 498 198 206 250 348 448 158 339 751 203 375 190 573 563 286 364 69 117 54 337 357 459 243 504 190 100 628 89 364 54 324 277 618 65 538 549 275 169 517 195 466 344 199 512 346 323 243 268 497 209 325 451 270 290 547 559 467 236 343 484 252 221 287 408 12 239 549 141 166 541 459 485 359 180 114 323 255 500 252 347 265 342 400 501 154 151 119
293 323 290 329 187 392 384 239 101 224 332 258 216 227 239 261 258 252 234 157 291 343 334 0 361 127 310 409 231 222 141 125 179 233 297 242 278 51 284 409 127 184 330 363 251 66 122 131 274 134 307 204 379 186 46 133 127 289 111 240 255 215 446 178 163 295 311 242 286 111 226 325 312 112 197 129 223 260 240 55 344 207 335 452 216 198 257 260 321 187 268 346 269 382 14 202 337 309 225 159 291 193 235 200 110 44 181 234 203 355 55 320 195 107 108 204 352 346 282 206 225 311 91 262 123 162 123 224 280 151 231 293 193 251 238 259 226 190 310 134 414 288 194 197 316 75 133 141 213 225 214
225 78 598 494 313 319 18 638 411 323 242 531 193 178 543 449 556 53 569 401 298 695 294 343 0 490 247 91 276 360 389 303 379 500 58 499 114 462 241 333 461 635 466 176 94 399 455 240 499 470 41 255 426 545 468 473 188 291 297 505 354 668 284 544 427 118 50 532 97 536 234 119 484 264 555 311 565 450 135 382 222 195 251 83 254 296 137 592 92 223 491 416 135 346 376 122 514 259 553 467 134 276 396 159 411 418 194 610 497 32 262 68 536 249 493 527 41 32 369 559 497 59 466 631 397 185 457 383 329 254 493 424 206 628 514 682 137 170 336 497 56 354 172 583 57 366 347 542 194 256 302
458 500 189 426 177 481 520 263 88 339 332 123 272 263 201 326 103 448 114 193 352 191 418 124 539 0 468 552 349 243 276 208 166 328 418 108 401 99 378 338 88 173 428 335 401 55 109 201 240 225 536 356 447 308 119 282 287 298 201 227 274 146 372 108 277 415 403 116 417 53 314 483 424 195 44 191 319 337 458 78 446 251 395 646 308 363 358 150 454 256 314 322 479 311 139 352 414 300 232 164 426 244 256 283 94 114 294 171 113 428 163 380 195 181 64 208 525 448 415 187 114 406 49 99 76 262 48 404 379 280 247 259 270 262 277 139 397 328 315 60 482 433 308 69 426 172 250 85 242 251 210
347 182 461 220 363 554 242 403 329 99 405 545 316 282 422 184 561 208 560 297 350 580 380 291 234 370 0 220 64 414 161 302 422 232 184 558 173 304 453 526 319 330 224 325 188 294 318 296 343 313 215 55 470 285 331 251 226 355 186 423 414 480 426 419 273 263 274 545 162 420 273 169 343 316 516 304 307 127 123 346 328 356 451 280 58 103 176 480 310 343 269 436 123 478 272 209 282 361 336 430 115 321 208 246 297 328 251 413 534 229 253 194 319 210 398 373 286 283 136 364 451 265 418 532 377 182 345 89 365 226 296 494 318 390 314 422 102 200 448 352 251 78 151 443 244 321 117 437 250 258 461
339 86 596 434 339 383 61 651 512 305 421 665 311 220 694 453 637 145 587 584 325 694 412 480 73 524 255 0 300 507 432 396 413 500 80 608 159 553 325 437 498 566 497 208 189 513 609 288 567 544 70 318 486 466 528 497 253 420 374 698 394 697 411 708 527 197 153 556 115 610 248 101 492 351 540 361 570 399 183 498 302 345 348 9 247 357 171 665 207 323 485 409 142 453 356 190 482 335 581 609 151 382 507 267 599 454 254 641 703 75 424 116 532 311 558 620 128 103 348 635 594 135 570 696 450 247 539 372 327 321 585 491 346 570 459 560 191 274 455 502 123 291 228 588 125 414 389 511 295 266 382
456 246 399 230 301 459 331 380 295 32 357 398 264 230 441 136 402 245 516 244 327 605 376 225 307 381 67 305 0 346 85 319 417 171 231 415 172 248 410 423 311 277 217 303 207 288 260 300 228 246 272 10 551 230 212 191 223 372 123 375 467 352 564 406 181 264 305 374 176 353 272 168 254 244 330 259 243 92 159 307 438 268 474 307 56 41 140 520 365 313 225 520 159 419 220 168 221 374 244 341 189 287 138 253 267 207 195 369 455 243 180 193 209 238 293 264 313 239 107 364 392 292 288 373 349 162 334 60 435 204 281 499 236 291 205 375 128 206 474 405 352 49 129 401 278 239 69 283 291 270 393
224 326 350 531 70 213 400 453 235 452 109 298 180 221 339 505 291 312 265 372 131 385 158 195 338 244 411 493 449 0 340 129 54 454 378 181 355 227 226 165 332 460 463 238 286 179 277 142 433 387 397 366 146 480 280 357 229 82 247 489 24 350 225 282 376 238 322 113 349 225 185 371 539 124 236 172 418 378 400 229 241 145 195 428 309 419 294 296 293 137 496 100 369 134 208 272 475 111 363 382 307 143 452 231 246 287 195 487 267 399 225 367 451 174 154 380 366 324 551 432 365 301 222 275 166 280 201 502 164 207 463 56 146 390 415 361 363 215 53 151 331 378 259 193 310 266 418 272 142 158 28
482 271 339 150 346 535 403 196 196 64 484 381 301 284 384 69 402 292 370 146 438 369 458 170 334 281 137 399 87 329 0 263 295 83 295 328 256 211 380 473 226 214 150 438 258 214 156 233 168 110 327 98 479 117 167 72 234 411 107 204 412 298 468 234 82 295 314 441 276 250 284 298 204 294 281 210 174 69 233 180 447 324 421 373 151 68 211 364 420 341 124 445 214 525 169 207 191 436 194 202 272 323 64 225 203 142 210 319 345 324 135 249 122 209 279 227 423 371 115 230 289 326 200 402 290 174 297 83 424 208 183 445 271 224 139 265 251 238 381 289 328 133 200 368 292 153 21 245 324 302 408
208 308 389 497 42 286 319 333 206 235 177 282 67 98 378 342 314 259 267 251 127 470 176 160 256 226 309 341 287 110 232 0 110 303 300 228 212 168 173 264 225 398 485 162 186 147 226 16 404 307 311 304 241 357 177 263 104 135 186 455 128 287 268 283 256 178 245 225 251 263 70 254 492 9 240 27 355 308 279 145 215 94 250 312 213 312 164 405 228 75 406 195 285 200 117 199 472 142 309 266 247 31 306 106 239 201 72 350 322 309 108 281 264 65 129 286 235 219 343 389 350 206 209 337 131 145 144 330 174 102 339 177 35 317 375 347 228 115 125 149 260 361 136 254 223 265 241 305 64 59 110
260 372 345 520 73 290 412 395 200 376 186 302 165 197 319 343 203 341 178 266 173 357 199 172 337 149 442 522 303 67 274 118 0 384 361 143 278 144 292 218 237 354 468 272 289 161 248 108 401 334 431 407 234 391 175 309 204 129 240 396 83 345 280 294 304 253 387 94 393 191 189 324 470 123 217 141 399 444 352 145 248 165 286 445 394 386 289 258 298 135 486 187 392 181 161 252 490 167 359 302 333 114 437 200 250 221 164 415 198 354 174 314 321 127 81 275 393 338 471 328 326 355 167 230 98 219 133 447 171 191 410 85 126 429 422 316 362 251 115 79 334 385 254 125 322 210 276 264 136 142 90
492 404 217 134 330 534 520 161 226 174 413 270 395 299 280 53 318 428 447 67 400 378 577 214 413 323 260 566 192 441 114 281 423 0 406 334 379 196 496 509 217 165 96 424 424 247 148 359 74 70 510 198 668 18 188 46 256 393 196 128 508 208 565 213 52 433 502 391 392 269 428 381 129 315 356 335 68 93 333 217 494 426 558 577 262 143 319 327 543 459 54 532 402 572 237 317 115 389 76 165 313 330 39 316 206 168 357 257 387 398 243 365 59 311 271 146 522 375 144 229 251 364 276 308 351 282 278 161 555 260 84 474 364 129 61 289 285 309 510 281 424 213 317 313 372 130 115 248 428 411 391
262 9 485 391 329 378 57 543 399 221 345 655 187 157 691 376 542 59 548 370 266 716 274 342 69 497 183 83 259 432 261 299 371 369 0 437 71 354 240 403 388 431 422 169 104 418 399 258 423 409 35 240 366 378 423 383 223 381 292 559 412 559 404 447 360 140 101 459 41 446 193 42 462 282 451 240 397 380 90 416 264 262 332 103 189 251 125 654 144 277 415 345 88 332 337 115 404 313 544 431 71 296 400 150 375 400 185 670 613 46 256 30 490 237 398 422 83 58 319 616 451 86 467 648 427 222 381 291 332 234 544 389 244 516 464 582 97 168 393 459 109 259 174 515 52 338 290 431 262 205 374
429 466 220 561 227 443 474 353 206 459 320 170 276 317 203 400 100 537 49 265 345 194 286 180 481 112 437 642 374 205 373 217 153 347 464 0 463 184 338 366 217 327 545 364 348 163 210 241 406 268 562 379 311 393 229 351 345 279 338 316 188 253 387 212 288 351 475 67 557 155 319 502 523 262 97 266 368 424 400 204 343 337 421 587 383 466 383 139 508 333 443 249 591 367 235 354 461 240 356 281 494 243 460 315 184 200 266 304 46 532 212 400 323 277 112 299 424 429 565 290 172 505 147 118 97 340 94 465 314 352 308 179 296 370 422 251 431 397 246 81 494 446 386 20 438 268 337 177 253 245 238
195 61 591 471 268 294 112 502 343 244 277 464 129 96 453 333 507 37 453 390 228 690 306 263 84 331 163 169 219 345 286 210 357 406 62 462 0 358 228 392 325 386 372 143 44 301 344 167 360 314 95 222 390 407 302 279 126 295 226 442 293 548 382 519 353 75 109 426 45 385 177 82 465 218 381 217 393 322 80 343 226 170 273 187 158 237 44 498 158 186 435 308 113 343 279 31 487 238 354 443 46 182 279 87 415 324 120 562 418 70 184 38 376 204 294 376 95 84 274 494 506 48 328 447 318 105 380 272 251 143 398 330 164 522 479 517 74 78 335 337 106 243 90 406 42 307 235 411 157 173 261
352 363 211 280 174 439 408 183 49 218 314 212 237 209 180 257 216 321 207 153 322 260 346 42 431 81 324 536 278 264 217 157 150 229 388 172 317 0 409 434 67 165 303 360 334 31 69 178 260 135 354 262 356 178 21 176 167 249 119 220 244 153 364 150 159 370 391 190 352 74 236 306 356 176 149 185 216 238 275 6 352 245 459 499 228 266 250 232 432 262 228 309 355 373 52 332 320 276 216 123 298 236 206 280 66 19 196 219 217 458 92 311 169 150 106 166 435 367 272 197 157 300 48 181 115 220 66 292 376 179 186 309 217 203 244 172 335 262 300 117 416 266 212 149 397 72 167 122 214 220 221
13 235 603 631 227 127 218 644 493 379 83 479 174 156 566 478 438 180 470 476 69 534 76 384 178 370 427 250 367 179 483 197 220 494 253 414 219 403 0 150 435 502 611 53 199 317 519 180 520 471 283 437 136 429 328 451 251 114 378 680 206 507 123 493 463 115 150 379 296 384 117 238 562 204 471 184 494 411 314 394 6 115 102 280 290 411 240 513 102 130 542 156 298 131 338 232 513 105 623 588 251 140 469 146 474 416 200 628 477 254 335 269 544 243 307 485 172 172 532 519 452 189 399 451 346 270 367 382 101 196 592 235 169 630 621 520 262 167 156 354 146 396 247 407 235 417 347 473 122 121 180
142 403 581 691 215 28 346 549 437 460 104 548 226 261 503 606 491 303 361 448 116 534 90 344 385 383 486 496 482 210 474 221 228 662 428 347 357 416 121 0 468 586 724 227 291 409 516 269 608 531 411 440 24 659 479 503 329 121 438 652 181 530 26 516 525 230 317 261 415 519 201 386 830 293 451 299 589 517 426 334 125 182 57 496 404 456 368 487 242 203 537 71 472 50 351 330 597 100 671 569 443 247 626 240 507 379 269 537 353 384 400 379 479 282 349 576 359 334 649 535 444 311 364 484 314 305 303 632 70 283 622 177 248 531 687 490 416 289 122 380 261 574 396 389 308 424 421 448 213 186 127
393 473 111 360 278 544 466 130 16 270 395 146 295 362 122 289 183 454 221 108 380 187 450 114 503 101 324 560 262 298 184 258 257 221 512 171 378 74 371 393 0 107 291 411 358 84 37 285 189 142 545 268 527 164 61 135 232 350 188 185 357 109 496 66 162 333 497 247 469 36 333 453 317 233 106 234 193 240 356 74 444 361 404 534 367 253 361 151 431 301 201 427 479 366 126 379 302 376 160 65 377 310 245 292 7 66 257 167 182 399 188 473 147 224 136 88 548 456 310 89 82 426 55 149 158 240 106 323 358 298 143 344 234 133 170 109 436 290 339 143 483 371 300 171 445 72 213 38 266 259 297
485 480 80 295 307 675 572 31 104 265 465 161 381 419 113 221 213 495 238 100 417 257 444 185 520 186 386 503 338 378 261 333 314 181 539 268 502 190 603 587 94 0 289 525 441 211 86 311 111 123 637 288 540 136 149 154 401 469 214 71 388 70 602 86 126 435 538 350 418 138 420 437 253 339 172 325 136 293 404 200 474 431 514 609 356 301 454 199 538 490 187 475 454 565 227 436 228 488 65 31 494 387 213 436 117 180 321 84 303 545 286 490 91 302 260 32 462 553 356 44 88 498 183 202 217 365 187 262 480 366 56 429 423 59 105 100 456 402 443 260 563 302 402 281 564 118 275 101 452 423 372
664 350 408 21 428 641 560 265 324 139 477 439 396 465 425 62 395 459 517 214 530 542 557 293 550 386 245 560 224 536 153 464 427 92 427 516 335 366 641 753 351 226 0 475 478 339 292 430 157 185 457 190 579 132 285 127 341 610 261 209 552 372 680 354 163 517 418 460 424 344 384 356 81 400 353 357 108 95 372 289 638 401 673 535 268 172 367 372 483 508 67 564 348 566 295 385 56 597 208 250 348 471 95 480 263 271 359 272 417 491 313 457 193 364 382 286 554 492 102 337 324 453 373 385 351 320 344 157 618 397 172 542 443 243 144 325 377 331 549 407 504 171 326 420 465 273 173 348 412 477 500
58 218 604 514 211 169 175 459 354 352 111 547 103 109 548 444 432 164 422 443 114 648 139 334 129 456 373 234 390 235 362 195 304 465 174 430 135 368 47 164 396 543 445 0 108 388 497 198 471 498 214 318 223 474 386 462 150 153 294 547 192 449 193 505 437 79 106 392 196 410 107 198 687 197 402 209 478 437 247 325 71 106 140 224 271 395 180 489 49 111 523 243 218 166 349 163 588 160 445 413 245 177 498 128 462 322 152 512 477 167 254 172 475 204 382 438 112 149 513 449 450 110 336 537 351 187 336 449 152 220 429 294 152 515 482 567 255 122 237 370 102 360 199 360 170 408 387 473 146 116 177
164 85 426 382 188 343 123 421 363 245 251 523 120 67 509 345 447 47 459 319 181 597 203 289 120 393 179 175 245 288 261 181 321 406 103 368 33 299 158 261 346 516 451 131 0 350 338 146 460 413 107 210 340 383 310 336 116 232 238 441 297 415 333 484 328 38 100 410 97 407 121 104 516 182 481 141 402 278 114 340 176 146 224 166 150 249 56 521 102 120 375 299 137 257 278 34 452 233 446 436 91 139 290 55 430 287 122 552 488 103 187 67 438 164 268 441 99 65 318 476 379 33 311 438 306 109 286 250 240 106 412 340 151 474 410 429 124 63 256 308 91 255 102 415 53 282 285 455 154 127 288
357 457 229 339 148 448 421 249 62 257 271 182 215 288 189 269 180 332 197 190 306 298 386 76 370 59 309 447 251 218 255 194 171 211 449 142 379 30 359 342 84 209 375 342 322 0 110 187 233 186 419 253 416 213 52 178 191 265 190 225 216 199 369 119 207 350 437 142 337 62 258 410 402 147 98 140 321 256 328 27 394 232 357 425 258 351 254 173 355 247 277 370 358 332 78 294 305 253 222 137 317 203 237 277 82 52 187 186 164 439 110 336 214 154 61 146 482 390 337 178 131 384 28 165 67 242 40 299 317 216 176 277 195 242 279 211 362 286 244 72 398 377 251 136 434 123 265 96 261 260 255
391 364 133 242 251 478 547 123 34 248 456 144 344 360 141 196 167 355 221 87 366 213 423 96 429 144 311 597 233 349 202 215 289 139 412 189 404 83 488 499 34 84 295 438 375 112 0 294 173 92 484 290 449 168 62 127 299 365 182 166 372 86 496 85 115 403 478 239 454 77 286 416 281 210 170 266 200 208 418 91 507 373 460 519 311 222 366 210 508 310 182 428 397 394 133 296 231 428 103 62 315 248 201 310 39 60 284 161 241 442 169 444 95 217 171 67 443 410 283 94 86 377 104 143 175 250 122 242 440 239 116 292 293 111 155 116 410 282 321 174 452 267 296 237 490 55 171 54 285 271 281
199 281 420 470 52 225 297 389 235 274 156 308 69 73 446 292 337 187 313 264 141 364 194 147 275 256 277 318 295 146 286 15 105 321 243 235 211 178 168 287 238 360 380 178 149 180 246 0 371 290 305 235 285 372 184 271 79 122 166 408 129 367 288 260 309 163 262 204 213 218 68 271 453 11 261 19 372 287 261 176 215 75 251 408 252 340 169 306 245 77 372 193 288 229 148 152 414 115 309 351 247 25 360 115 215 184 47 344 331 241 97 198 350 46 144 285 248 196 408 361 360 177 192 308 174 101 157 278 215 79 364 178 33 386 404 360 218 109 136 153 280 366 131 230 248 222 255 238 47 44 139
604 473 216 146 435 724 459 92 190 231 504 297 411 395 257 109 284 481 331 94 562 386 585 249 511 299 330 622 290 528 154 345 374 63 491 438 375 218 651 678 197 110 124 576 510 263 186 406 0 96 547 250 650 55 238 85 380 500 234 66 461 152 714 235 111 400 512 372 423 208 434 452 140 419 312 333 24 197 347 217 596 404 655 503 301 239 357 286 544 379 86 661 478 666 227 413 131 546 48 130 479 376 131 421 203 192 420 163 347 576 304 423 72 376 326 105 470 587 188 155 223 442 211 254 340 326 250 191 511 314 62 492 387 64 16 221 379 336 490 319 545 272 352 424 531 129 221 176 376 365 553
500 378 173 219 299 501 433 111 147 206 444 291 322 320 193 123 298 442 330 13 374 285 456 138 520 200 263 556 242 320 105 337 363 68 432 312 385 171 427 524 136 105 189 393 314 158 86 327 85 0 448 229 612 57 135 42 300 435 180 138 390 139 542 162 35 384 423 295 374 183 305 385 216 278 231 233 101 166 385 168 546 385 512 466 222 183 323 265 493 362 101 530 387 536 194 362 190 366 49 108 298 354 117 391 121 143 281 162 352 410 169 401 17 271 222 90 443 444 189 123 159 357 182 264 287 249 255 180 403 242 62 452 362 80 81 174 325 293 410 218 497 229 278 316 345 68 131 173 312 396 354
242 52 654 487 322 341 19 599 494 349 280 524 245 209 713 467 693 73 581 487 280 803 359 352 42 438 194 53 259 335 389 299 357 487 42 590 104 430 209 430 517 503 536 205 104 462 509 305 445 522 0 284 383 518 432 363 255 340 348 528 387 527 368 475 378 125 76 496 76 575 255 71 603 305 622 240 454 388 113 375 261 282 336 62 189 285 164 701 141 259 489 350 113 386 411 136 431 363 484 583 105 266 383 180 556 438 212 676 610 20 322 61 433 235 432 594 85 60 358 533 622 92 532 587 485 245 404 349 346 204 426 411 282 461 460 575 137 203 368 444 111 307 225 578 50 414 274 574 236 274 320
400 193 405 209 272 565 248 377 310 38 416 485 284 235 491 126 398 200 440 245 324 588 447 248 324 394 51 279 8 417 89 296 411 225 245 385 198 230 339 510 283 314 179 356 199 310 236 306 272 210 292 0 442 182 221 183 191 419 127 296 421 430 500 330 173 260 326 504 187 370 236 209 294 241 440 228 272 108 150 315 370 323 512 321 53 50 174 449 284 299 223 454 156 385 254 202 241 336 241 364 159 252 135 219 331 230 206 385 463 226 224 200 263 221 395 296 257 237 89 372 315 283 294 427 310 147 386 68 362 177 261 476 285 275 228 471 117 229 379 335 370 49 134 492 217 197 76 291 294 263 348
168 445 506 588 211 43 372 502 417 562 90 536 279 246 523 625 445 384 426 504 134 522 96 380 376 371 484 513 543 191 446 275 190 540 405 397 380 341 159 21 384 484 722 232 357 428 396 219 575 550 401 432 0 515 374 591 272 121 403 553 133 530 44 543 602 239 332 276 432 408 233 391 670 262 405 286 528 647 374 357 175 162 66 514 401 521 410 495 255 203 588 59 446 48 328 345 774 128 662 529 461 191 578 299 426 410 293 497 378 386 352 433 539 323 331 536 373 339 661 589 517 274 361 405 286 385 333 459 78 300 535 145 268 615 568 599 460 300 120 308 298 496 389 306 323 478 417 448 224 205 116
464 391 233 116 340 667 487 113 204 141 435 296 417 294 282 77 369 463 312 55 523 416 538 196 473 274 234 424 204 370 93 356 411 16 433 345 348 216 439 592 169 164 107 490 349 195 155 327 61 43 487 226 484 0 185 46 297 536 166 124 401 169 566 219 41 373 523 337 313 186 347 352 140 324 315 274 64 129 376 190 473 450 542 544 202 180 317 367 477 438 65 531 383 488 239 366 134 516 83 150 299 296 50 322 197 151 276 225 353 484 223 341 34 261 268 125 457 421 154 181 201 370 254 292 284 292 262 164 561 309 81 460 322 96 44 224 280 371 450 293 484 174 278 324 418 115 143 234 392 325 500
333 320 215 330 219 439 384 219 63 229 340 190 240 262 197 260 183 311 205 141 337 283 409 45 447 115 316 515 279 281 179 156 203 210 389 174 261 18 380 402 65 142 315 348 351 52 74 192 213 115 414 284 403 195 0 147 162 350 145 191 299 174 434 120 122 277 350 207 365 79 237 346 324 199 164 181 196 267 359 25 434 250 467 420 252 288 236 200 448 282 237 325 309 312 58 290 283 329 186 146 331 230 195 299 57 2 217 205 186 431 93 368 169 161 133 146 413 398 262 190 139 300 69 222 112 181 85 237 334 210 184 284 202 183 171 168 343 217 308 147 428 325 192 156 409 53 188 99 254 209 292
497 401 251 192 293 570 397 147 157 121 505 254 287 339 278 73 356 361 404 60 486 393 395 168 409 278 270 419 187 395 73 260 332 39 417 341 286 174 402 570 169 140 167 445 332 204 113 257 113 47 427 194 562 41 153 0 214 460 148 160 396 183 462 186 5 338 450 389 335 195 295 358 202 322 231 233 109 137 259 162 525 356 463 464 232 150 257 258 415 382 99 510 353 562 170 302 182 374 86 164 298 358 55 305 160 160 290 236 360 408 184 415 50 224 271 128 465 345 194 206 218 337 222 283 276 264 261 156 519 218 77 394 261 112 89 263 327 274 457 261 429 171 256 296 378 90 109 181 362 349 337
225 174 410 404 119 290 211 383 267 216 190 389 64 60 382 323 331 134 307 233 190 390 256 163 228 234 229 330 222 215 175 105 203 309 199 332 140 177 231 277 256 394 326 197 95 188 244 82 350 246 247 208 316 293 168 230 0 201 108 450 199 397 270 365 292 142 208 304 169 231 84 219 495 91 337 67 330 229 165 171 183 98 258 275 133 267 78 390 204 118 383 263 210 224 126 101 326 225 332 278 180 76 268 77 302 227 35 469 320 174 77 173 266 48 238 313 187 163 323 359 394 167 265 427 241 44 190 206 223 10 295 221 76 328 373 412 133 44 234 261 245 268 56 327 176 242 178 275 78 86 226
125 314 496 656 116 144 319 532 294 427 37 465 162 155 454 421 372 277 293 441 61 521 75 257 323 297 380 415 359 93 427 151 143 415 338 283 277 282 138 107 327 527 513 159 218 310 405 140 564 478 352 346 114 498 303 399 173 0 282 454 66 376 125 392 458 235 284 175 314 374 118 315 609 149 308 177 585 517 303 317 136 92 119 474 304 418 266 363 218 111 482 62 385 60 214 227 591 21 478 484 314 121 532 188 322 258 150 547 312 278 249 341 451 218 233 454 274 263 457 441 424 284 344 429 212 277 231 408 57 253 527 82 127 528 462 442 360 208 44 213 224 478 265 271 245 297 435 372 115 122 50
386 254 355 280 230 374 307 275 207 126 314 327 158 155 325 196 297 238 315 165 268 430 290 83 298 215 194 399 114 319 88 177 222 175 244 315 239 153 320 376 175 256 217 261 180 194 201 164 212 156 305 148 457 155 142 129 99 273 0 233 353 257 475 295 135 248 281 326 237 201 235 256 286 139 249 130 197 170 203 144 321 206 360 353 135 162 172 337 302 215 199 324 192 402 85 172 277 345 220 263 216 197 171 172 205 139 160 321 321 236 72 272 172 117 211 252 342 235 180 232 260 252 185 300 210 89 204 147 320 92 200 379 160 248 193 321 217 158 343 242 329 146 114 285 293 149 89 215 169 182 290
669 451 173 210 381 723 582 40 191 333 623 281 454 458 178 213 319 602 323 107 569 337 542 226 672 258 337 531 356 501 219 460 413 142 608 377 445 269 541 646 176 72 228 581 546 291 152 390 67 108 561 282 672 139 251 151 364 496 253 0 475 122 608 187 146 558 616 384 485 239 503 435 186 443 300 349 105 241 515 269 501 517 612 607 364 260 461 235 570 438 156 620 543 621 288 511 186 582 61 102 458 374 191 395 196 189 406 97 302 577 267 591 113 389 308 80 555 592 257 116 152 449 230 233 370 338 260 281 602 410 62 430 389 34 80 194 522 481 465 278 623 280 453 304 532 142 277 197 414 418 465
207 407 358 590 83 202 329 451 277 370 95 310 152 227 381 442 305 274 257 348 138 480 151 284 372 227 456 477 442 26 337 134 72 446 430 236 336 238 185 173 267 435 454 218 306 250 295 136 475 425 394 389 136 476 299 385 253 57 353 472 0 401 197 410 440 243 317 167 317 260 148 359 597 145 311 177 416 427 342 272 227 129 167 520 425 420 319 395 302 165 532 89 376 118 252 329 475 96 497 331 402 145 402 221 281 285 212 456 279 427 262 379 463 181 150 405 352 390 571 381 353 346 275 320 182 239 230 380 122 261 472 32 136 527 501 354 335 230 23 176 338 492 273 240 376 367 433 319 152 158 17
606 568 38 347 362 651 657 95 122 324 469 130 391 451 51 237 179 571 214 151 540 159 517 218 617 145 456 715 348 433 298 372 338 219 543 274 502 183 570 530 81 60 359 549 479 191 108 328 190 148 525 393 508 205 196 231 400 462 294 117 421 0 536 53 223 421 516 269 557 115 382 513 282 327 131 389 195 360 428 160 459 359 596 557 442 324 393 119 540 485 289 459 588 519 210 483 308 401 152 57 429 338 278 387 90 146 322 44 201 611 286 429 166 335 242 77 487 470 343 22 34 467 141 129 197 302 219 389 506 365 145 414 333 108 152 41 410 456 463 214 605 434 354 202 578 168 322 72 392 364 386
113 441 528 762 225 5 359 715 443 431 96 562 224 301 571 559 522 376 478 529 120 538 66 423 313 370 465 476 468 206 565 220 271 532 394 438 341 343 131 23 525 492 709 186 297 446 506 284 613 498 409 501 51 590 414 464 327 121 424 748 195 620 0 606 532 233 258 286 347 407 196 417 722 225 471 314 547 584 400 418 113 211 45 401 474 476 348 564 220 169 671 95 454 50 367 344 602 135 502 598 362 205 517 257 482 470 293 582 450 348 375 323 598 316 337 548 295 281 551 584 600 252 396 531 323 350 332 549 73 367 496 190 235 532 551 616 423 259 145 299 286 565 330 369 285 544 499 576 225 213 152
533 430 81 319 254 501 471 121 76 390 506 75 343 335 78 338 108 549 182 136 492 180 414 182 610 111 388 665 354 296 241 272 238 204 552 202 516 138 422 526 59 119 402 491 434 132 100 285 182 162 604 397 468 202 120 230 382 430 226 160 343 47 485 0 195 451 608 221 506 52 418 513 317 295 111 282 206 364 509 122 533 350 524 702 376 383 389 82 441 445 265 471 570 486 183 401 332 361 179 78 424 357 232 377 63 132 332 94 142 520 236 498 203 322 163 86 585 551 434 73 15 413 114 91 164 287 170 303 427 366 143 379 311 158 228 65 477 325 326 156 534 363 383 166 522 125 291 33 370 393 335
521 317 253 178 363 504 384 143 132 130 498 247 316 274 286 107 295 367 348 50 427 332 498 129 436 246 272 410 164 369 86 310 334 45 430 290 324 170 429 616 159 146 134 443 370 185 124 307 98 39 426 206 464 42 157 5 266 357 137 139 359 202 452 196 0 349 442 360 369 164 362 359 228 293 285 236 86 128 270 148 419 308 435 436 224 148 268 306 400 301 92 410 340 405 141 339 169 424 80 125 314 286 67 364 175 133 300 210 364 453 197 398 41 201 247 122 456 453 191 151 207 337 198 328 241 233 219 170 430 254 87 491 307 108 93 230 264 299 430 258 484 175 252 337 329 89 117 209 317 332 350
156 118 518 519 219 225 136 581 324 305 206 540 102 79 618 406 481 79 523 345 174 648 168 313 87 391 230 168 272 295 357 169 248 471 114 451 90 375 137 290 391 522 463 89 40 377 415 168 484 392 144 245 270 388 339 366 120 189 283 469 305 560 241 536 355 0 73 426 105 348 97 168 447 184 380 158 455 303 137 372 151 109 227 195 207 353 101 446 59 139 430 262 188 225 271 80 460 187 459 502 139 160 385 59 440 336 126 624 507 110 257 120 389 191 285 445 91 82 334 545 413 44 402 571 321 154 325 371 209 150 493 349 121 545 514 479 163 84 289 369 76 285 145 447 67 328 268 367 126 112 283
186 122 615 550 243 284 61 614 480 344 211 658 160 126 581 479 532 69 510 397 197 551 237 349 40 479 265 133 334 324 377 229 354 515 107 547 102 385 159 264 477 476 416 121 98 395 512 250 487 514 75 304 276 530 359 429 199 233 287 549 351 599 314 544 473 61 0 476 112 449 191 140 518 270 522 252 539 383 181 400 163 210 234 144 219 330 158 607 66 196 423 332 196 287 321 101 530 287 557 556 130 197 361 130 405 430 167 564 445 69 242 89 394 218 350 540 15 30 380 573 469 49 398 509 342 174 361 316 275 235 541 317 175 551 573 582 183 159 301 465 25 290 168 443 58 415 306 433 181 183 291
288 544 273 555 185 311 455 352 241 438 232 242 310 311 270 384 158 442 122 305 295 268 272 206 434 142 473 511 455 118 444 179 81 433 462 59 406 229 365 337 242 363 543 301 383 149 292 234 432 353 462 468 302 363 222 404 317 239 289 463 149 272 289 203 353 347 421 0 513 206 227 442 591 212 146 214 450 515 370 195 386 279 343 528 394 384 427 198 436 279 412 216 448 300 194 382 443 255 325 286 461 206 410 281 202 218 287 374 102 392 219 422 311 214 93 367 462 405 540 336 282 365 186 212 78 273 119 459 300 296 380 123 249 371 399 308 465 270 156 99 497 446 348 84 465 274 441 263 213 213 157
270 34 480 341 285 347 105 420 347 215 316 463 166 152 575 382 450 49 555 423 253 587 288 317 85 414 143 137 210 402 281 266 377 370 45 482 52 335 263 349 350 421 405 208 94 352 392 244 380 389 87 158 360 314 302 296 169 294 250 555 423 440 365 463 298 130 131 445 0 477 229 26 444 227 546 227 460 261 55 403 301 209 299 133 144 218 88 539 145 244 381 457 60 385 311 70 502 331 399 411 27 235 332 139 375 374 205 545 498 67 226 29 395 257 337 513 131 95 303 568 485 91 330 596 446 148 360 271 318 144 470 412 220 396 491 528 43 135 373 388 134 244 145 457 53 335 275 447 244 217 404
371 509 123 408 225 535 581 153 36 295 358 118 296 330 154 282 132 483 137 139 406 173 425 135 480 57 320 614 293 283 219 219 244 246 404 157 392 89 441 471 39 121 315 459 422 76 65 224 196 188 486 384 451 223 101 188 316 304 219 178 327 93 394 57 181 338 476 190 454 0 284 400 405 219 84 240 232 363 446 83 481 319 529 483 289 315 304 147 524 315 255 424 453 439 128 307 354 296 153 103 358 311 275 335 34 73 319 143 130 424 162 452 158 240 103 133 453 521 355 112 66 407 42 117 125 250 89 316 397 292 193 278 319 203 227 126 451 371 368 124 472 376 285 138 499 122 260 32 255 284 257
105 198 389 469 107 201 191 417 352 320 142 365 23 50 503 436 452 142 395 305 114 451 154 237 238 286 244 294 271 163 312 71 194 390 212 328 138 271 117 234 301 475 410 116 112 213 350 80 413 399 198 253 200 377 237 371 95 114 216 512 186 385 241 439 331 95 182 287 221 297 0 210 527 71 319 81 463 315 189 245 128 27 190 308 270 346 129 407 139 28 365 186 237 193 214 113 427 125 429 361 224 52 321 59 312 263 46 524 395 234 147 218 340 89 213 392 193 192 333 381 333 157 265 347 212 115 227 320 162 99 460 202 34 398 353 376 233 81 170 261 194 328 148 283 169 274 239 306 24 18 127
312 34 509 369 369 435 96 419 365 243 294 532 221 173 661 309 580 79 578 461 283 674 366 344 104 481 166 102 221 399 239 248 412 395 36 486 79 409 259 453 427 427 419 216 99 330 482 218 427 451 88 213 434 352 307 362 170 360 225 487 456 581 351 419 412 134 115 435 28 481 192 0 467 271 418 236 403 312 62 370 324 278 354 137 149 204 94 664 168 281 392 463 42 360 346 109 430 290 406 490 39 236 300 164 370 386 202 571 535 71 306 38 406 249 427 526 148 86 322 472 493 122 454 620 346 169 434 274 313 171 489 444 270 415 379 496 60 136 424 377 168 228 171 531 86 369 282 479 244 278 321
610 437 384 53 490 720 529 232 301 259 670 371 496 512 395 120 491 512 540 182 691 557 621 339 568 363 357 583 258 628 237 410 575 150 458 446 517 334 581 610 323 222 77 574 525 410 344 426 126 209 548 293 804 181 367 164 434 621 314 207 589 277 826 348 210 586 625 483 407 367 531 465 0 452 400 420 109 161 364 342 721 473 788 523 334 195 445 474 517 616 96 731 459 607 347 473 34 674 190 261 503 485 169 558 380 357 478 307 528 489 353 468 207 435 470 280 635 463 182 289 304 583 329 408 403 345 449 212 593 381 192 662 403 212 166 385 428 409 597 422 505 238 457 427 541 239 201 329 512 591 689
189 296 360 442 49 278 322 402 199 286 189 332 72 85 354 336 290 208 326 284 169 450 178 113 298 199 276 313 295 116 237 10 116 349 241 277 183 188 200 246 227 303 370 207 180 171 251 11 372 326 273 292 211 297 189 233 84 125 178 418 125 361 266 257 304 206 238 175 224 274 72 234 464 0 217 15 408 349 203 141 187 96 202 419 203 308 142 342 200 84 369 188 293 204 113 183 403 144 292 314 229 36 289 127 268 177 58 340 321 235 98 273 262 46 158 349 227 271 335 392 319 194 206 290 156 98 155 313 191 74 365 164 36 399 390 354 258 107 174 145 235 329 144 274 255 258 264 301 62 54 138
427 544 158 410 236 453 501 252 116 349 335 76 355 366 153 397 72 503 76 196 403 141 366 161 529 47 399 612 370 238 305 234 218 286 586 81 415 130 484 483 125 182 433 433 416 115 150 308 298 274 525 373 363 336 132 248 320 295 270 289 275 172 507 89 306 365 422 161 544 74 336 417 483 218 0 244 310 379 382 140 384 335 379 660 359 457 430 107 445 327 328 317 532 329 191 369 374 340 272 170 387 321 330 316 97 161 359 170 68 428 206 527 215 280 106 179 489 541 490 153 118 439 90 70 86 371 86 423 337 339 252 252 275 289 333 145 376 331 300 111 543 384 307 74 425 200 271 85 269 325 253
180 248 399 394 76 326 260 378 244 277 167 327 78 87 322 293 275 191 300 288 179 415 167 110 283 183 316 334 212 157 241 25 109 301 296 210 192 181 244 302 267 286 365 184 150 181 210 17 345 246 272 225 298 308 191 301 60 173 148 396 178 375 238 338 270 187 267 186 265 212 78 293 471 20 296 0 346 267 245 171 232 99 290 298 188 265 159 315 249 86 375 215 242 248 101 183 351 161 320 312 218 41 298 120 199 182 61 362 332 247 76 192 320 35 154 339 237 214 331 382 281 177 201 339 178 102 187 321 228 80 362 214 43 309 357 373 226 86 191 151 248 256 111 271 188 233 195 249 61 62 150
518 438 248 107 349 601 612 137 217 178 494 319 462 424 247 121 375 399 415 109 543 425 564 236 537 259 302 643 206 408 180 418 361 54 412 365 360 209 520 724 229 157 128 582 473 260 163 343 25 96 520 270 603 52 196 90 386 538 259 103 444 174 546 260 114 491 442 396 417 255 495 442 129 366 278 332 0 188 371 277 654 480 642 589 343 226 323 341 492 395 44 578 384 582 222 442 82 456 83 171 452 463 114 442 255 241 323 234 364 501 321 393 77 298 303 118 512 443 174 172 197 528 261 371 307 314 344 202 630 307 87 544 452 102 32 288 347 344 485 397 545 228 320 345 430 154 193 230 428 494 494
449 338 309 122 336 580 364 261 298 64 420 368 314 299 327 51 455 284 454 149 536 431 535 221 328 354 148 455 92 514 73 376 368 115 280 383 293 265 470 497 254 284 89 392 372 253 253 284 201 138 367 100 659 141 237 109 263 503 149 278 462 319 583 294 117 371 366 496 305 345 312 336 163 310 405 282 148 0 219 304 410 386 544 459 128 62 250 446 429 362 134 577 280 577 268 295 162 445 208 250 285 326 57 269 327 215 283 381 501 363 268 270 175 294 364 246 415 355 46 296 302 314 281 373 337 220 322 40 497 296 202 555 307 257 185 316 282 302 408 382 421 86 218 418 357 205 91 278 370 300 419
300 73 451 342 251 408 174 379 353 161 359 505 176 152 532 249 574 90 444 362 331 509 300 246 150 422 119 202 136 373 228 245 337 310 90 523 82 264 247 364 399 460 361 215 109 309 340 212 391 306 117 119 437 375 272 299 161 367 195 496 408 429 378 424 318 177 164 495 45 332 221 47 479 267 469 218 320 244 0 329 272 221 327 193 74 199 62 472 231 212 349 422 52 438 280 80 342 351 337 410 31 240 260 166 352 266 174 501 504 134 223 80 283 186 390 463 189 139 195 458 494 140 396 579 323 111 361 206 305 143 340 444 197 377 357 417 4 128 399 435 195 200 100 496 98 268 197 448 227 239 312
415 338 235 323 207 478 405 226 68 253 332 169 238 265 216 271 172 343 175 132 347 295 389 47 361 86 291 554 243 224 198 171 138 228 405 197 289 7 346 397 81 196 331 300 261 26 79 150 215 150 370 285 415 214 31 160 206 263 155 253 213 201 447 153 164 326 367 185 378 68 207 410 310 141 148 132 253 280 329 0 392 239 455 520 310 277 276 188 388 258 237 350 400 366 68 299 322 271 201 150 383 233 233 285 66 30 204 197 199 337 121 303 187 156 79 154 363 348 323 175 171 334 50 191 112 214 64 281 371 192 182 265 186 222 262 212 301 257 266 85 453 265 244 138 416 94 177 96 201 220 216
8 288 510 514 208 120 217 662 392 414 86 594 171 185 550 466 530 218 470 482 72 666 72 323 223 417 383 267 432 242 489 195 223 549 239 344 209 374 7 136 471 630 514 62 188 404 416 188 579 487 252 360 136 576 349 522 233 116 299 660 219 509 124 503 463 137 150 305 287 430 133 251 653 182 410 237 501 501 331 320 0 114 75 344 341 371 243 497 114 100 563 171 286 127 327 184 615 123 595 574 271 143 448 153 407 318 168 651 454 211 260 213 486 248 290 461 150 216 497 477 459 189 386 583 317 219 327 502 87 208 464 222 164 639 600 581 259 192 146 330 174 412 247 403 174 434 352 512 132 155 175
96 247 474 574 109 176 267 399 354 349 106 455 55 73 508 407 459 186 370 404 66 424 106 227 245 321 281 322 274 154 343 82 142 413 230 275 165 236 113 170 371 462 539 90 132 224 328 79 441 372 212 266 164 452 270 308 129 96 265 492 158 389 180 426 331 125 189 293 204 281 28 214 538 103 347 100 530 432 228 265 109 0 137 272 250 316 170 405 152 2 396 160 313 127 221 175 549 71 425 336 232 51 377 103 373 251 72 397 373 234 155 221 337 114 220 439 198 171 416 466 349 149 292 377 211 138 279 357 104 127 472 168 54 438 403 376 260 101 133 245 209 329 140 258 219 260 285 335 32 31 109
71 348 525 727 200 41 301 690 421 505 74 505 216 230 536 512 413 310 417 497 76 636 57 385 287 417 432 347 486 195 464 233 213 473 378 424 349 450 88 58 458 616 546 131 299 364 489 242 711 519 293 485 89 543 411 450 292 135 456 585 194 624 45 470 507 255 218 327 357 477 186 333 616 223 448 245 576 465 336 436 95 177 0 404 365 578 264 513 174 177 582 108 379 73 391 269 575 104 566 611 323 180 638 221 467 356 273 651 395 338 336 301 472 309 325 542 270 279 560 515 484 222 402 557 353 295 363 538 52 339 522 164 224 592 667 562 310 256 166 348 227 455 269 424 273 536 462 504 209 218 195
265 113 656 559 422 463 85 596 561 294 364 707 331 228 710 525 780 140 712 549 382 869 390 401 89 530 304 7 359 498 456 377 418 527 87 679 160 529 294 410 490 641 517 272 185 579 536 316 613 511 76 280 473 499 403 453 335 342 337 638 452 595 490 588 433 213 160 484 122 550 291 129 546 312 680 368 498 359 187 546 350 288 339 0 261 327 192 609 194 304 457 460 160 458 380 170 643 366 547 594 180 308 425 258 629 471 287 722 693 110 367 146 525 310 481 576 121 114 342 547 689 183 470 766 461 260 451 311 357 277 515 503 360 510 564 629 192 208 521 477 156 316 280 540 142 540 392 591 292 350 411
334 164 436 275 300 394 203 319 291 80 408 494 184 217 487 226 465 187 521 276 349 569 385 228 257 409 53 216 48 370 149 209 356 255 154 449 133 282 326 443 319 323 288 248 163 311 253 239 263 253 235 44 442 282 283 181 158 378 124 307 437 415 518 349 223 203 243 482 117 362 213 118 280 257 346 207 291 159 84 309 343 258 392 298 0 88 129 438 299 256 281 375 98 353 239 142 248 333 257 302 126 223 200 205 300 290 167 372 444 184 181 148 282 216 325 376 209 242 177 386 377 211 268 509 382 110 304 110 333 136 324 415 201 307 293 467 87 185 405 329 247 121 98 452 169 222 116 316 236 209 424
468 295 433 186 349 544 315 353 289 21 444 466 343 243 473 87 524 250 474 206 455 481 484 195 310 344 99 351 46 360 85 300 376 150 248 386 239 253 388 604 339 267 151 368 281 299 279 329 242 225 336 46 500 142 242 136 228 428 121 331 439 379 539 371 144 297 319 400 210 303 272 205 215 247 388 235 192 53 172 300 405 301 542 335 97 0 230 499 361 313 144 524 191 537 251 210 222 430 262 323 234 274 103 307 277 259 305 351 428 340 199 267 165 269 303 298 358 275 59 285 413 252 343 419 364 170 394 12 535 194 266 440 265 303 231 355 161 239 430 315 376 31 211 440 241 202 84 344 368 336 473
220 122 541 335 214 387 162 392 361 176 277 505 123 80 447 308 501 71 386 271 255 526 230 201 141 300 149 176 144 263 187 197 246 333 133 464 46 253 258 312 350 461 350 182 64 334 360 143 365 298 138 161 321 344 298 256 78 239 164 448 343 426 311 338 301 105 121 392 85 379 145 88 408 177 402 138 392 287 72 234 248 149 266 221 94 181 0 489 148 174 331 290 110 355 234 27 431 251 419 394 61 148 302 81 331 299 98 430 430 143 185 95 363 139 287 337 129 118 308 456 454 90 288 426 300 84 345 191 291 77 320 378 152 447 341 438 69 72 291 265 187 205 49 431 92 262 169 346 168 146 260
485 667 101 380 391 588 709 202 180 459 489 9 427 394 98 429 52 643 123 276 502 62 454 239 548 118 578 686 474 382 414 310 239 308 660 153 455 195 513 584 169 169 474 511 486 212 204 328 303 269 633 395 536 279 241 285 444 411 325 286 351 126 590 105 261 490 627 232 641 115 473 561 425 329 91 305 331 466 484 195 599 368 582 604 539 436 536 0 573 413 404 461 477 456 296 425 383 466 286 146 513 393 331 471 136 208 410 136 105 649 319 608 320 344 207 163 565 664 548 131 112 572 173 28 186 404 171 467 449 330 286 388 401 209 338 86 597 514 445 175 693 559 366 135 491 261 370 130 354 394 371
119 193 553 620 283 209 135 630 382 349 164 484 151 146 558 487 463 113 465 511 162 575 193 333 114 464 271 216 322 277 352 254 313 429 156 485 151 408 96 256 496 637 511 47 94 339 514 206 463 398 140 321 269 527 393 444 173 219 343 645 237 488 211 448 415 73 58 388 196 463 138 163 602 255 461 247 600 484 242 446 123 127 173 175 246 420 170 646 0 159 606 236 214 199 330 159 500 224 513 502 175 193 409 120 445 347 190 589 484 106 331 161 498 228 372 525 68 89 451 529 521 94 457 596 407 206 355 417 190 205 595 350 153 502 611 528 176 157 256 341 50 414 215 483 128 473 312 514 155 182 305
119 264 474 459 94 216 275 409 282 277 99 477 53 85 424 392 407 214 359 377 78 498 109 255 240 284 365 266 266 146 320 92 184 410 223 322 159 261 119 161 340 449 474 98 141 268 344 72 392 357 243 347 213 396 274 412 120 89 230 457 148 453 159 383 336 110 178 215 235 341 30 216 515 79 373 79 425 440 240 276 127 2 141 294 299 397 172 411 167 0 480 147 234 125 205 174 526 79 374 408 225 50 414 89 370 231 75 536 386 190 197 186 375 133 213 380 206 190 347 484 339 147 290 331 211 143 214 351 128 142 431 196 60 405 502 500 208 96 154 251 203 364 143 336 195 349 280 326 30 30 105
511 398 267 84 424 532 563 158 225 151 552 329 445 332 309 56 426 434 460 119 539 489 627 230 431 303 253 460 223 472 113 429 452 45 384 453 375 255 501 623 248 178 78 518 360 339 174 375 65 102 554 221 560 60 247 91 280 453 220 138 421 260 663 281 112 502 516 490 331 291 451 362 93 311 332 348 48 102 302 233 502 393 646 468 241 147 363 416 534 411 0 586 312 594 301 357 67 486 123 171 388 460 71 393 246 229 343 283 414 418 269 413 92 303 398 193 546 495 143 236 306 410 319 422 383 324 364 183 586 316 103 503 369 153 61 278 351 342 572 376 556 216 338 375 511 192 170 267 454 359 504
176 339 462 635 182 108 378 535 442 453 80 401 194 267 573 530 445 314 400 560 113 564 103 370 409 302 533 520 537 131 505 236 198 555 419 325 315 301 154 65 406 565 567 226 286 296 455 233 497 431 457 512 53 572 305 419 302 73 399 542 75 476 83 417 525 314 376 255 339 361 227 459 753 206 409 265 643 553 467 341 147 151 124 508 490 542 362 473 271 146 664 0 473 51 316 286 733 89 474 451 450 185 514 294 365 321 252 608 343 344 289 345 445 254 285 465 290 383 495 526 509 313 367 359 223 357 276 477 85 300 556 106 225 622 634 494 448 260 56 292 310 462 304 326 356 456 499 352 184 175 103
327 60 535 402 325 380 121 415 402 209 391 511 275 194 532 288 647 124 624 410 337 690 409 321 160 505 124 132 161 433 252 254 415 327 77 440 108 321 281 412 378 456 338 272 158 357 349 263 464 411 130 146 511 312 344 368 193 392 239 466 448 479 386 416 354 207 182 493 64 503 236 33 425 304 445 230 364 249 47 391 291 275 443 148 131 235 128 634 256 309 322 447 0 466 297 111 407 403 390 384 49 270 266 193 366 323 195 612 462 120 253 86 419 243 421 466 194 163 266 528 570 129 427 607 435 149 394 212 414 168 428 516 216 479 438 479 40 155 438 370 170 193 159 506 104 337 230 454 276 261 419
120 400 556 533 181 71 352 545 467 531 55 401 223 227 564 592 424 291 332 542 61 600 54 302 364 416 535 406 471 134 400 175 201 488 344 352 289 355 111 53 454 476 677 162 238 318 371 191 598 477 310 488 48 550 390 446 238 76 385 639 134 540 58 420 408 216 264 266 403 432 159 357 626 183 413 260 624 491 419 389 127 131 60 455 471 458 344 506 213 122 584 51 371 0 353 344 582 70 533 499 411 206 549 247 375 376 214 540 372 286 318 389 512 237 310 543 279 336 590 438 434 261 418 515 327 265 284 509 31 316 510 132 200 469 620 492 439 226 101 298 258 455 294 327 346 414 419 505 162 153 92
351 352 283 351 137 369 337 272 111 178 248 235 163 158 260 204 241 255 257 178 246 283 343 14 301 155 306 454 198 246 163 146 168 191 319 241 217 53 357 320 112 219 272 294 239 81 138 116 264 158 327 242 402 173 63 141 126 266 104 272 247 256 408 184 190 300 376 216 308 146 217 308 360 104 204 94 297 222 236 58 315 205 308 399 218 229 198 284 318 223 248 292 310 334 0 221 326 252 212 157 291 163 232 217 127 67 177 226 200 314 49 246 176 98 126 210 398 299 312 202 193 285 102 228 140 157 105 268 303 131 235 272 158 263 264 219 298 158 278 114 384 253 151 179 307 92 185 149 184 158 207
226 107 565 431 181 376 122 459 379 194 218 554 127 93 552 316 421 64 460 313 187 636 237 241 138 324 207 163 162 297 242 207 275 331 117 443 29 316 219 314 404 467 351 169 37 269 333 156 442 295 113 192 395 321 239 323 92 231 190 383 287 380 347 439 285 91 126 342 79 351 151 82 529 169 393 165 376 309 88 261 219 146 286 227 117 205 25 420 142 173 426 347 126 334 246 0 409 238 441 439 69 162 265 70 359 311 118 490 370 97 190 78 355 174 278 457 146 93 248 444 463 77 332 514 334 101 353 219 285 102 333 363 124 469 416 554 77 55 309 369 150 217 72 389 70 282 243 408 136 145 300
653 504 370 48 517 745 523 234 295 244 632 373 410 508 324 93 520 496 490 192 503 429 612 339 619 373 332 571 213 565 161 491 523 120 456 423 506 306 703 709 308 196 56 546 452 366 222 437 106 183 558 242 663 121 325 131 416 502 268 155 595 286 754 292 137 472 623 509 436 343 450 423 40 489 348 347 74 129 383 380 614 475 664 611 313 199 393 400 544 473 70 623 404 611 315 431 0 641 175 253 358 420 120 478 287 267 456 265 505 441 349 392 170 341 421 247 456 495 147 292 307 437 371 385 358 314 421 216 639 409 168 519 512 158 133 375 398 443 564 371 596 206 314 486 489 242 172 311 533 404 609
118 315 439 625 99 124 354 530 395 345 29 405 145 173 443 448 364 253 361 361 38 434 48 293 341 316 373 369 453 112 420 148 138 463 371 243 278 293 132 125 339 492 486 156 203 297 378 140 476 460 326 361 108 505 350 472 175 21 266 546 82 491 134 461 455 172 265 239 326 330 118 384 545 121 297 135 488 429 332 299 107 74 101 341 312 377 212 382 205 86 571 97 326 72 228 279 536 0 524 458 264 127 378 152 380 293 139 545 302 323 225 318 497 158 211 461 299 239 524 463 420 198 327 391 270 266 217 504 61 210 436 103 126 548 502 486 308 218 64 242 215 381 230 274 298 404 377 382 97 118 71
503 442 151 219 316 657 446 60 128 200 572 279 352 369 181 147 255 406 363 46 475 326 604 217 596 203 294 549 292 471 170 355 365 83 406 311 408 160 619 616 146 65 177 557 451 188 105 294 56 56 493 315 544 84 176 82 279 508 189 55 376 143 559 188 96 489 460 384 459 207 421 497 173 380 271 299 86 168 380 195 518 477 675 635 322 259 431 235 575 451 129 517 464 538 216 359 139 520 0 86 347 347 143 442 173 141 324 150 332 439 217 496 44 305 280 64 591 532 277 106 144 431 197 250 260 292 246 237 607 302 4 396 379 33 43 173 391 397 528 304 619 230 351 337 399 123 196 145 435 353 398
462 539 83 246 320 472 593 66 73 257 461 180 316 393 101 235 168 403 227 85 502 202 487 170 525 160 412 619 336 349 195 346 347 188 447 252 431 161 437 475 83 39 293 538 371 159 63 316 119 109 475 322 530 132 140 128 308 455 258 115 420 49 492 69 115 434 555 321 377 98 432 500 269 342 171 327 179 304 402 154 583 381 463 674 368 259 425 143 592 335 173 510 483 543 164 400 285 484 77 0 391 294 184 410 79 127 296 97 261 563 200 475 94 319 189 26 478 420 295 39 59 522 159 157 203 342 171 297 504 352 84 407 310 77 130 86 453 349 411 188 599 285 387 232 521 112 232 65 305 358 344
250 48 594 395 314 332 106 400 365 229 316 476 174 176 561 344 527 72 508 325 326 562 293 240 112 482 114 128 167 350 222 284 305 322 60 526 48 291 241 364 452 388 349 216 79 396 389 220 401 358 95 172 361 361 306 350 154 342 229 482 353 403 400 535 354 115 138 385 21 424 232 42 489 231 476 196 465 239 29 367 252 192 364 172 118 184 73 479 183 203 329 426 42 414 278 62 451 280 347 484 0 264 281 132 426 321 150 433 553 80 232 51 350 208 340 436 121 126 272 398 486 112 439 478 383 118 339 233 295 133 477 375 193 424 446 471 24 143 378 337 137 239 125 392 70 339 256 439 206 205 297
166 221 387 390 52 213 269 469 240 245 126 393 50 69 400 313 396 179 288 296 105 478 172 179 279 238 338 361 278 131 293 27 116 308 266 273 206 235 191 229 291 337 425 167 169 226 318 28 346 270 289 317 190 402 197 294 79 135 191 373 153 384 194 378 268 133 231 244 245 318 52 260 557 40 330 49 348 310 196 211 163 57 206 357 234 300 140 331 180 49 335 220 321 197 146 157 423 124 365 307 232 0 400 112 247 242 50 400 319 277 136 250 378 74 177 390 221 204 366 417 386 212 234 335 185 143 200 351 138 95 398 195 24 413 383 357 249 104 141 169 191 303 149 255 201 234 306 354 24 29 125
554 351 251 123 378 616 420 202 201 114 455 354 365 277 334 20 326 398 358 127 511 436 536 214 436 264 186 473 128 399 64 316 402 50 334 338 315 225 467 636 206 184 99 483 317 253 182 271 119 97 370 133 499 52 217 67 307 415 161 205 394 290 552 244 62 427 494 484 363 225 347 298 165 351 378 261 111 57 257 205 557 356 625 475 200 94 313 419 395 352 58 450 290 463 213 273 107 448 140 186 317 356 0 289 213 179 333 248 355 401 198 365 100 224 375 193 446 374 129 218 285 431 279 330 279 244 259 115 501 253 151 413 297 180 109 343 270 334 455 279 503 129 286 333 439 175 98 212 335 366 463
177 154 489 497 142 316 185 397 284 281 183 407 48 25 432 378 446 116 407 318 149 456 165 219 163 327 225 236 223 226 274 103 206 419 145 382 82 267 146 259 324 460 360 128 45 298 292 103 395 381 149 253 301 417 285 355 61 172 207 425 247 492 230 393 339 67 116 285 120 382 55 150 563 128 352 95 459 367 162 288 173 99 199 276 164 244 65 436 138 84 383 231 207 212 203 69 388 192 419 353 126 109 372 0 382 279 61 534 356 141 176 109 415 132 285 433 148 118 291 433 391 77 254 427 241 85 253 296 178 93 336 230 74 480 471 423 165 29 228 266 158 282 74 303 107 294 243 329 92 89 223
382 422 154 312 249 414 507 163 8 317 348 140 312 294 173 269 162 455 207 113 347 240 405 109 499 92 297 538 251 299 217 204 237 222 487 183 391 74 369 469 9 134 318 384 342 77 35 261 176 155 471 265 495 184 60 181 301 292 202 202 321 118 529 82 167 425 433 209 415 28 318 393 364 197 108 197 250 248 406 65 388 309 420 581 267 321 291 158 423 339 281 358 407 456 140 313 297 304 177 83 436 300 239 345 0 75 285 166 155 497 178 406 149 230 147 106 536 407 350 94 80 462 48 115 114 264 95 288 391 216 168 315 275 157 192 117 344 347 353 156 506 345 305 158 384 81 212 36 295 267 299
324 346 232 281 216 388 395 164 58 226 294 206 216 253 228 210 185 401 232 114 311 254 302 41 402 125 274 530 209 242 147 158 211 161 429 225 320 21 326 388 81 145 304 305 284 68 58 194 199 115 349 292 425 159 2 154 201 323 144 246 318 146 369 145 127 363 387 218 395 98 277 332 368 154 128 165 247 233 275 33 350 263 408 418 293 240 301 194 328 273 224 333 358 415 61 239 266 255 191 130 321 220 191 229 56 0 180 210 221 445 118 377 136 124 120 154 355 319 317 178 130 370 71 182 150 197 106 265 390 166 152 269 222 167 182 164 352 265 281 141 470 272 208 167 303 57 148 116 260 225 302
201 169 422 429 112 315 200 413 226 274 155 362 31 29 368 310 349 175 314 320 164 427 171 168 198 245 231 321 249 162 257 73 171 338 178 311 114 181 197 287 282 353 378 157 92 232 263 56 356 345 193 233 270 374 217 324 41 170 165 371 186 433 254 344 263 119 169 283 150 303 56 192 495 66 321 46 386 297 205 219 159 66 276 347 174 289 92 440 182 80 319 242 197 200 131 104 401 178 416 340 180 57 312 56 289 210 0 471 298 205 120 177 317 62 234 363 219 211 274 439 318 129 283 356 249 73 195 317 219 58 354 198 35 438 315 351 195 41 179 216 197 254 100 253 162 243 198 336 51 57 163
506 647 33 319 350 609 712 88 175 309 480 137 418 406 59 304 173 491 271 176 608 162 533 262 618 180 458 625 449 454 316 408 313 193 487 328 569 188 591 555 143 70 294 595 527 200 140 388 177 187 600 360 492 222 224 242 391 453 361 115 416 46 670 81 247 584 646 301 509 162 506 589 340 335 190 353 242 327 542 250 494 434 629 717 444 395 424 132 655 419 243 625 558 528 228 510 256 573 138 73 459 453 310 505 140 175 437 0 235 517 361 491 197 326 274 96 689 684 362 48 90 500 212 163 284 387 282 405 619 408 136 389 407 116 159 53 565 477 484 271 668 374 388 241 520 210 290 122 378 496 437
453 591 208 523 238 437 553 337 175 495 366 108 358 387 218 488 62 522 17 299 381 164 428 235 625 89 465 670 524 204 367 243 168 325 547 42 477 187 400 426 207 289 490 469 408 134 205 258 409 282 605 488 393 380 230 315 374 298 345 346 252 240 484 183 284 445 493 123 525 124 317 620 536 257 79 329 383 386 563 187 367 376 492 566 425 538 415 106 503 392 390 372 597 400 214 392 464 350 297 265 491 325 470 356 161 199 311 218 0 523 241 446 292 305 146 303 588 591 486 248 186 462 150 95 123 347 115 408 325 359 316 254 298 266 316 202 573 441 314 105 618 546 334 43 549 257 367 174 277 337 243
249 53 514 403 337 376 31 581 443 260 298 589 210 174 653 373 619 47 597 504 227 677 309 324 29 429 214 91 294 390 285 243 405 381 46 527 80 355 209 351 455 526 451 157 83 379 493 232 552 393 21 264 331 413 387 379 204 300 280 614 401 465 364 594 386 100 64 408 71 485 186 89 604 273 553 282 444 354 124 340 245 198 291 106 231 352 130 530 119 203 429 340 101 373 325 118 532 251 451 576 111 285 417 138 407 388 225 687 477 0 306 43 465 255 370 503 58 32 383 463 628 59 463 652 446 186 460 303 299 207 518 368 204 492 518 553 106 176 407 394 85 323 188 423 29 370 335 418 263 231 304
256 242 359 365 155 323 365 302 178 211 250 336 151 161 352 249 304 209 332 163 256 410 242 56 275 200 244 390 176 180 159 118 149 241 271 221 227 109 292 301 184 227 280 281 189 124 154 110 231 178 301 229 383 197 92 185 99 251 68 265 215 255 388 210 186 239 257 267 264 174 152 223 381 92 247 93 262 240 223 95 321 157 289 381 191 205 140 302 265 187 252 290 284 348 44 189 289 245 235 234 217 147 211 166 182 109 120 280 294 319 0 215 215 49 155 212 307 308 238 256 214 264 142 292 140 81 137 233 308 67 281 221 134 296 294 250 181 145 271 172 279 222 134 278 246 145 174 241 143 157 239
203 31 466 437 300 348 70 437 340 204 314 579 186 135 473 365 621 32 448 425 268 606 279 323 80 429 156 135 235 358 270 203 372 423 31 555 32 365 266 316 474 490 406 183 78 427 472 256 396 380 71 212 367 413 380 385 160 310 202 560 367 496 377 528 325 118 86 435 22 362 186 50 411 233 410 259 393 296 73 348 270 179 313 124 182 228 95 494 137 219 484 348 94 333 328 70 452 294 386 399 43 235 314 132 449 373 173 631 582 43 241 0 362 193 389 529 93 58 307 449 450 52 373 460 399 155 411 266 326 196 428 406 197 485 449 461 59 141 370 451 104 247 141 455 36 306 229 432 208 220 304
518 444 205 188 327 631 485 102 145 212 542 252 342 288 230 128 291 404 358 26 521 368 445 150 476 222 298 510 192 375 104 340 347 52 441 331 421 169 471 606 144 89 140 407 366 194 125 353 76 13 499 260 585 46 140 37 290 477 187 103 353 148 559 192 38 413 515 416 394 166 426 386 210 305 275 324 77 164 370 168 434 412 593 545 232 194 358 301 412 396 106 568 423 543 213 369 180 389 52 107 361 353 101 408 150 142 270 160 278 432 235 377 0 231 289 91 545 392 197 134 177 408 205 266 310 233 218 214 506 263 42 396 308 82 62 221 389 368 427 299 410 209 302 265 472 80 163 192 311 353 367
263 284 351 422 87 300 253 349 215 239 227 342 81 95 309 267 361 190 347 234 225 432 231 109 283 200 249 361 201 182 185 67 164 310 242 224 171 136 275 337 186 288 381 240 152 167 251 48 366 247 303 216 322 246 129 242 60 212 115 398 211 330 327 283 263 177 271 247 227 197 102 263 374 41 220 26 306 232 213 125 255 137 280 360 213 235 133 318 225 120 352 284 254 269 100 141 375 179 306 295 181 70 269 103 222 124 76 400 325 241 52 234 224 0 169 250 245 215 328 344 267 206 199 318 170 82 153 255 200 63 267 257 72 362 289 300 226 122 170 169 265 312 100 241 259 177 181 212 97 95 174
320 380 228 394 149 385 483 304 148 303 274 212 228 274 261 314 189 340 124 250 247 288 269 130 475 72 445 502 326 143 260 124 97 301 473 104 346 97 278 349 161 289 458 295 349 69 190 139 384 275 454 358 314 251 105 271 189 243 181 367 154 192 377 204 264 346 428 110 440 115 190 350 412 158 106 130 312 309 364 107 312 203 366 522 296 329 258 201 316 194 353 277 375 254 112 290 386 230 246 186 412 174 355 311 128 135 190 304 143 410 139 381 294 166 0 205 408 403 432 200 222 354 84 188 7 197 36 336 250 194 318 165 209 274 372 204 364 251 217 10 428 330 274 102 317 161 284 158 194 182 154
481 445 115 269 372 623 610 64 99 298 529 190 348 314 135 217 215 455 259 67 412 247 542 157 490 178 359 597 248 430 229 353 319 139 437 292 407 147 495 461 96 29 229 411 472 196 60 281 115 70 557 334 487 135 132 132 296 481 215 76 348 68 591 88 133 491 586 323 395 114 391 515 279 284 223 268 146 230 392 155 580 392 485 562 369 248 376 203 465 344 186 497 420 442 176 446 224 432 62 21 469 345 161 383 102 115 327 104 232 505 234 481 94 313 253 0 474 541 319 69 108 387 171 194 244 274 173 245 488 297 65 392 369 59 112 111 439 391 373 254 558 264 303 224 458 93 208 108 320 395 343
154 94 607 526 252 275 47 554 388 329 267 502 158 148 536 506 668 74 489 444 211 665 225 405 40 404 271 133 287 376 341 230 309 453 96 572 92 384 159 298 513 553 547 112 96 451 477 287 561 441 67 266 293 445 439 382 181 278 346 629 293 570 327 457 385 73 14 518 130 465 193 137 564 239 492 285 458 462 146 468 154 188 300 143 241 398 170 575 65 203 515 359 200 327 312 107 601 245 441 542 145 197 385 135 401 405 191 675 487 57 329 83 554 233 339 508 0 30 355 508 630 55 387 607 381 194 396 371 254 193 570 431 205 491 597 662 139 138 297 369 23 345 165 572 65 474 377 586 181 217 362
229 62 498 560 296 320 53 579 483 322 242 582 149 132 693 446 518 38 554 445 250 762 222 374 34 433 236 114 297 288 377 280 309 411 72 506 70 422 172 295 394 552 542 124 69 371 406 270 556 392 46 254 315 510 437 371 210 331 280 518 378 475 286 489 440 77 30 509 89 481 204 101 505 228 504 205 586 337 137 408 193 211 259 105 205 334 107 552 91 177 502 396 165 296 272 109 476 243 530 583 100 247 377 142 491 403 208 506 475 36 321 52 404 271 367 566 33 0 423 556 518 34 430 606 432 189 408 306 247 198 554 364 184 594 449 622 141 144 286 373 60 309 165 452 25 406 301 559 181 217 333
472 299 377 108 418 620 410 346 303 91 456 529 411 282 400 103 427 328 490 256 529 457 499 245 342 385 109 417 116 494 121 367 384 151 302 458 326 267 490 542 280 279 120 504 309 374 342 367 242 206 309 105 673 196 286 179 283 463 232 303 494 368 637 404 182 346 434 541 248 367 339 254 171 379 393 351 172 55 269 281 512 416 616 395 132 66 259 511 370 357 162 510 284 586 268 253 178 456 230 305 264 416 101 281 323 311 341 380 570 355 252 343 185 308 375 264 463 400 0 331 364 400 333 535 387 271 389 56 531 233 210 519 367 322 189 443 233 305 510 372 419 50 210 408 345 281 130 377 334 427 480
537 569 50 352 347 509 589 67 113 334 444 145 424 376 65 226 168 546 196 151 506 216 517 246 571 154 381 608 361 398 291 292 314 193 561 230 521 150 493 527 116 50 254 587 519 155 99 342 148 133 480 339 477 165 141 194 355 441 280 99 424 18 506 62 165 523 647 357 480 107 407 462 259 334 158 324 208 349 395 161 552 483 534 716 394 356 493 159 585 417 213 542 440 512 224 468 310 471 123 49 468 347 214 441 125 152 399 38 253 487 280 445 124 311 238 67 599 508 389 0 54 549 178 147 246 309 177 333 587 336 93 398 389 93 152 51 471 436 499 216 493 388 382 228 465 140 313 82 377 441 433
509 604 68 345 268 503 501 126 93 368 388 92 386 444 69 278 145 544 205 140 439 141 420 180 610 139 466 675 340 384 295 360 312 269 480 204 443 157 502 482 66 82 332 464 439 151 81 322 232 160 508 434 592 220 140 184 307 377 300 189 412 36 553 13 230 459 550 236 552 75 348 424 306 298 101 303 214 323 449 140 528 353 501 554 339 344 400 110 603 393 299 407 481 422 185 420 355 438 135 76 462 352 272 368 89 148 345 79 176 574 217 450 180 284 172 91 581 485 324 49 0 455 104 82 174 339 159 409 433 310 148 391 403 122 198 50 526 428 432 177 532 337 342 160 549 133 244 46 378 376 393
185 87 616 430 255 299 72 592 378 265 259 584 131 114 635 349 580 31 426 460 189 527 202 326 69 428 263 140 271 305 318 207 277 439 74 397 55 339 190 273 440 561 471 132 36 396 339 194 522 465 79 285 303 346 385 327 170 249 281 578 254 452 286 488 379 44 54 352 89 466 152 111 597 202 497 204 533 335 140 308 176 165 277 152 181 254 106 630 96 162 414 269 127 285 305 62 445 198 399 450 113 213 407 74 360 339 158 607 507 74 202 59 459 217 400 527 57 37 313 572 538 0 378 450 353 131 306 314 266 134 459 361 175 494 399 457 130 85 331 360 63 304 145 462 32 419 296 502 157 156 245
420 459 187 389 213 488 509 222 46 250 358 160 248 275 201 240 167 343 135 148 358 266 386 101 445 38 337 480 310 254 242 220 177 281 474 149 313 54 454 363 66 168 307 362 369 31 88 211 234 193 394 306 387 231 76 169 210 252 179 244 278 176 465 120 197 377 437 179 341 38 252 424 335 215 88 219 258 317 350 55 356 318 448 460 318 297 288 151 364 293 246 297 378 344 91 282 323 338 205 139 369 238 235 351 60 69 276 181 144 449 131 390 220 178 90 151 383 407 381 167 102 363 0 153 86 264 54 372 413 222 231 261 246 232 262 180 416 315 231 90 377 408 260 112 455 124 270 72 281 284 231
564 526 128 483 323 537 646 190 130 397 431 19 429 385 91 404 35 608 86 207 506 81 399 263 568 88 457 565 388 268 305 298 219 279 617 118 469 199 441 519 145 220 441 455 490 147 156 318 339 266 595 371 428 288 171 314 359 364 367 290 286 110 574 79 251 537 615 202 510 112 392 466 441 280 60 315 365 441 439 210 466 377 466 595 415 503 476 31 476 341 321 431 545 400 220 514 455 364 282 188 587 344 372 422 149 223 416 181 80 500 327 483 302 274 180 187 602 479 465 136 88 579 140 0 150 351 129 441 410 343 208 340 326 211 280 118 508 450 311 181 661 408 386 129 460 228 414 109 362 320 391
277 380 271 454 140 322 382 269 112 363 226 168 231 250 263 360 153 423 130 245 248 293 296 124 380 70 371 491 295 149 287 141 79 366 408 83 304 97 381 368 139 219 417 295 346 73 143 185 288 227 372 333 341 310 122 278 224 241 220 317 196 238 392 168 261 302 371 101 333 124 231 349 474 152 99 175 360 382 313 100 307 200 380 490 382 340 285 212 379 242 308 293 365 264 114 288 462 230 287 248 382 161 329 267 154 130 190 299 133 355 151 376 236 160 6 202 396 382 436 263 180 306 75 172 0 211 27 319 298 211 235 203 169 249 356 228 385 228 205 2 379 364 251 77 381 173 302 163 187 177 171
232 151 356 363 174 366 211 339 248 166 231 398 117 96 358 267 339 151 436 249 205 467 307 135 193 252 157 240 135 235 194 124 214 249 192 329 121 215 265 306 221 293 369 239 101 243 267 120 281 251 226 130 321 307 197 247 34 278 102 382 295 386 328 293 226 166 225 360 175 292 140 148 414 132 319 105 337 194 119 172 291 152 324 302 134 207 75 440 191 144 306 347 173 304 157 105 366 247 294 350 150 117 269 98 291 206 66 359 406 213 88 145 300 78 260 345 228 197 272 336 387 131 282 350 250 0 257 222 297 27 299 291 104 338 327 348 145 64 297 206 226 216 25 305 181 220 132 297 128 120 237
390 369 237 393 167 323 432 244 106 311 276 173 263 275 207 292 159 386 134 199 328 260 288 90 492 58 322 556 287 207 295 190 110 258 366 98 331 68 412 388 119 240 410 337 306 38 126 192 262 247 472 328 388 309 102 219 223 216 207 265 227 172 323 132 219 310 378 111 391 86 205 359 466 160 100 170 318 289 349 77 377 286 358 509 307 378 339 177 355 218 295 322 430 321 90 321 341 232 247 193 340 181 307 265 87 103 213 253 144 368 165 444 275 169 36 195 434 422 409 211 159 380 55 172 30 268 0 373 316 188 272 216 187 276 326 238 390 276 212 37 397 355 269 103 445 147 250 103 211 205 194
487 228 432 173 399 567 359 277 289 32 501 399 272 290 447 100 380 292 480 203 387 575 534 204 336 369 85 332 58 374 88 356 446 164 317 465 240 290 426 547 294 253 130 450 321 328 253 351 256 203 331 57 626 142 288 130 275 426 125 317 521 399 619 330 171 380 303 470 262 293 298 211 188 256 381 287 237 37 167 279 424 317 580 395 107 9 233 403 369 302 172 592 224 516 242 263 179 428 217 251 256 313 106 325 304 278 280 385 391 337 200 299 161 245 310 271 396 290 48 305 364 298 273 399 329 170 350 0 461 216 237 406 349 238 174 394 223 287 393 394 323 37 193 496 330 226 72 369 315 361 429
69 298 500 628 144 67 273 529 387 415 25 497 175 173 519 490 437 280 337 438 45 518 13 363 252 373 416 380 471 171 488 173 208 562 351 290 307 369 78 76 431 515 672 156 221 286 491 207 577 524 363 475 81 585 311 494 272 59 385 524 109 491 68 479 442 192 240 250 289 363 139 302 643 184 343 209 608 586 328 382 79 121 47 340 414 503 285 522 182 112 489 79 369 32 349 303 705 49 552 414 352 142 581 182 449 398 184 590 355 342 290 311 571 204 307 469 221 279 487 456 446 244 313 505 308 250 264 407 0 238 487 137 180 573 489 499 393 223 90 278 268 469 262 345 237 356 409 430 140 149 110
197 213 401 406 154 363 255 327 229 191 223 392 90 73 459 300 402 170 354 239 175 408 252 137 249 277 222 337 154 220 191 109 230 268 179 303 114 187 205 287 294 369 343 203 103 215 211 69 342 291 206 211 284 243 203 245 10 197 90 381 265 337 314 375 262 138 206 270 173 292 109 179 378 90 270 58 316 223 168 207 193 126 249 333 129 234 103 387 212 121 330 312 201 234 115 89 352 176 298 338 137 101 303 87 251 198 45 373 317 243 92 155 300 57 245 280 235 166 289 353 315 167 238 369 243 34 220 244 213 0 329 294 81 348 322 319 173 69 235 238 233 201 58 310 201 248 162 253 95 111 224
579 416 178 225 319 653 494 61 169 228 487 210 398 349 175 139 268 502 363 50 524 281 449 212 588 198 351 563 236 402 198 399 400 100 502 324 476 190 489 564 140 67 174 475 494 177 114 292 50 48 581 312 599 85 161 83 359 429 221 69 487 116 594 162 84 386 434 389 381 174 452 428 175 323 288 291 79 228 390 213 447 425 592 493 310 273 355 273 598 421 109 454 417 539 201 418 191 486 5 70 432 346 135 374 122 141 359 123 281 446 248 448 51 247 289 55 537 440 242 95 138 519 174 269 237 319 234 247 594 310 0 450 355 32 57 149 406 374 415 298 495 273 377 309 523 110 202 161 331 389 402
207 432 406 665 109 163 479 547 292 485 154 361 188 240 368 573 268 389 252 396 139 345 137 239 354 267 474 501 423 43 421 151 89 445 437 188 329 236 228 157 379 499 480 268 299 251 299 164 490 361 493 498 145 535 335 440 218 89 322 556 32 360 161 308 354 282 413 120 352 296 177 457 589 181 280 232 510 571 444 267 238 185 168 546 346 476 338 311 322 181 443 86 397 130 267 353 649 97 404 373 342 147 398 264 272 278 202 472 282 422 250 411 506 235 205 454 417 363 611 455 353 388 244 366 185 259 181 510 167 232 393 0 217 421 484 392 360 277 58 180 358 581 322 202 389 317 356 285 195 198 45
141 258 438 383 65 246 290 372 225 279 152 397 26 52 442 311 315 160 284 343 151 418 179 156 270 293 243 353 283 126 253 45 167 334 220 275 150 191 178 234 315 330 417 132 139 214 246 34 441 305 284 303 202 389 243 347 62 125 185 458 152 368 257 307 277 145 174 216 185 251 38 218 420 42 312 36 457 280 226 190 184 55 185 369 229 294 145 446 158 57 328 193 296 169 131 129 508 125 356 311 194 25 279 79 282 192 28 412 333 220 122 191 310 58 199 314 180 180 308 416 306 183 215 304 225 100 175 268 178 86 320 209 0 327 428 431 196 69 137 231 209 361 123 324 217 229 270 294 27 25 157
521 536 139 200 402 638 587 29 175 293 455 271 369 345 194 165 278 532 328 84 569 303 461 209 478 226 361 497 290 451 191 391 406 111 513 376 468 191 487 690 171 50 240 570 404 198 107 382 63 83 496 258 655 107 175 120 361 475 234 40 411 123 640 128 117 442 476 425 432 204 482 539 208 412 256 339 103 202 454 237 517 382 561 666 350 296 411 237 523 421 148 586 379 575 241 433 204 524 28 76 511 428 174 366 145 184 434 119 369 524 259 554 85 279 296 54 636 532 244 107 139 420 199 273 280 375 220 289 484 320 24 495 324 0 59 183 439 399 467 253 546 264 377 294 423 116 232 160 432 464 474
507 408 213 134 437 575 569 90 165 183 519 250 381 357 210 129 295 473 334 64 520 323 621 238 590 318 340 568 221 470 170 384 377 57 456 328 347 190 626 565 211 133 125 588 361 224 179 332 16 67 479 213 531 43 230 86 339 449 214 94 520 205 716 240 87 498 555 372 438 189 376 419 123 328 273 385 26 146 399 196 496 452 637 531 280 231 410 337 457 431 64 499 472 536 263 387 109 493 41 123 430 334 115 366 214 219 333 162 310 556 291 410 49 276 266 108 581 569 200 155 231 526 215 258 283 289 300 224 586 288 58 434 369 75 0 247 365 384 478 330 477 249 342 319 452 150 196 173 367 369 505
554 650 24 428 309 637 673 147 157 423 441 74 370 383 22 292 136 610 214 174 475 119 484 212 660 174 404 566 380 363 289 304 358 241 502 235 593 184 479 615 130 109 319 571 510 207 118 309 224 211 616 424 478 205 168 205 363 501 282 153 438 48 506 49 216 455 545 261 570 110 383 608 329 414 128 365 261 416 478 222 624 518 528 699 437 362 464 93 621 389 292 435 514 536 250 451 328 515 197 113 477 344 305 400 137 205 440 63 169 657 329 505 199 394 222 101 677 570 467 60 49 449 168 112 196 375 199 448 454 345 172 405 357 170 198 0 492 445 421 259 565 435 446 191 594 179 317 83 446 485 392
314 64 584 345 331 461 164 442 374 149 304 461 167 171 464 239 557 109 510 342 308 576 366 296 133 394 109 142 137 308 199 227 407 274 81 534 67 332 285 408 321 488 386 200 103 341 404 214 378 309 141 116 421 304 314 298 159 340 172 422 388 468 465 451 259 172 185 395 50 379 241 58 431 251 511 224 351 239 4 343 325 243 351 203 96 193 58 468 233 269 353 381 48 351 268 90 391 283 412 367 20 224 300 140 423 307 201 470 506 114 238 64 287 233 366 375 161 141 249 389 495 139 389 480 347 120 410 208 288 137 434 422 180 482 360 532 0 112 318 334 172 185 114 482 100 275 209 393 255 226 313
181 144 395 352 144 314 187 378 350 258 232 467 58 26 487 288 453 110 453 320 191 489 214 189 179 366 185 208 208 241 229 110 255 390 181 298 76 270 180 255 324 375 351 116 70 293 308 96 447 330 187 226 308 358 209 329 45 215 150 471 212 466 305 373 291 76 159 295 149 348 84 171 510 104 384 88 374 285 121 221 207 114 274 248 188 288 64 423 164 106 334 253 198 215 156 63 460 190 369 361 109 104 331 26 277 234 52 446 345 137 159 118 360 113 298 419 132 137 294 344 378 96 259 468 249 82 244 268 249 51 343 302 68 430 334 425 152 0 256 270 183 252 62 392 133 315 218 344 93 85 201
171 404 476 568 97 139 377 443 274 388 89 360 168 199 375 517 302 362 296 481 106 456 122 282 332 233 461 400 449 58 353 146 101 453 406 239 315 301 157 146 391 419 483 207 293 249 325 153 584 469 363 353 130 432 307 474 221 38 296 448 27 487 143 365 387 211 328 195 348 346 144 416 563 178 343 146 529 540 352 235 193 148 163 378 385 400 320 442 260 135 438 76 368 98 269 276 604 61 434 361 370 138 429 207 382 310 167 501 312 414 215 369 469 174 230 370 289 336 436 477 375 313 241 319 189 232 193 527 109 219 492 46 166 455 439 472 421 199 0 209 362 410 288 207 289 354 376 363 168 152 24
291 451 261 501 124 375 401 282 117 361 306 180 262 290 265 333 141 402 127 225 274 220 339 150 439 67 374 565 343 174 298 184 82 348 364 74 325 110 311 370 138 252 460 325 306 82 165 183 313 288 424 311 303 284 133 284 253 195 259 297 152 227 386 172 269 311 422 102 414 122 224 409 428 170 117 182 345 333 333 88 340 221 336 469 327 356 318 187 418 265 330 258 375 309 124 357 405 232 280 197 405 157 319 283 158 129 241 310 133 423 154 375 305 141 9 224 359 339 407 215 174 363 92 148 2 226 32 417 317 207 303 161 215 252 322 254 422 243 192 0 353 393 255 75 359 160 285 136 224 180 177
166 142 594 452 328 243 86 620 448 383 215 636 173 155 601 448 658 97 538 452 193 765 258 378 62 429 304 133 278 297 330 295 318 513 133 575 124 357 132 328 422 556 451 107 94 438 451 236 632 498 82 336 291 498 452 432 204 224 343 541 307 633 293 493 469 80 19 372 143 414 166 170 684 221 446 262 496 386 208 359 166 195 234 144 263 345 150 699 59 214 597 365 211 261 390 133 611 220 584 570 189 248 477 122 536 460 176 613 548 75 341 117 491 299 366 569 21 56 424 648 564 71 381 634 392 245 361 408 253 229 448 366 232 481 549 637 165 164 272 359 0 384 231 440 84 438 344 546 178 194 353
507 260 484 180 396 606 284 319 299 62 519 487 311 314 515 118 506 260 448 277 457 483 548 291 352 454 72 282 62 412 127 342 454 164 232 460 269 288 475 513 310 385 152 446 251 366 310 291 257 262 298 52 609 222 255 157 208 411 174 369 502 387 490 354 180 310 312 555 225 363 299 223 255 330 385 294 222 65 175 333 493 336 481 351 96 30 205 439 439 398 199 479 206 512 231 213 220 475 261 284 240 292 144 247 285 257 325 422 420 316 256 222 208 293 437 295 378 311 59 413 402 336 297 487 432 192 356 37 528 264 252 445 295 348 260 425 170 264 404 448 366 0 200 421 288 292 109 354 319 366 437
251 129 440 342 197 375 222 326 303 154 242 367 129 80 371 265 344 146 464 318 273 430 228 151 225 290 137 287 135 240 196 159 264 261 157 379 110 248 231 318 300 329 320 190 108 219 293 126 383 314 176 168 348 255 192 240 60 300 110 392 301 333 383 355 220 149 170 382 108 317 132 131 365 124 333 122 385 262 89 190 257 152 368 304 104 172 55 478 207 187 355 334 148 312 174 67 367 217 310 277 98 162 250 75 263 182 86 361 359 151 114 131 302 108 225 332 194 170 232 359 397 148 238 343 239 25 302 177 277 43 322 330 130 353 371 393 108 63 266 228 188 199 0 399 156 263 143 289 137 125 302
371 562 266 494 190 337 514 301 172 357 300 149 327 373 218 432 87 484 55 287 280 175 362 225 576 85 473 633 430 198 347 270 131 369 426 16 467 187 367 433 187 294 425 393 390 133 210 232 377 325 529 458 402 382 174 368 264 247 299 356 251 220 411 157 345 438 498 71 471 115 302 478 440 239 58 245 349 498 425 161 358 309 367 512 420 375 453 163 439 315 349 325 581 348 202 428 518 338 265 242 438 306 407 386 144 170 255 297 35 575 264 522 296 285 98 216 543 456 525 254 179 475 128 122 92 308 89 444 397 343 273 191 239 307 333 205 429 379 267 91 467 511 409 0 470 249 399 168 297 255 195
199 47 642 514 291 376 62 591 413 239 244 617 165 124 649 344 549 12 461 447 270 594 232 291 44 468 229 113 271 383 293 200 356 434 61 485 53 310 235 357 503 529 417 154 67 428 415 236 524 402 49 265 334 386 392 332 151 255 272 444 321 444 322 467 390 82 56 420 59 419 181 76 562 239 486 191 427 386 116 305 228 200 303 121 179 276 100 529 107 203 458 346 135 354 349 80 466 297 510 529 71 202 407 121 392 402 162 479 584 29 233 34 437 213 344 403 57 30 297 521 450 34 384 541 336 170 330 318 294 185 445 384 167 459 426 476 90 104 372 361 86 260 124 400 0 360 284 427 184 207 345
482 361 188 285 277 472 367 161 61 169 394 237 270 293 172 167 204 420 278 63 343 347 385 81 452 149 306 509 238 351 149 236 250 114 436 270 385 72 415 417 63 113 231 382 293 98 52 233 129 84 394 252 451 121 52 87 231 388 108 151 338 154 513 131 72 324 428 251 309 124 287 337 289 202 162 179 164 179 294 86 466 304 541 447 220 209 322 229 449 318 204 351 327 357 96 338 275 413 100 87 356 246 135 260 81 53 244 187 224 426 115 342 80 157 149 84 433 343 252 134 160 355 112 220 163 211 147 215 378 237 124 354 275 134 137 158 337 286 321 179 380 268 217 230 351 0 126 93 274 300 355
433 309 339 210 285 466 306 248 222 47 371 421 285 239 317 105 385 282 405 136 442 507 435 181 359 317 125 369 93 345 18 257 352 100 264 369 271 200 389 522 240 224 190 332 255 226 214 272 167 145 304 80 454 130 200 83 189 441 70 250 357 283 563 305 87 318 311 397 286 224 316 260 263 239 288 216 191 92 219 193 384 284 545 341 128 63 175 407 335 314 172 411 260 486 158 212 196 333 216 242 227 273 76 216 202 154 246 324 391 293 172 301 145 208 306 232 403 337 140 284 286 291 220 311 275 140 272 75 371 183 204 387 282 240 154 328 232 214 440 282 405 116 142 418 331 169 0 263 291 276 391
525 521 102 313 302 419 532 157 54 298 403 88 378 330 105 309 109 516 143 160 458 212 384 154 600 92 355 647 343 325 260 313 249 195 438 177 467 116 539 525 39 109 334 517 450 95 67 309 219 164 551 300 514 197 114 210 265 434 242 190 326 64 437 31 164 413 567 194 489 27 398 415 390 301 103 263 195 338 371 100 435 348 510 680 329 366 435 130 562 343 254 450 480 422 157 441 365 359 179 77 452 327 218 379 45 122 335 136 185 437 230 473 159 258 164 91 589 540 380 69 41 380 71 92 139 343 128 296 504 309 152 335 283 136 201 98 435 409 407 140 548 325 320 176 441 124 221 0 340 373 352
151 257 427 430 66 238 218 387 292 314 120 334 33 52 456 415 337 198 388 344 100 539 123 176 265 297 250 332 316 142 254 49 173 323 253 304 192 217 126 216 275 386 440 134 127 215 263 55 354 389 261 317 242 395 201 277 86 134 228 515 159 356 251 317 332 122 161 281 197 324 19 224 494 67 262 76 387 297 257 255 148 34 188 276 270 349 158 447 166 29 437 184 248 162 206 163 486 107 357 366 238 23 357 95 281 227 51 447 356 201 163 226 384 103 192 386 217 233 418 369 426 182 258 317 178 115 255 304 170 105 350 168 23 400 365 427 222 95 152 199 202 303 121 247 190 293 277 364 0 0 146
149 228 496 491 84 190 229 496 314 318 134 385 26 63 506 379 340 206 341 330 96 487 133 217 201 280 252 280 269 151 270 59 170 330 264 330 170 205 122 210 325 343 515 121 141 190 257 53 374 374 290 287 242 417 250 369 98 121 200 393 128 437 199 395 342 126 221 233 211 273 22 278 529 71 275 69 425 404 248 227 131 27 183 276 253 321 138 428 155 24 456 180 287 174 179 144 416 107 427 368 190 28 305 78 246 206 59 391 361 195 128 202 353 97 172 392 239 179 341 439 350 160 257 356 239 144 191 366 152 98 431 197 22 370 371 368 190 74 170 184 214 352 140 247 201 290 244 378 0 0 134
176 375 373 565 93 148 340 409 269 416 106 326 182 224 432 423 363 300 271 407 111 410 114 234 385 239 487 398 371 26 361 113 97 415 356 238 344 222 157 171 348 379 498 239 279 199 372 149 543 336 400 456 123 470 272 441 212 43 265 496 18 393 172 414 459 250 345 167 376 297 170 364 640 114 255 156 447 502 373 252 157 106 154 474 357 445 266 405 232 121 496 82 424 122 202 263 595 67 393 391 344 136 404 236 308 313 178 507 244 351 194 298 401 200 149 374 272 339 570 419 328 306 226 324 164 256 233 473 132 237 469 51 161 492 529 349 407 212 22 168 290 501 281 211 351 321 327 358 134 113 0
