0 760 375 267 276 170 365 416 151 556 522 558 571 607 663 323 539 606 325 325 212 224 42 599 350 289 77 303 341 293 210 231 281 229 84 33 507 346 699 408 507 633 302 514 76 514 373 131 360 410 129 203 186 175 644 94 467 333 121 352 246 586 577 592 172 288 562 412 287 432 131 496 266 446 510 393 608 444 403 224 671 489 532 501 346 194 582 159 308 327 370 157 464 72 451 524 676 593 691 659 332
703 0 337 492 456 651 524 541 667 256 223 184 501 175 372 355 206 190 476 575 414 560 558 212 411 404 684 384 282 427 611 540 403 418 695 583 142 378 185 620 246 256 659 118 723 440 329 641 478 402 591 816 521 755 53 557 256 657 595 294 449 173 219 150 552 371 508 519 671 291 645 255 424 289 241 445 59 337 264 616 183 157 150 239 620 511 246 750 584 494 313 513 339 854 218 152 383 352 143 137 325
323 299 0 156 268 309 352 306 265 174 143 152 360 201 388 110 151 281 278 381 213 259 332 284 75 117 319 143 61 111 304 206 133 104 274 342 215 73 286 347 292 291 381 233 325 334 139 331 257 200 250 409 198 366 284 256 113 321 282 51 85 182 186 176 265 101 442 302 331 123 254 266 83 118 187 273 312 29 106 211 356 140 146 102 297 258 254 478 252 310 121 232 126 470 154 333 383 310 245 241 56
235 401 180 0 134 209 199 168 213 213 301 349 262 310 409 258 274 340 147 226 46 239 232 355 238 105 163 102 238 58 262 30 35 49 199 216 347 155 382 233 323 335 174 310 174 256 325 152 153 286 250 238 18 216 459 171 264 402 142 151 81 311 327 286 228 137 452 194 303 317 214 270 117 147 267 183 398 230 228 185 358 326 350 233 279 76 342 227 102 146 181 53 315 252 254 444 438 355 366 368 141
316 461 248 166 0 370 70 59 368 266 444 368 162 327 322 434 315 420 21 60 110 337 281 352 291 146 206 137 314 202 467 123 173 227 312 326 423 349 433 60 300 347 40 444 277 166 359 174 106 531 428 278 141 188 413 227 349 571 188 250 250 372 308 348 350 235 311 55 438 453 361 270 257 251 257 87 486 349 395 384 405 384 426 392 487 138 310 256 37 21 247 188 446 267 293 447 320 266 365 457 240
170 673 283 233 370 0 404 372 14 473 405 382 473 537 543 255 487 472 391 402 294 39 219 590 263 338 162 299 279 219 30 227 270 260 131 165 449 231 626 383 631 491 439 505 256 480 337 235 369 222 27 282 270 306 658 178 410 152 208 348 218 552 495 492 9 173 739 434 85 306 67 609 181 366 418 515 538 263 365 78 535 470 432 407 127 319 477 310 321 472 438 206 306 288 491 545 665 553 562 455 236
394 553 342 185 67 389 0 78 439 273 533 451 118 361 262 441 369 394 62 12 173 430 329 293 391 237 260 165 472 260 455 220 233 236 361 384 484 387 440 39 284 313 63 446 310 136 482 278 109 560 513 273 213 218 529 256 362 651 268 300 263 302 304 348 379 311 241 11 511 498 424 267 374 247 314 55 494 353 417 406 374 426 493 407 601 201 288 288 99 57 261 288 400 428 255 366 231 264 439 365 308
350 409 275 143 60 410 63 0 391 201 433 373 110 298 245 337 304 296 80 62 120 369 329 224 305 129 318 118 372 214 473 124 191 210 314 323 382 273 305 82 277 279 95 376 340 109 420 254 40 386 412 269 154 206 379 289 340 453 281 193 241 259 251 381 463 233 236 57 512 464 385 258 236 168 214 41 461 332 358 345 323 367 388 312 545 167 258 286 65 32 185 204 385 338 235 317 272 282 357 368 253
166 637 294 263 355 19 404 410 0 395 388 458 451 525 657 220 419 590 433 417 253 48 178 580 216 315 196 394 295 211 47 274 253 245 106 114 415 230 568 374 601 550 361 467 223 435 269 197 428 265 17 269 222 324 640 185 400 133 160 337 216 436 528 453 14 154 584 399 108 304 48 498 224 388 435 489 611 310 349 71 521 430 490 331 173 236 570 294 334 353 414 171 313 231 443 671 695 628 449 492 215
412 275 150 272 233 427 265 236 491 0 188 186 222 109 224 314 99 103 235 298 254 428 517 87 278 132 333 145 189 237 418 253 222 234 463 494 197 285 171 286 100 97 330 136 373 160 251 336 139 423 448 532 296 445 261 360 186 559 337 116 189 61 46 114 398 273 236 288 456 260 424 101 215 68 19 203 249 160 235 378 192 136 168 180 499 257 120 544 211 279 41 281 292 491 16 128 231 140 142 141 213
520 246 131 347 479 406 482 390 393 219 0 51 477 205 413 140 102 218 409 395 313 290 475 257 142 206 423 259 126 283 396 367 278 279 440 429 92 194 235 507 246 290 489 178 455 433 101 441 302 220 362 493 348 417 272 410 41 313 469 137 201 181 251 131 347 240 487 454 330 101 391 237 197 191 181 394 180 111 72 324 296 72 59 43 316 460 363 648 443 379 180 290 94 566 195 258 419 308 202 190 166
547 158 141 310 326 355 355 330 360 142 46 0 361 151 315 199 70 177 398 362 346 327 437 223 176 211 483 229 119 245 434 314 278 268 414 513 68 212 182 428 252 259 419 147 473 342 162 375 294 250 368 541 279 446 225 381 53 445 426 130 219 159 175 96 432 228 476 419 399 165 400 221 232 148 146 314 127 122 97 336 233 37 25 51 375 391 320 643 391 390 172 372 143 515 170 221 499 269 177 178 170
465 500 371 239 173 582 125 122 517 209 497 391 0 304 191 410 315 277 177 111 223 605 462 263 467 220 404 237 485 318 588 230 306 341 449 446 386 461 326 137 275 209 181 295 436 57 506 308 123 533 556 390 274 367 481 344 347 704 360 278 336 302 197 372 606 351 136 132 542 437 546 229 394 280 280 80 393 321 383 531 280 390 382 401 632 250 176 486 210 160 274 328 509 527 241 287 128 184 387 286 325
605 174 266 301 389 513 372 327 573 80 194 178 260 0 172 357 83 33 415 395 365 534 592 82 282 272 486 237 220 330 527 333 277 262 513 568 150 284 66 395 61 77 422 32 542 276 299 517 250 334 583 525 299 537 132 559 231 572 450 161 333 33 75 77 497 329 339 312 549 262 455 77 316 166 75 276 173 241 247 513 92 104 153 168 555 364 148 546 365 317 141 339 303 528 81 70 279 149 39 38 301
612 381 362 421 309 521 314 248 711 212 387 304 200 204 0 436 289 215 360 258 381 620 558 142 448 341 572 241 477 415 654 368 332 407 635 692 314 522 164 283 112 116 327 227 535 147 473 492 253 563 525 560 355 497 265 534 402 753 424 304 354 226 147 307 673 404 125 286 632 542 469 130 465 299 214 234 405 321 353 547 166 270 387 419 596 391 71 502 279 270 230 419 390 550 236 165 115 44 208 206 448
318 392 116 212 432 228 456 339 261 285 168 213 497 380 481 0 255 302 357 391 245 158 347 326 44 267 364 277 67 212 200 316 192 218 281 300 288 70 379 436 384 408 395 297 325 388 63 381 393 76 228 548 293 362 409 355 141 186 311 181 163 267 286 281 202 127 594 415 236 55 207 399 117 267 248 420 362 104 98 148 416 258 222 129 182 308 389 508 375 447 255 272 68 434 242 378 582 415 311 354 109
545 203 142 298 383 439 414 306 407 113 128 67 303 90 297 228 0 113 411 311 342 455 465 181 220 221 359 206 173 259 408 341 244 226 452 411 58 217 162 458 148 203 378 101 558 263 226 443 261 288 373 595 280 495 204 404 91 476 370 125 254 78 139 47 454 226 388 379 444 201 382 164 232 147 91 315 160 132 165 330 159 35 65 98 392 387 176 572 360 300 121 321 166 525 95 148 382 203 126 102 221
584 177 302 373 388 563 324 276 552 107 225 181 303 30 215 384 137 0 372 353 319 438 527 71 357 226 576 219 308 296 646 423 370 383 575 483 139 355 37 467 58 67 428 37 593 271 342 453 299 363 640 556 355 441 117 463 196 599 468 210 376 72 78 89 513 303 267 358 565 367 497 87 289 169 124 364 146 297 265 423 41 136 157 223 525 464 108 612 412 304 140 400 276 703 132 35 294 153 36 41 282
292 623 312 177 19 360 80 70 391 235 472 426 178 323 321 379 329 386 0 55 107 412 252 371 333 195 230 154 403 202 408 109 160 187 302 290 485 334 476 54 358 396 28 459 230 139 497 171 117 519 413 266 140 143 491 240 358 564 203 269 260 302 286 438 324 280 347 77 502 498 335 310 307 238 290 99 547 340 361 370 377 419 486 411 458 96 368 279 52 37 271 170 354 325 244 389 267 286 476 419 289
424 583 381 212 49 503 11 67 436 278 435 439 126 408 291 440 426 382 50 0 186 531 379 351 445 209 265 164 385 220 411 163 224 241 299 387 436 344 362 35 324 275 54 353 269 111 394 222 124 538 368 253 231 220 507 319 444 642 249 288 287 330 261 384 416 358 261 11 507 432 327 352 284 257 291 66 518 399 436 443 341 382 389 363 540 151 288 324 85 41 243 215 434 302 248 447 216 330 453 386 347
236 497 180 50 114 287 179 138 278 253 310 278 279 289 403 254 324 404 128 180 0 258 205 340 238 109 142 109 283 92 291 17 69 92 195 246 352 257 399 193 373 388 139 352 184 185 294 120 139 328 259 196 39 184 439 149 305 410 153 222 162 320 330 378 298 174 344 165 373 324 255 300 199 174 219 178 504 200 294 217 465 281 366 288 323 50 344 222 75 105 196 88 332 287 260 401 304 328 334 435 177
202 574 262 233 358 40 497 467 59 423 374 400 554 462 525 214 403 521 411 387 265 0 243 470 222 307 232 391 254 201 42 319 222 242 143 209 465 184 609 470 551 516 386 539 239 412 246 290 371 196 75 406 271 327 511 192 280 91 204 336 190 461 527 405 45 155 576 461 70 243 70 500 215 398 360 393 436 274 317 65 599 374 378 315 88 266 469 366 368 348 322 195 255 343 348 616 679 491 429 470 225
57 704 332 206 325 199 392 360 191 393 443 480 398 612 546 365 502 605 284 374 206 232 0 517 293 326 55 284 357 244 259 212 189 217 100 71 599 322 613 287 610 555 287 581 19 435 441 83 333 388 160 117 168 144 744 57 464 354 85 319 246 476 451 452 172 293 497 368 352 400 170 534 249 349 445 335 559 331 495 241 671 446 582 411 328 140 519 128 259 348 403 159 354 74 380 653 477 471 611 594 312
616 231 294 315 336 570 312 264 520 83 281 230 244 70 132 348 148 81 343 261 318 531 578 0 302 208 454 205 333 259 501 368 307 281 519 538 200 387 86 290 17 24 342 98 497 168 336 489 244 509 545 639 290 474 197 432 245 500 413 174 284 91 39 168 596 396 219 257 475 370 447 6 343 161 91 220 271 246 316 450 95 198 231 236 473 416 62 631 316 291 126 426 287 651 88 88 230 89 126 122 343
387 321 87 220 395 228 463 323 252 277 156 150 474 263 520 46 217 352 324 422 274 222 320 296 0 158 308 243 44 143 205 271 177 172 272 287 219 26 323 342 397 412 450 343 322 358 76 268 286 98 220 395 200 391 362 330 121 243 327 167 113 275 306 257 217 95 491 407 207 87 190 295 77 197 213 367 336 68 77 157 346 217 191 150 174 320 407 383 324 377 218 214 76 449 214 424 536 373 308 373 60
385 395 116 104 158 324 189 163 280 125 276 227 222 239 301 237 218 267 171 237 120 265 323 215 207 0 263 38 203 70 376 117 98 85 294 322 236 187 328 204 232 290 211 264 316 160 217 204 116 317 262 313 132 264 349 280 203 370 202 97 90 215 217 247 270 142 309 179 355 210 267 246 133 65 130 212 370 158 212 258 261 260 271 174 307 170 238 355 137 154 95 161 259 365 139 269 332 233 309 305 140
81 587 261 164 280 171 280 236 195 338 405 434 381 489 451 278 424 435 206 335 186 183 51 453 302 267 0 252 365 153 205 156 191 190 60 81 482 243 563 279 475 440 287 463 53 405 402 59 242 390 186 146 140 124 700 10 427 288 18 365 172 402 377 417 157 234 454 322 305 346 122 442 241 340 344 279 561 334 347 164 507 513 487 377 350 134 566 135 212 232 333 82 409 128 387 514 447 566 501 444 235
305 408 161 127 142 294 197 102 336 145 308 267 188 207 287 313 187 291 151 187 107 317 370 222 199 44 236 0 190 118 377 120 105 120 285 280 302 225 253 206 239 195 175 246 359 155 302 258 76 358 402 312 133 269 362 237 219 468 235 122 144 188 199 247 311 196 285 207 391 249 257 215 187 66 124 122 336 189 241 315 325 228 295 201 369 189 206 300 136 116 84 164 296 416 155 312 277 237 254 276 161
338 346 68 214 312 244 377 325 310 193 96 122 404 280 367 73 177 306 391 393 231 226 413 327 48 191 269 190 0 164 297 272 196 180 323 374 213 69 354 473 344 343 338 279 362 404 66 365 319 143 306 536 219 451 328 309 86 241 269 142 137 261 291 207 273 109 477 373 315 54 228 292 87 171 222 335 293 38 41 240 357 150 175 98 261 277 314 412 350 329 177 277 48 469 223 298 469 387 310 307 93
282 450 118 43 189 234 270 160 202 230 300 231 301 290 373 211 276 283 227 204 86 233 223 332 165 71 190 122 199 0 297 75 18 8 180 215 256 111 398 286 360 287 231 353 223 257 225 157 138 291 209 320 74 254 415 191 222 319 195 152 51 265 271 293 199 90 464 211 282 222 182 302 99 145 186 194 417 157 216 160 433 259 307 224 328 133 342 264 175 179 160 98 255 319 210 315 351 392 317 305 82
207 596 304 273 474 35 447 388 53 404 419 481 592 567 678 211 510 592 433 522 333 51 220 638 258 291 236 411 252 293 0 254 246 230 133 185 410 221 515 445 590 505 481 534 289 500 247 312 417 203 54 343 305 337 642 215 351 93 203 318 250 444 508 488 38 184 594 502 71 326 104 481 231 424 472 469 567 281 345 108 643 439 431 348 100 344 503 402 424 478 464 241 320 238 409 617 582 567 589 563 252
269 533 229 26 123 276 205 158 293 244 379 314 309 290 341 257 326 391 113 192 16 248 199 365 275 114 166 117 269 92 312 0 60 74 162 193 371 224 424 196 355 362 139 415 172 195 294 141 130 344 248 233 24 161 435 165 319 432 140 175 121 332 250 404 275 164 318 176 338 332 186 323 173 212 227 168 489 263 327 220 443 370 404 309 367 49 300 264 75 121 217 66 321 275 256 385 399 332 424 372 162
211 487 119 29 174 245 236 189 254 253 325 280 313 341 344 217 297 384 221 238 78 249 204 294 167 81 159 111 197 16 284 60 0 24 175 232 349 160 375 280 369 353 196 341 212 239 288 140 139 312 209 303 42 221 492 197 245 327 149 135 62 262 275 330 203 102 463 223 337 222 194 341 81 163 200 247 376 140 234 184 446 325 299 271 278 126 392 294 148 193 164 75 252 263 245 332 352 340 394 374 128
267 403 133 60 196 257 283 171 246 194 268 219 276 307 373 178 218 282 216 255 114 212 239 336 145 72 209 123 154 8 225 98 23 0 214 230 309 122 365 275 342 285 226 285 220 245 256 205 152 274 265 302 64 235 371 176 184 359 196 152 44 278 281 331 229 81 446 223 343 248 182 309 77 125 251 256 360 168 238 146 387 303 298 249 278 129 361 331 144 178 186 72 221 309 247 341 384 347 356 374 77
83 659 270 160 330 102 362 357 109 467 391 397 388 413 545 260 452 458 254 324 192 141 105 426 257 263 60 319 294 167 154 211 153 211 0 55 459 247 590 325 473 606 294 568 93 482 326 102 272 254 84 236 138 225 584 77 324 264 78 281 170 446 529 423 124 160 608 417 193 290 85 483 173 331 417 405 600 314 341 104 588 479 431 391 264 183 468 169 251 299 360 104 391 131 445 497 473 600 492 521 186
34 738 337 186 350 155 348 339 125 471 526 467 433 605 652 298 477 622 357 412 243 186 74 580 308 346 88 297 379 252 152 257 229 265 51 0 443 259 678 412 604 605 362 600 85 398 354 141 375 306 97 219 198 189 621 76 419 279 108 404 242 492 460 478 159 205 554 384 226 440 125 570 271 400 450 382 559 408 404 155 685 540 474 402 266 225 602 190 273 303 465 184 370 123 391 627 500 514 629 646 299
638 137 216 343 373 395 442 392 421 162 83 54 397 144 328 246 60 143 411 492 378 476 563 171 267 293 472 272 169 348 494 397 327 264 472 504 0 220 156 454 165 201 532 109 593 315 171 471 332 279 423 673 350 503 123 441 93 496 448 171 324 123 189 66 494 327 439 447 483 174 371 237 289 176 132 392 82 159 129 465 201 44 32 114 372 398 253 512 445 370 204 439 186 614 175 171 392 302 109 127 261
268 379 78 184 359 225 445 282 231 247 204 226 474 313 468 68 234 377 365 414 241 198 325 335 32 177 218 183 72 128 256 184 145 115 245 249 216 0 408 358 361 353 345 336 323 327 125 247 265 155 258 397 172 316 412 226 158 203 215 149 80 283 328 268 203 48 418 430 198 104 152 362 46 216 251 330 329 93 100 139 416 251 188 131 181 267 336 351 311 303 232 158 107 383 283 322 550 363 386 346 39
618 157 258 457 361 555 431 294 660 168 255 240 338 70 191 431 162 37 450 391 370 599 693 76 414 312 583 286 324 407 622 425 353 344 548 530 185 359 0 432 53 62 448 63 575 250 311 457 334 482 510 610 477 538 132 559 291 558 486 275 388 108 124 126 649 457 258 442 555 412 615 75 401 232 155 366 210 321 262 535 14 179 217 294 588 503 120 641 379 355 187 430 380 570 156 3 320 153 71 52 335
390 502 305 206 52 398 34 93 407 305 509 444 148 367 323 491 370 416 49 30 193 407 264 401 455 235 301 176 351 261 408 208 227 264 335 382 536 364 394 0 326 315 24 446 318 184 409 203 119 541 466 286 197 199 607 297 506 524 234 302 296 400 327 371 448 286 267 44 583 522 357 332 298 294 363 84 510 379 434 453 398 441 479 414 552 167 382 285 101 73 342 213 433 333 351 489 242 286 430 406 369
509 238 298 354 340 510 362 286 569 94 304 195 249 55 146 363 159 62 373 353 302 533 520 18 301 281 496 193 288 275 500 293 312 360 506 650 203 331 65 413 0 17 366 108 523 186 355 477 222 469 517 659 366 566 200 471 266 624 481 193 271 93 67 143 621 415 235 283 632 344 427 23 358 204 109 262 241 287 272 447 70 211 194 224 539 441 69 554 380 275 158 369 284 645 93 52 199 77 86 83 277
490 230 292 357 282 472 320 289 613 107 271 271 243 95 110 376 154 66 372 284 387 578 593 19 403 275 428 214 373 296 620 360 294 350 496 636 193 406 72 335 20 0 406 130 543 195 351 480 276 411 531 575 344 540 166 568 281 693 551 242 334 88 60 142 501 313 218 265 673 369 536 31 319 194 125 295 273 275 332 553 95 192 203 280 531 391 49 490 345 290 178 453 357 585 116 59 228 79 109 99 322
388 490 307 208 40 473 64 97 468 253 452 449 155 336 389 380 356 414 27 52 125 404 258 315 430 186 233 221 343 254 418 151 220 242 341 355 488 344 427 23 429 353 0 432 301 152 444 209 157 491 403 250 176 138 525 267 482 623 260 283 256 307 305 436 413 306 248 59 454 442 326 380 291 291 330 96 448 390 464 342 494 419 500 492 472 158 377 244 75 56 243 192 380 261 300 363 249 358 489 416 289
558 120 266 407 357 480 388 287 567 130 214 163 280 33 208 296 101 37 452 442 339 531 526 106 275 278 566 237 276 332 498 380 292 276 477 638 104 350 68 388 80 112 433 0 507 281 260 537 317 329 545 647 421 547 113 560 207 581 448 185 273 68 100 54 498 371 379 421 483 329 479 132 355 171 96 292 121 246 238 442 84 105 129 183 440 416 145 549 425 321 177 341 298 725 135 71 347 209 13 15 257
71 565 362 201 287 242 357 324 234 499 546 548 460 576 517 343 557 476 223 271 235 261 24 519 401 290 70 308 404 233 283 183 191 274 102 89 556 319 682 259 627 566 297 635 0 386 403 77 369 449 168 105 199 116 709 53 468 410 69 353 237 458 449 571 243 265 523 366 290 468 167 529 320 399 402 315 518 415 372 223 603 548 540 425 358 151 622 77 241 285 404 139 470 58 484 687 492 616 517 635 320
453 365 272 212 124 478 126 93 463 195 432 287 53 246 189 434 287 223 138 134 228 562 372 200 355 163 366 156 339 248 600 201 211 234 385 375 391 335 254 158 220 212 187 330 356 0 431 310 87 459 495 382 271 273 373 423 302 622 364 204 316 194 176 303 478 327 139 96 523 353 430 184 270 172 186 65 389 299 356 417 278 329 352 339 572 248 190 415 149 129 187 306 435 510 184 263 128 139 253 322 278
420 337 130 293 418 282 401 357 262 283 96 123 501 299 440 60 211 279 467 519 323 277 408 352 71 226 365 279 57 229 249 325 279 251 350 438 175 102 330 400 366 328 519 282 361 389 0 348 339 92 275 603 287 420 373 345 94 241 366 182 216 287 306 245 258 193 588 395 312 2 258 359 167 259 247 374 230 89 48 257 374 180 154 94 220 392 426 578 344 469 256 300 17 561 268 414 450 455 315 278 134
151 564 280 130 165 261 299 256 212 375 397 487 325 486 422 297 398 541 167 209 120 242 85 419 297 273 50 265 347 186 248 124 186 190 133 124 555 317 551 218 449 419 212 456 74 291 456 0 246 445 209 148 102 78 645 37 402 350 39 266 250 364 434 457 215 230 430 244 285 383 183 440 253 287 372 280 518 289 426 209 520 501 534 465 326 93 535 121 161 243 330 88 351 131 426 474 472 435 468 478 245
366 415 212 165 100 424 125 40 325 190 294 353 142 266 209 381 251 240 99 127 124 451 328 233 306 116 278 82 337 178 484 162 172 159 367 362 321 280 278 136 230 203 130 247 371 93 356 244 0 408 369 291 167 265 409 270 346 522 301 192 191 218 221 267 355 238 250 103 456 318 389 203 273 151 216 76 446 234 312 312 278 308 376 309 423 167 183 391 98 74 166 232 325 388 199 338 265 215 345 282 207
392 467 180 338 528 229 585 466 258 342 232 237 555 341 642 85 320 388 409 452 389 176 360 481 129 297 391 313 135 285 215 348 255 285 323 398 281 130 482 496 508 468 417 410 386 413 104 382 431 0 223 475 371 540 393 400 182 202 305 277 251 319 427 348 189 191 692 558 201 98 192 431 187 341 347 418 370 158 130 159 438 265 236 212 133 420 490 423 361 525 304 298 102 429 326 536 614 584 411 398 198
147 571 321 220 340 36 406 448 18 442 342 357 590 547 699 263 513 638 346 500 275 85 173 472 216 295 148 293 328 250 69 237 259 234 81 120 530 243 660 359 632 555 339 560 211 510 358 235 378 272 0 272 217 286 607 165 348 152 156 349 213 488 576 525 36 199 611 482 118 266 48 558 217 323 437 408 479 262 373 76 507 444 390 328 184 270 533 254 293 400 418 173 363 196 411 510 613 548 518 611 212
190 808 363 250 219 361 272 265 335 433 508 484 439 646 528 513 594 639 254 273 244 373 129 521 442 294 162 300 414 274 320 197 274 268 243 170 538 394 675 228 609 627 247 552 116 338 557 137 375 504 264 0 225 64 622 164 522 520 182 414 302 613 465 642 373 388 442 308 444 494 314 541 352 407 448 338 733 506 522 276 678 564 572 494 515 171 534 23 246 285 422 242 561 94 444 726 607 587 715 533 345
235 479 188 19 148 214 194 182 221 264 331 292 269 388 396 277 323 440 169 200 51 221 199 307 190 134 133 114 226 77 241 23 58 78 174 206 393 222 425 203 351 335 166 327 209 231 251 133 162 314 200 209 0 189 482 133 339 297 108 166 125 358 345 378 203 151 404 224 362 342 196 374 139 198 265 215 448 188 272 171 418 355 328 338 365 68 316 198 121 151 226 34 319 228 285 408 358 419 416 359 177
184 739 359 199 193 333 231 197 267 441 476 487 382 484 445 437 403 579 155 250 183 337 133 407 371 292 133 280 342 271 346 153 211 224 227 197 504 349 519 197 439 570 152 546 100 343 517 82 236 518 261 74 159 0 603 132 428 454 122 384 242 400 397 599 272 304 441 239 415 540 229 413 347 312 456 267 623 425 477 307 548 525 432 513 367 105 401 88 176 217 432 170 504 141 404 624 497 414 507 495 339
590 65 365 468 439 598 491 464 541 218 216 179 394 121 293 373 203 110 520 432 433 614 762 223 430 387 583 320 298 355 710 488 441 442 583 599 147 374 116 508 196 197 535 105 659 392 382 523 451 496 552 628 415 617 0 566 236 662 686 300 447 143 220 142 553 464 431 435 669 366 523 177 350 338 196 413 90 298 278 603 115 157 180 265 640 525 194 804 423 445 242 521 322 805 201 125 335 282 87 98 454
103 560 256 170 217 224 272 235 194 356 385 394 342 466 479 336 396 467 202 293 146 260 53 403 287 283 10 234 300 180 242 150 142 201 83 89 441 291 509 312 520 419 245 505 55 374 377 41 309 362 192 146 142 135 555 0 454 379 22 315 193 378 445 559 205 241 454 310 323 388 156 548 229 306 464 338 556 294 441 172 539 432 537 419 306 130 530 121 186 280 314 112 361 107 387 493 522 557 530 518 281
526 241 96 232 329 391 359 312 335 209 41 48 413 178 360 147 112 196 446 455 290 341 379 279 134 227 361 243 90 186 411 291 243 234 392 486 114 143 292 385 246 275 486 198 506 327 110 344 336 202 364 478 308 459 273 350 0 404 380 100 173 177 211 136 358 197 460 459 312 80 349 257 160 172 172 395 204 82 40 265 235 97 87 8 330 370 284 465 299 351 164 265 69 543 187 279 499 294 203 179 170
285 523 354 300 426 138 513 500 139 513 375 373 668 534 748 219 500 585 551 559 435 104 375 681 223 350 372 499 276 293 85 377 311 362 231 282 538 257 572 592 579 598 600 622 387 642 295 310 523 159 185 409 304 488 632 369 365 0 371 350 256 480 595 470 135 229 749 616 37 263 205 556 279 413 453 505 445 325 308 153 597 405 418 423 40 361 657 471 440 436 383 270 299 439 413 608 733 701 587 559 269
103 683 246 135 214 222 257 242 156 425 411 407 440 431 578 282 360 435 235 236 119 250 83 402 289 244 22 249 298 151 214 132 125 144 94 99 516 278 498 223 415 489 205 481 71 379 390 32 246 374 202 132 117 119 547 21 368 282 0 250 206 492 406 394 211 167 554 298 305 428 159 390 185 321 321 348 514 283 374 178 618 420 472 333 373 96 449 130 193 248 337 69 360 153 350 575 526 420 512 494 245
424 320 51 173 299 338 297 257 386 95 181 129 317 154 320 180 100 212 293 328 184 307 374 198 128 94 307 99 114 109 388 192 163 148 282 327 199 123 281 288 246 240 334 224 337 251 187 343 173 277 362 464 192 332 334 365 100 398 326 0 119 159 146 181 346 128 397 259 359 193 296 212 147 58 91 295 273 86 154 232 285 122 132 98 371 226 280 473 222 211 71 223 186 435 90 272 404 267 212 184 114
275 388 72 86 202 202 258 231 182 192 252 240 377 276 352 150 239 282 236 295 148 209 283 333 105 108 227 120 131 53 274 124 66 39 182 210 291 73 315 333 352 362 302 329 274 309 174 242 175 186 202 361 97 231 406 220 179 304 197 119 0 298 298 254 241 40 475 304 307 184 198 288 39 152 236 228 399 100 193 130 326 229 218 161 243 205 327 304 219 210 186 110 175 311 228 314 410 328 303 313 48
483 228 220 340 332 457 361 264 449 54 204 139 278 38 198 302 67 57 341 281 257 390 436 76 245 178 514 181 236 239 467 339 322 295 395 510 141 281 111 363 75 95 404 71 463 222 256 376 235 415 531 583 349 487 188 414 203 458 437 155 293 0 58 84 474 328 263 364 581 274 386 69 296 133 37 252 150 219 207 344 125 97 120 163 536 392 146 608 322 264 80 398 245 498 51 94 336 179 70 86 233
577 274 211 240 297 411 265 217 455 55 272 205 244 61 149 380 140 75 343 257 299 398 444 47 250 208 389 160 272 282 537 284 316 271 472 495 172 260 108 337 61 75 278 120 531 151 328 419 180 460 430 437 339 386 210 481 208 575 473 180 222 48 0 112 537 276 235 256 551 337 416 34 281 130 54 222 233 194 273 396 111 192 176 189 444 312 98 573 259 246 90 304 305 614 59 118 207 107 115 131 289
650 125 216 334 389 457 473 291 538 123 160 96 381 65 266 312 47 103 415 452 332 496 558 163 250 277 481 276 215 302 567 353 308 272 408 492 51 252 140 409 156 147 456 57 560 347 245 457 247 312 522 646 301 573 114 544 155 564 523 156 271 72 110 0 473 265 424 431 421 251 502 134 257 169 110 298 106 203 175 423 125 71 88 124 471 480 232 692 307 412 154 377 246 594 129 135 356 196 57 67 307
161 646 261 247 351 9 435 345 15 457 404 345 608 547 696 237 433 467 421 406 263 42 173 598 203 352 171 300 228 235 43 258 203 214 116 133 431 210 635 394 478 564 419 596 223 463 313 236 352 205 33 325 239 296 646 178 330 152 219 363 213 428 526 540 0 200 594 478 92 322 52 528 172 372 471 493 493 325 268 57 495 439 377 360 157 281 626 285 399 452 355 163 282 267 483 547 720 605 557 517 202
294 354 87 117 262 163 322 247 178 218 236 212 434 369 443 134 211 370 310 346 155 146 246 387 83 137 237 201 120 74 177 166 104 86 192 206 319 50 454 376 354 360 332 375 261 293 159 238 277 164 170 343 153 330 425 232 172 211 218 147 45 249 348 338 152 0 415 317 202 159 153 298 24 195 255 332 387 105 173 110 409 274 294 190 220 174 382 373 239 273 219 133 139 317 278 382 418 372 326 379 41
655 415 479 370 268 623 207 261 675 233 568 488 112 346 123 503 386 343 297 276 371 719 615 202 576 393 469 320 552 456 720 373 404 401 511 667 499 522 320 299 228 249 300 371 546 175 475 539 267 614 701 557 338 497 458 482 414 619 504 380 455 341 244 316 649 480 0 199 676 603 537 244 498 263 319 191 464 407 480 668 337 355 451 475 800 449 151 500 263 222 257 439 526 534 299 256 10 169 350 290 462
327 479 332 210 56 420 12 55 433 250 446 428 104 322 322 493 406 416 76 12 192 426 287 262 372 214 306 161 416 215 556 170 249 267 365 330 430 327 378 54 341 347 73 416 278 114 530 254 123 496 513 269 189 251 503 305 367 597 310 320 293 272 269 403 419 278 198 0 462 399 380 335 370 255 272 44 573 414 454 456 455 455 440 383 618 156 251 290 111 54 271 262 511 422 276 374 244 269 444 437 370
302 657 270 279 453 84 633 451 99 526 316 412 521 501 735 211 467 490 522 593 426 66 252 543 266 380 298 385 260 281 69 395 343 273 242 254 429 190 579 583 556 537 571 630 338 621 271 332 415 176 142 489 332 408 709 293 393 32 308 345 250 463 478 530 113 233 821 586 0 252 173 616 283 346 427 480 482 319 288 133 603 458 436 402 47 384 602 439 396 549 405 328 244 344 537 679 773 677 643 619 260
452 337 135 263 465 276 434 368 273 292 108 166 536 325 482 56 172 311 425 417 365 247 419 351 75 270 344 329 60 219 304 348 260 204 288 354 175 131 402 551 359 372 391 277 485 415 2 418 347 121 365 608 252 506 390 416 79 281 401 188 217 308 294 201 306 193 467 476 259 0 256 323 137 197 235 445 257 94 46 225 386 179 163 118 221 367 357 501 402 468 256 303 14 476 221 397 477 432 350 332 146
174 523 276 211 315 57 362 297 45 440 347 340 527 456 523 204 362 421 368 418 197 76 148 456 214 287 144 259 234 191 101 181 204 205 83 122 424 159 620 421 513 550 390 430 165 385 255 158 393 223 59 279 195 300 542 157 313 184 148 323 155 443 374 445 56 133 653 407 153 318 0 496 181 297 393 462 575 253 269 39 624 331 378 336 174 221 515 279 299 347 325 161 292 221 346 515 646 505 415 481 161
561 271 265 272 345 471 341 209 454 84 306 236 206 73 105 364 157 88 287 299 323 563 485 5 311 190 489 230 282 308 609 315 266 301 562 578 203 380 76 355 27 23 317 101 570 207 402 416 180 370 491 614 299 491 179 515 232 539 446 174 336 76 32 149 500 337 196 321 475 402 410 0 322 165 101 249 238 254 306 401 100 221 196 273 457 321 48 605 280 296 136 424 343 498 93 86 190 71 121 118 300
313 447 84 113 254 176 342 303 178 206 176 177 317 289 380 99 221 380 275 306 204 189 287 305 70 147 230 150 89 94 261 180 92 86 216 258 264 43 338 312 388 365 298 279 293 352 145 202 243 191 225 382 152 340 409 255 187 269 232 106 39 234 249 282 211 23 500 324 217 176 174 348 0 182 265 273 347 102 135 155 442 206 236 160 233 190 420 355 237 260 172 159 171 372 191 335 401 358 350 306 16
459 349 127 147 235 317 219 205 304 77 200 188 270 159 235 207 136 168 264 261 169 293 415 161 165 68 272 72 170 124 452 160 178 144 294 321 193 176 197 264 200 197 227 208 345 161 267 333 140 312 334 474 201 331 281 333 151 483 306 59 136 111 109 160 324 156 296 242 416 199 312 161 160 0 81 183 285 118 172 317 225 151 210 136 339 225 184 378 203 233 35 248 188 395 78 207 300 189 211 211 142
438 215 193 217 298 479 336 199 379 20 165 170 254 67 227 250 97 107 306 278 230 396 464 110 282 172 372 132 223 208 486 229 199 197 383 415 159 210 157 304 90 128 298 96 389 164 257 343 193 305 469 477 234 465 246 363 180 573 429 103 211 38 58 119 478 279 279 240 491 257 443 80 243 92 0 242 183 145 225 402 169 133 143 180 409 294 150 547 298 223 51 253 281 461 8 134 234 170 141 112 258
435 469 334 225 98 487 61 47 431 224 445 360 79 289 202 481 366 363 110 56 176 535 324 275 402 185 332 149 330 203 469 180 230 204 421 380 339 328 316 86 281 223 122 351 331 59 448 257 62 509 376 306 238 272 502 314 384 642 312 265 287 321 245 344 514 368 184 51 543 457 382 271 303 213 244 0 470 294 349 434 289 339 424 391 585 170 257 388 116 73 220 238 468 455 227 369 173 211 366 291 366
682 58 242 443 558 471 583 425 550 203 149 117 454 143 312 350 125 177 441 536 431 573 683 255 283 287 588 332 274 415 577 464 436 353 496 559 71 363 158 605 262 285 476 137 722 441 239 515 379 413 589 753 442 679 122 527 153 518 527 282 386 172 235 106 496 427 482 491 604 246 526 279 379 236 245 483 0 240 190 425 191 103 107 149 482 427 264 782 516 498 274 512 277 778 208 208 394 311 152 121 356
321 332 35 183 278 286 397 344 251 206 103 114 357 228 365 103 138 295 316 398 206 279 417 296 77 147 333 188 42 153 353 227 161 168 255 401 151 79 342 420 235 307 308 212 420 320 98 358 212 196 258 514 253 398 318 283 67 355 280 69 102 225 225 220 285 117 462 342 322 114 253 284 91 153 188 377 221 0 73 204 278 162 125 88 324 320 309 446 244 294 154 195 81 449 157 301 490 291 246 291 84
427 265 96 284 424 346 445 414 274 218 72 105 396 282 480 93 144 295 379 429 293 262 399 282 86 238 405 284 50 248 324 327 196 243 387 364 159 106 262 409 257 334 378 250 362 409 47 392 337 130 344 473 310 410 332 428 41 354 372 118 148 233 278 159 340 151 554 484 268 55 245 338 130 191 217 415 187 72 0 267 313 124 98 46 261 329 302 434 329 434 163 241 40 535 223 315 425 373 224 247 145
204 491 194 218 290 75 457 364 59 394 307 369 441 425 515 153 412 548 310 435 213 53 194 487 162 223 145 263 233 162 96 229 147 175 124 177 426 153 457 364 483 462 434 459 255 417 220 242 369 160 77 385 219 284 563 199 324 161 193 233 138 374 432 451 48 108 562 364 144 277 41 531 137 309 326 458 423 216 277 0 451 319 416 278 135 205 515 298 298 414 350 141 274 297 317 582 566 562 472 492 141
587 152 266 466 398 615 357 325 675 157 315 222 327 90 178 434 160 50 472 464 411 509 716 112 397 344 565 320 287 369 639 467 380 327 617 573 161 342 14 492 69 75 454 73 634 319 326 563 324 486 684 632 408 539 91 611 248 689 586 266 438 101 141 147 624 431 293 400 578 342 519 116 336 216 164 365 160 350 294 466 0 186 185 284 569 397 135 749 443 368 183 430 396 648 172 19 283 166 59 76 335
600 165 167 354 343 505 419 326 453 149 85 34 426 112 363 222 36 131 379 374 336 368 581 166 183 229 429 262 186 284 452 338 270 228 367 498 42 261 161 485 167 224 397 94 542 350 160 416 324 296 382 590 334 504 196 413 84 429 362 144 208 130 148 54 396 215 370 426 463 182 333 201 226 187 146 361 122 135 124 420 214 0 30 77 448 338 246 625 407 350 137 323 180 514 140 178 338 303 112 140 233
480 138 172 356 378 501 493 376 487 188 57 24 428 171 312 182 73 191 372 500 308 380 434 188 227 210 490 298 145 285 433 347 254 242 410 452 32 252 212 421 200 216 465 144 502 295 171 420 285 267 484 617 335 556 198 465 63 381 435 170 281 120 221 73 359 265 404 423 493 181 454 218 243 209 151 422 90 157 105 367 243 31 0 64 350 348 256 490 403 353 154 406 155 496 159 202 446 253 130 130 206
507 268 101 245 386 311 438 384 381 196 43 48 431 217 331 166 95 200 370 342 278 354 406 233 121 172 447 229 84 250 316 344 230 202 352 472 107 143 299 433 253 292 376 176 442 385 108 419 345 240 413 565 261 527 242 420 8 422 329 101 201 172 230 156 365 164 447 424 362 90 299 215 196 170 185 362 177 73 43 248 247 80 75 0 290 402 269 613 332 369 134 338 91 444 140 298 399 320 182 220 159
357 578 318 302 462 132 635 540 170 520 285 347 538 564 651 194 475 470 496 600 401 86 319 465 202 303 303 417 262 290 101 409 314 255 283 262 501 216 504 500 611 481 501 428 397 529 257 392 504 121 191 503 352 508 535 301 361 42 316 291 278 558 441 446 122 198 679 609 55 232 158 481 226 392 389 560 484 272 249 137 594 464 340 289 0 379 513 394 506 525 427 275 272 344 512 596 730 632 591 528 199
201 560 243 98 118 309 165 181 298 288 399 355 285 339 464 280 377 468 105 156 49 249 175 397 301 188 116 182 273 130 308 67 134 137 152 181 380 288 423 146 380 386 136 445 142 267 314 78 167 364 288 178 68 107 595 107 348 371 100 240 156 364 385 437 271 215 398 189 375 346 190 368 221 210 282 221 422 248 357 270 405 390 420 351 346 0 443 205 102 158 243 91 314 233 273 461 449 353 442 387 199
563 312 257 333 259 648 335 241 545 114 373 236 195 144 78 429 186 120 371 277 283 570 614 57 333 223 537 230 335 302 670 361 331 343 462 547 275 342 117 376 57 37 340 169 501 150 397 417 203 477 604 525 361 517 255 554 320 539 414 230 349 115 93 197 533 390 150 283 608 429 555 61 377 202 142 236 261 276 365 579 148 234 274 311 603 432 0 633 317 328 183 379 387 582 148 98 163 26 160 155 333
150 621 453 225 264 295 323 319 255 556 601 520 374 660 586 387 566 701 244 288 242 406 94 518 379 407 164 343 476 283 325 228 273 316 177 174 707 386 534 248 530 552 268 550 82 367 501 119 362 442 310 23 210 89 831 126 576 446 131 383 335 599 590 529 312 381 634 282 423 494 294 595 418 404 445 383 754 416 590 322 598 553 538 554 466 153 528 0 251 287 411 209 497 87 564 559 602 634 610 652 422
256 459 256 117 38 356 93 64 379 272 366 411 205 321 288 332 353 403 52 88 60 388 225 272 299 137 212 108 302 167 350 87 161 170 301 338 395 311 361 110 377 365 77 356 226 137 428 189 99 403 351 232 104 188 413 206 332 421 182 249 174 331 296 360 308 243 302 84 461 402 266 251 275 221 265 114 537 275 364 347 408 345 405 351 374 89 290 239 0 50 245 157 365 342 289 345 333 331 400 402 242
360 462 301 184 22 459 64 35 376 211 370 361 139 344 310 401 391 378 43 41 117 445 326 318 314 144 285 136 337 182 438 158 213 219 325 303 477 325 336 57 338 351 65 314 314 124 383 184 89 431 438 310 146 172 494 253 310 594 218 244 234 275 276 358 340 283 266 43 554 482 351 280 250 239 305 71 464 346 430 416 434 392 363 336 433 141 281 304 42 0 244 206 373 310 264 411 223 284 391 412 315
367 313 131 211 247 345 248 204 343 37 173 167 278 142 208 225 124 162 280 297 238 379 377 152 210 116 305 102 195 153 368 179 195 163 344 354 164 206 170 246 174 184 249 171 405 170 278 357 128 358 386 439 251 350 256 329 188 495 321 57 176 91 100 136 359 240 277 246 403 206 299 148 181 33 46 238 228 151 189 273 221 139 159 143 476 285 164 479 225 197 0 288 239 407 40 159 309 183 174 184 189
183 551 183 47 218 239 242 211 207 277 378 295 382 437 446 262 373 406 210 233 81 231 167 412 216 125 104 152 275 89 208 67 72 75 140 148 444 212 433 226 390 410 200 435 180 281 288 111 177 309 199 190 39 191 555 100 339 362 80 250 114 385 311 327 175 116 431 214 298 260 167 336 143 218 319 243 409 238 260 175 535 319 311 329 263 85 354 210 131 222 249 0 311 222 251 423 423 421 394 453 163
482 264 116 244 356 334 432 440 326 252 83 109 518 305 378 68 163 291 465 501 362 276 480 311 86 212 308 307 44 259 292 267 248 231 328 450 216 109 320 442 385 402 415 257 470 453 19 356 368 128 322 546 282 443 318 323 68 282 420 165 153 256 339 200 331 137 540 448 289 19 290 278 166 196 243 407 280 101 34 252 313 138 163 83 218 336 417 438 424 374 226 270 0 552 224 352 461 343 272 332 146
87 726 462 297 294 260 355 327 274 441 483 610 404 552 667 495 483 672 280 394 242 301 74 600 405 355 118 354 379 354 290 267 262 279 155 112 592 371 721 296 565 566 354 619 54 509 456 128 339 439 222 95 222 130 778 105 445 381 131 439 330 636 512 563 296 277 555 367 394 488 268 657 374 482 588 457 616 479 462 257 698 592 598 590 363 226 580 70 338 300 414 208 422 0 468 733 668 519 711 699 302
526 285 152 235 277 501 318 206 360 16 234 135 259 101 220 276 94 107 292 252 285 475 463 83 260 128 423 132 194 223 524 247 195 220 397 382 147 261 135 267 115 117 325 119 418 214 293 425 173 373 379 486 258 349 234 431 165 426 335 112 223 52 55 136 418 208 240 235 403 277 351 98 206 70 9 247 218 149 206 374 141 113 134 194 444 325 122 548 287 260 41 291 230 484 0 137 250 162 133 145 234
538 199 316 354 442 550 331 325 622 155 249 243 258 63 147 454 152 32 346 374 383 497 684 77 319 295 577 256 388 319 653 409 417 415 517 626 165 414 3 427 50 63 434 80 656 302 347 597 263 505 553 598 348 578 112 457 305 706 474 266 328 94 94 130 495 425 278 345 539 371 467 79 377 256 139 298 189 312 267 434 20 187 238 251 541 517 102 650 412 315 160 390 330 579 136 0 257 141 63 68 392
676 479 458 396 293 574 249 227 578 240 445 465 100 299 102 622 341 280 306 223 374 561 602 242 454 355 538 318 453 410 747 421 458 434 472 598 438 423 234 282 219 222 282 288 487 129 540 438 247 586 697 606 353 442 343 440 524 761 481 367 453 281 259 412 680 500 10 209 774 525 662 249 467 284 239 179 489 383 509 586 245 415 422 425 674 387 146 471 331 214 283 456 538 687 263 243 0 144 351 307 487
515 333 351 384 266 554 267 285 501 151 332 265 175 174 39 494 215 134 334 283 381 484 500 78 374 226 526 241 325 394 589 339 296 311 500 518 311 378 125 333 94 64 378 191 481 153 354 449 216 522 496 494 412 485 248 567 352 720 503 290 348 163 97 263 474 420 138 252 664 442 509 88 341 202 156 189 296 374 355 531 125 243 288 306 617 368 24 497 326 279 188 386 370 682 161 150 147 0 164 211 410
557 117 252 360 435 608 457 390 449 135 215 148 283 47 255 373 116 47 382 347 362 470 673 104 302 304 461 300 262 333 606 449 394 360 448 591 111 386 65 404 106 117 426 12 660 321 328 442 336 418 558 526 392 561 80 488 189 544 424 204 305 72 126 64 502 355 309 443 550 340 424 105 288 207 142 300 143 246 254 534 63 146 165 181 577 447 134 651 353 432 171 382 242 537 129 58 341 201 0 0 348
556 147 255 321 337 458 468 392 510 137 242 170 309 41 210 383 95 47 458 376 326 517 563 118 309 296 434 244 266 373 560 334 402 321 598 524 112 369 65 490 102 112 396 12 518 338 320 556 264 469 489 549 383 588 100 561 243 494 493 193 367 67 135 63 544 414 338 365 590 276 474 115 299 175 104 394 127 283 220 460 75 145 145 198 545 379 135 702 354 323 172 392 313 683 151 72 281 157 0 0 294
275 444 65 123 301 200 291 286 246 262 189 225 320 280 444 109 186 326 287 360 199 170 270 350 66 149 276 167 84 114 240 177 119 96 184 294 232 35 305 379 287 391 289 267 290 304 151 254 254 163 206 381 146 345 452 240 150 240 264 102 56 271 242 239 180 41 471 321 280 161 171 305 14 148 229 275 375 86 127 124 414 235 246 142 214 230 361 433 220 248 208 162 137 414 227 417 383 325 316 279 0
