0 298 352 324 446 494 155 252 444 441 514 311 408 646 642 260 206 185 367 15 170 423 109 443 332 647 415 52 541 597 396 158 337 246 473 365 471 608 323 565 390 479 122 174 313 433 216 443 308 356 303 444 351 276 298 163 335 231 98 566 240 458 117 578 364 371 509 31 310 508 215 208 148 246 122 332 202 318 547 128 69 351 466 214 308 466 138 114 411 145 482 193 400 217 498 363 178 321 219 376 541 527 331 462 467 338 133 223 146 427 363 19 282 55 350 212 70 231 172 308 402 480 440 466 237 267 627 45 292 211 319 517 497 213 160 350 199 285 237 171 70 382 364 241 247 149 586 282 187 192 300
324 0 380 321 240 403 228 147 223 438 331 302 236 464 413 169 100 182 120 271 294 306 305 267 355 481 297 250 160 322 375 162 283 174 277 177 443 401 35 386 95 469 197 249 334 302 75 226 374 279 196 138 175 36 134 335 361 77 245 394 133 268 280 393 161 392 342 284 378 224 232 294 217 68 202 125 285 455 270 221 288 385 293 244 198 344 260 281 398 157 445 192 98 291 341 383 133 237 236 166 264 278 245 267 505 102 240 93 232 154 128 276 51 247 189 243 267 201 137 473 208 190 199 557 58 223 478 281 369 142 224 372 225 382 323 199 342 174 302 153 270 183 309 228 343 237 465 44 177 178 286
352 437 0 149 476 383 228 463 666 239 313 142 296 446 419 562 310 287 494 388 179 225 513 348 171 433 346 329 529 493 156 275 299 317 525 338 404 441 366 525 508 247 372 198 130 366 334 562 138 198 278 427 312 449 321 154 142 420 266 423 447 339 242 510 653 42 372 335 85 515 554 534 266 434 260 477 577 42 516 381 377 25 295 469 608 382 553 448 286 327 387 247 544 107 177 22 347 206 187 569 589 516 256 616 117 643 299 384 435 379 309 306 407 359 481 486 289 243 377 38 760 689 614 61 375 637 346 317 33 427 596 333 395 80 418 264 116 436 158 246 219 662 215 463 117 239 529 369 491 410 107
251 341 123 0 305 273 141 384 550 222 275 15 162 401 320 347 157 150 380 250 149 133 412 247 95 389 261 312 417 334 100 162 134 149 359 215 271 362 267 394 255 171 263 100 25 199 225 527 56 104 153 237 144 268 199 144 29 228 158 413 331 302 147 435 474 146 242 274 80 384 414 460 165 336 167 435 479 100 321 321 336 146 192 458 362 249 442 373 186 197 304 92 413 95 127 163 153 83 62 470 513 348 125 510 182 430 149 238 382 232 198 268 325 264 443 492 185 117 238 139 456 459 425 177 262 517 262 246 124 448 444 211 315 112 453 120 119 364 32 109 178 420 89 466 114 141 417 239 316 383 34
546 233 416 315 0 215 317 367 287 272 244 348 171 287 232 434 315 292 272 540 422 291 445 202 371 213 124 509 125 104 379 377 213 283 126 173 227 194 248 162 122 323 375 372 334 203 291 234 408 280 234 92 185 264 216 433 380 263 484 260 292 86 419 160 309 457 223 430 379 35 481 437 358 309 326 261 571 434 3 549 473 473 181 437 331 168 611 443 344 329 249 282 285 492 365 468 302 297 298 185 279 33 241 384 449 240 394 357 505 121 190 455 253 481 309 555 466 341 374 566 345 262 199 552 277 426 282 432 456 342 386 267 46 496 487 249 480 366 340 300 473 397 297 474 399 306 203 249 386 357 347
476 354 314 249 246 0 340 490 569 65 12 230 147 104 72 580 383 370 500 521 339 116 658 83 208 146 107 542 375 164 170 455 129 333 201 183 26 110 404 183 300 83 478 330 265 96 354 563 208 142 193 243 230 349 323 384 269 394 458 148 502 156 354 192 556 342 49 503 224 281 538 703 430 500 434 467 678 269 223 586 576 283 83 592 487 94 689 668 107 386 38 302 452 312 182 318 302 197 234 407 656 299 140 644 305 407 464 494 645 209 236 619 443 421 566 642 378 287 437 405 674 477 389 298 407 669 26 436 395 559 617 26 212 408 722 201 357 481 242 287 408 546 179 674 351 357 170 419 434 516 314
122 236 288 177 418 325 0 266 529 322 400 169 222 467 419 291 121 60 412 152 96 243 256 370 211 487 322 145 439 346 224 48 248 115 359 246 356 430 203 403 250 292 115 76 168 384 155 372 198 245 202 236 193 167 125 151 208 171 54 448 289 369 46 469 350 261 284 95 248 379 279 283 24 250 8 360 249 201 430 192 143 229 269 295 281 368 226 216 326 65 413 92 294 146 356 220 100 163 108 383 507 391 216 417 360 314 23 150 241 274 215 151 238 120 282 308 54 75 120 229 463 379 328 284 233 343 368 88 254 224 267 385 379 146 295 212 141 285 131 69 73 300 211 316 131 16 575 194 204 221 154
242 147 422 387 408 541 218 0 319 438 474 311 388 561 443 65 185 174 152 197 333 419 204 425 508 505 404 228 279 491 369 180 409 225 508 266 552 465 145 526 265 534 110 254 363 359 165 246 471 386 324 313 317 102 212 386 394 118 291 647 26 391 239 515 177 538 488 283 408 357 143 145 212 65 253 157 171 410 307 171 177 413 456 155 78 499 226 134 429 193 470 311 128 398 465 462 167 272 263 207 240 314 417 307 498 161 208 65 132 326 217 255 75 218 87 154 235 262 137 479 216 229 227 597 84 133 574 174 520 40 75 434 388 452 249 355 357 56 343 209 301 128 331 114 382 217 585 138 64 48 373
600 302 803 529 373 492 444 287 0 549 626 565 411 578 513 317 349 498 107 435 621 560 476 532 598 558 519 459 194 376 517 380 443 454 456 419 529 613 303 555 285 701 456 583 624 525 395 93 543 637 432 320 484 276 405 605 587 335 456 664 231 433 444 528 133 674 473 594 578 359 444 384 457 224 531 137 515 625 312 386 502 745 456 376 263 502 548 464 645 468 619 479 180 617 641 808 413 509 466 137 16 353 427 27 743 151 455 314 434 393 331 523 240 455 233 399 421 486 324 668 121 111 124 700 286 364 667 461 745 344 249 630 352 752 428 509 704 244 560 435 562 158 484 307 595 484 644 297 366 380 622
455 397 240 215 264 54 359 511 563 0 64 169 141 191 152 568 315 285 475 457 328 107 647 115 129 235 158 515 433 197 129 360 93 295 235 242 77 200 338 255 336 45 415 332 220 112 389 566 195 135 155 296 160 339 269 358 210 346 343 225 548 225 395 222 478 219 69 398 203 273 575 582 410 422 313 541 574 239 321 501 466 255 91 691 495 140 603 473 41 399 113 233 429 274 108 255 289 191 234 396 623 273 108 582 195 513 321 394 583 213 288 498 506 545 618 632 398 272 390 268 660 466 468 284 382 633 62 411 320 543 560 32 224 312 537 160 255 555 275 268 397 458 133 553 307 335 180 367 445 528 227
553 399 331 285 281 10 334 559 509 77 0 222 128 108 77 508 353 355 513 490 448 125 662 78 162 149 89 478 385 148 206 327 108 300 183 225 29 135 352 180 268 106 507 344 241 63 338 463 244 149 143 220 162 326 319 451 266 334 388 160 419 148 358 162 547 279 49 467 258 238 603 706 438 406 386 394 708 368 252 489 481 360 79 561 581 60 552 627 119 384 43 298 495 362 172 361 367 236 266 416 498 305 143 630 303 403 436 365 608 235 216 484 494 513 574 727 382 318 336 387 583 415 453 296 375 671 48 476 364 481 607 33 164 379 546 174 395 624 308 312 472 564 208 499 386 402 121 388 535 464 260
325 288 184 14 278 259 133 406 504 227 281 0 134 373 324 398 181 162 481 320 155 126 340 237 101 317 238 334 355 320 87 206 141 153 386 147 237 410 270 364 281 167 282 120 40 231 225 538 50 92 123 228 125 289 173 200 44 259 207 427 330 221 186 352 445 136 187 227 95 354 389 402 185 290 158 448 463 143 388 377 345 159 227 367 486 230 435 382 188 197 308 80 347 110 168 155 184 47 51 460 561 313 106 515 186 465 164 300 343 198 198 284 382 265 379 422 240 124 242 188 487 421 384 213 269 387 251 278 149 336 395 225 294 168 442 104 131 392 39 120 206 502 56 466 117 137 410 218 347 372 58
405 235 291 169 204 128 210 339 547 138 137 142 0 279 199 379 190 226 422 345 273 60 449 106 142 286 92 451 352 184 151 280 29 179 213 82 155 254 178 271 194 149 371 217 194 82 196 441 139 109 30 116 63 224 172 269 156 255 274 248 316 118 238 218 468 265 78 394 191 178 534 550 258 358 233 385 496 254 230 407 426 243 74 410 367 117 538 448 150 234 157 181 320 265 156 339 212 86 137 337 527 238 18 429 234 331 311 338 391 106 121 401 276 402 360 457 271 150 287 257 482 373 354 341 295 413 197 295 280 409 451 139 178 279 491 55 227 382 200 192 285 358 64 422 271 225 224 187 407 362 167
565 451 499 387 245 119 563 503 565 199 137 349 202 0 57 552 492 473 517 683 571 218 647 134 362 34 130 638 402 166 327 509 234 437 159 330 94 41 415 88 375 239 615 400 374 144 426 521 404 248 289 287 242 451 379 479 311 515 612 24 643 204 535 100 537 379 164 667 423 297 662 801 468 512 525 500 741 398 218 612 552 445 147 798 614 116 788 604 205 440 82 441 430 509 311 511 419 363 326 473 600 289 244 609 415 565 473 556 645 252 290 608 428 561 665 613 536 365 524 528 612 454 367 494 437 770 111 638 431 562 689 171 177 536 675 261 541 694 425 353 563 563 331 757 483 457 38 448 509 546 420
542 352 438 325 225 68 469 452 501 133 75 306 211 64 0 562 406 435 463 641 418 186 584 85 283 73 102 605 341 122 234 500 177 319 116 237 53 44 377 77 341 184 512 352 284 116 324 495 317 235 189 247 258 453 377 420 304 370 519 78 523 171 513 78 557 338 102 520 391 226 719 752 460 407 479 504 704 386 255 661 500 439 130 595 547 71 619 594 164 394 53 301 483 456 273 429 336 246 331 414 466 266 175 546 392 478 465 484 619 237 246 540 518 502 560 752 482 412 414 471 499 387 452 368 438 684 102 480 425 501 626 102 180 397 573 269 456 565 362 346 513 533 277 550 449 357 74 344 576 447 397
230 169 549 356 462 591 286 51 314 596 620 394 488 645 555 0 237 230 216 232 377 437 188 467 527 600 489 191 363 440 565 188 511 318 483 362 523 602 203 541 291 654 143 285 491 440 186 229 477 469 340 294 418 177 303 349 513 170 328 721 78 481 294 581 174 614 430 258 548 431 127 108 281 115 232 161 127 524 353 142 201 483 434 118 55 591 161 120 519 251 574 315 150 461 529 441 233 338 349 302 264 426 425 311 493 202 265 137 101 328 311 254 152 184 75 97 243 293 161 523 168 272 312 689 112 75 597 240 517 21 20 585 519 501 176 418 453 9 454 325 326 97 484 57 405 287 680 171 66 71 448
220 123 354 210 239 306 113 179 431 292 340 149 182 440 333 263 0 51 228 189 201 244 269 314 233 367 268 230 264 294 269 79 237 41 312 148 334 405 92 455 189 366 132 141 222 254 24 346 201 207 148 151 129 79 51 204 200 57 153 470 163 236 141 361 324 310 310 176 288 210 287 315 84 152 102 199 252 291 307 220 202 255 291 314 272 294 283 267 269 55 425 83 232 177 305 337 21 156 117 277 409 307 175 360 394 270 109 101 201 144 109 203 178 155 289 273 155 84 52 272 288 266 278 325 125 267 352 148 296 185 271 356 303 236 337 169 205 199 203 66 189 232 166 234 230 112 390 78 139 156 211
209 149 287 169 295 310 52 204 452 277 398 172 183 414 329 220 58 0 301 159 138 235 286 305 276 469 262 194 305 339 243 46 233 55 409 165 311 364 150 392 198 304 148 109 159 261 79 355 196 210 205 190 167 160 73 186 196 102 98 414 192 229 111 372 311 258 284 175 240 298 282 252 40 171 44 271 276 212 378 214 145 226 298 266 253 304 240 255 343 41 385 56 307 136 290 280 37 134 107 271 439 399 209 472 343 316 82 154 248 237 125 196 192 135 246 331 112 38 68 263 351 349 334 343 151 262 411 120 223 205 262 272 342 194 316 128 185 210 118 28 125 343 164 312 188 44 402 117 163 182 136
449 149 585 485 275 549 353 168 141 477 530 474 420 524 395 172 292 357 0 371 481 463 334 392 447 525 347 360 138 325 423 280 355 274 326 323 507 512 170 478 175 527 278 375 380 446 247 65 403 416 286 199 334 164 248 502 445 175 418 466 132 359 367 403 77 491 433 363 602 225 302 301 292 162 292 20 354 556 258 339 340 517 434 280 159 351 372 288 497 323 414 342 34 462 593 548 315 325 378 95 106 243 435 107 586 27 381 220 351 226 227 424 114 353 118 287 391 338 241 556 108 62 90 650 152 235 579 342 605 218 210 519 271 552 387 334 492 186 365 367 381 90 422 294 549 316 472 179 207 208 489
16 249 354 240 495 542 146 206 524 561 497 294 345 726 614 228 230 202 333 0 169 370 100 452 372 591 425 25 450 452 346 125 429 254 498 352 589 633 298 624 365 515 92 208 330 440 218 464 327 415 376 379 283 237 233 198 338 233 108 560 276 462 114 621 355 333 462 48 372 534 148 181 132 217 147 429 153 317 430 101 46 365 416 165 291 533 145 118 452 174 630 232 340 227 380 304 184 262 236 476 529 437 408 445 397 363 106 206 138 343 298 9 273 39 349 188 82 217 148 286 492 423 472 421 224 224 579 50 285 195 276 418 582 221 125 318 269 211 258 215 94 341 325 201 241 178 644 261 185 183 265
150 354 202 169 422 403 99 327 623 299 399 175 329 487 533 351 222 128 493 161 0 233 243 379 270 566 386 229 529 520 274 177 305 215 458 307 484 526 241 504 420 297 251 79 128 436 238 541 203 241 236 319 237 333 202 31 168 286 65 509 319 374 58 444 537 212 395 108 172 397 384 382 142 364 113 397 292 166 498 260 197 161 335 286 403 445 278 293 345 150 410 134 402 78 313 146 202 210 177 504 532 407 286 605 226 378 102 258 278 376 262 195 382 177 410 370 101 125 180 127 458 436 468 249 269 413 449 167 138 321 444 359 447 71 333 231 69 377 130 162 89 384 241 398 62 90 595 258 277 333 99
385 327 246 111 309 155 272 439 453 98 115 92 57 261 173 518 197 240 487 384 276 0 530 158 77 229 169 366 408 235 63 262 38 190 248 133 173 220 234 264 279 89 403 224 130 103 240 531 105 35 85 183 101 293 198 280 120 300 318 296 345 180 251 240 551 200 85 331 177 260 520 476 278 382 272 438 426 176 265 493 384 238 112 525 396 167 579 522 73 285 159 164 338 183 117 242 227 93 138 432 466 294 57 577 215 473 318 322 400 189 169 435 356 376 427 601 305 206 272 290 479 363 402 220 335 472 150 359 249 375 455 94 230 234 481 80 208 465 146 183 302 529 55 568 257 246 303 226 356 393 141
122 259 399 331 503 524 212 178 435 640 545 322 468 784 643 146 279 266 357 108 255 446 0 649 413 683 498 90 496 504 496 214 499 307 617 369 515 586 270 551 438 508 102 268 337 533 286 461 403 420 398 475 346 223 324 283 456 217 193 714 176 458 244 725 280 463 562 144 519 452 63 70 242 250 210 282 47 481 537 31 76 497 577 64 210 546 31 27 505 206 647 293 351 342 488 426 240 377 353 362 387 573 484 438 563 336 182 188 44 358 409 118 278 112 249 105 197 289 179 414 393 457 467 507 196 127 594 147 367 175 187 524 486 328 50 337 315 166 318 251 215 278 349 126 283 212 779 309 110 131 349
564 357 420 266 193 80 381 456 480 123 83 218 121 126 77 579 290 345 465 464 363 155 508 0 189 149 37 521 287 76 229 316 108 304 112 161 85 119 296 128 247 179 396 370 268 34 340 437 231 161 138 160 144 348 285 470 264 367 380 158 435 78 430 115 547 333 63 493 258 177 626 581 340 406 385 412 674 380 158 604 527 417 50 620 420 11 657 612 133 376 76 267 326 313 236 339 342 211 277 323 504 205 109 502 300 436 327 404 497 177 233 575 385 398 474 654 395 272 300 403 565 405 404 424 356 520 121 445 383 499 552 89 118 444 552 172 328 475 252 339 481 498 190 491 365 298 119 354 386 476 301
423 387 152 84 359 194 229 477 692 124 213 77 151 341 263 535 281 267 490 395 246 82 406 248 0 289 239 443 445 283 11 298 132 186 297 243 245 291 363 292 277 103 340 178 104 226 238 611 43 42 153 242 173 325 275 248 75 272 230 354 417 279 267 365 468 117 165 375 69 286 494 485 224 385 252 479 470 131 297 519 395 171 179 592 529 208 542 395 97 328 256 157 413 153 58 151 212 123 166 404 547 408 125 525 112 543 232 402 473 262 207 352 367 318 532 569 261 194 260 178 609 464 426 149 440 449 200 348 136 409 447 174 264 188 455 156 169 413 112 192 251 434 79 558 188 218 301 290 395 368 111
664 492 463 380 203 159 519 503 538 233 122 335 216 36 66 679 407 450 481 627 578 273 578 144 287 0 157 697 396 119 371 492 232 407 112 333 131 29 351 58 388 251 478 454 448 175 461 422 358 355 323 324 289 487 396 484 344 539 612 20 485 218 591 66 575 398 198 656 392 290 772 655 535 502 551 449 681 424 222 760 613 568 164 670 646 112 643 619 268 430 97 472 499 441 314 551 432 399 387 420 498 241 297 565 419 503 521 478 586 266 357 715 474 662 580 759 534 357 545 589 656 399 399 453 506 798 150 553 444 619 664 176 183 544 852 307 441 562 445 409 655 485 280 703 535 566 10 468 503 507 496
411 315 335 246 124 117 378 469 464 129 99 240 111 161 105 445 243 291 353 533 407 141 602 30 251 143 0 534 317 52 213 346 122 274 106 123 112 128 264 142 167 211 411 287 239 41 265 344 244 171 120 165 130 298 260 462 240 295 446 182 378 51 391 107 387 384 87 397 319 160 467 494 300 395 352 384 633 375 135 485 430 429 55 477 441 34 479 465 155 314 130 289 371 354 260 390 286 197 239 289 520 167 102 541 363 359 380 355 464 137 170 493 352 415 407 516 439 237 330 365 411 361 290 386 382 466 136 394 344 430 550 122 81 407 574 142 372 498 291 294 480 420 166 557 375 323 137 284 462 478 306
39 249 378 322 570 610 160 234 521 431 465 338 396 714 509 254 249 168 371 32 200 384 73 523 413 740 455 0 518 534 419 141 444 224 629 373 524 542 230 540 371 562 86 179 352 496 207 503 342 448 345 387 386 256 273 224 317 244 146 770 237 524 155 649 418 397 407 73 371 484 160 147 172 227 137 351 139 313 487 73 25 314 483 123 228 522 114 96 550 176 560 250 287 230 464 327 201 287 312 462 514 531 428 427 523 311 156 169 110 382 287 25 283 46 289 194 95 222 180 360 379 372 484 515 258 221 616 51 339 193 267 434 468 279 92 306 241 182 313 191 126 300 346 222 266 179 693 225 157 172 267
423 207 667 409 159 376 363 280 159 482 362 363 295 385 363 346 250 370 144 448 551 443 448 333 516 338 263 400 0 267 393 363 345 281 217 263 363 391 185 329 119 396 360 485 479 320 253 108 454 351 348 149 246 225 310 517 481 252 431 389 281 264 455 325 230 646 345 430 505 141 375 383 314 231 428 151 491 608 154 467 508 617 272 442 274 367 516 453 437 383 344 352 166 491 502 515 294 380 370 58 153 146 343 168 638 164 450 264 398 178 217 538 225 411 224 389 494 318 262 544 208 89 49 695 273 454 472 380 493 349 361 433 207 541 562 348 545 345 495 375 490 202 356 394 518 368 364 225 332 369 511
442 336 429 369 118 139 404 359 459 235 166 299 158 130 95 487 302 326 392 544 476 226 654 87 294 116 65 511 294 0 282 338 203 316 35 176 134 118 325 86 223 206 400 383 378 106 282 373 322 276 202 131 169 349 285 471 284 349 466 180 393 77 472 83 420 379 126 560 364 130 472 603 317 379 425 329 556 362 118 488 561 481 118 482 438 67 643 618 201 375 148 343 378 343 285 468 308 253 240 270 368 133 192 433 392 415 473 369 463 140 177 585 301 488 508 642 421 283 347 413 480 329 248 486 331 630 184 404 440 400 490 143 51 420 685 219 482 478 374 306 461 485 274 526 382 370 129 331 432 486 330
429 295 175 105 284 175 257 476 532 110 179 92 113 348 232 569 285 270 531 425 279 74 536 191 10 314 206 458 382 245 0 299 111 238 301 214 217 286 277 358 311 109 405 201 115 202 300 437 48 33 142 247 139 380 238 229 81 306 288 370 404 238 267 317 569 136 160 305 75 280 463 550 304 422 227 406 434 145 316 376 434 165 186 469 500 244 484 419 98 323 250 145 450 165 68 181 234 99 134 424 669 349 98 640 131 532 311 358 433 271 231 377 448 403 524 457 282 224 344 200 598 425 449 161 400 566 189 321 195 458 459 158 274 232 540 131 195 484 111 194 306 546 75 551 200 219 278 354 399 458 138
159 172 327 161 338 335 49 185 464 317 394 197 226 433 387 230 60 37 313 127 168 266 207 334 325 503 349 174 319 369 289 0 302 103 436 204 356 487 132 505 264 359 82 130 174 311 100 347 235 282 185 274 168 147 116 193 230 97 95 592 200 282 98 389 292 270 288 109 291 332 267 207 25 186 42 322 271 251 407 166 124 243 269 254 285 392 232 172 336 11 389 94 248 182 328 249 59 185 156 307 400 422 280 449 401 308 65 105 158 214 154 146 157 108 253 241 75 95 49 254 309 385 370 322 166 244 358 96 283 205 255 399 393 195 272 195 185 252 187 73 121 234 198 262 210 63 417 148 139 125 187
359 258 240 150 207 141 289 349 540 110 133 115 33 260 157 416 202 209 460 449 242 35 429 134 99 241 125 372 320 164 94 237 0 145 229 111 130 264 262 230 202 110 350 188 170 93 231 371 112 78 45 143 82 269 169 275 147 292 282 251 363 153 323 276 447 261 86 376 179 201 476 499 242 350 257 338 562 233 249 473 415 256 80 564 488 151 494 461 119 289 157 155 343 230 132 239 176 95 146 349 471 291 15 558 251 346 289 346 442 150 168 344 366 396 378 465 361 177 298 309 446 437 384 309 266 523 145 377 225 483 454 112 173 295 536 75 270 505 186 208 368 390 53 437 203 260 258 262 353 422 188
242 157 252 145 276 327 123 187 380 296 310 122 151 375 286 308 49 50 303 210 164 215 330 240 196 449 239 242 330 332 197 105 178 0 270 112 307 395 97 430 192 327 165 122 138 210 75 377 194 155 129 170 108 116 42 206 172 115 189 376 245 219 132 375 349 325 245 178 251 216 283 301 81 182 85 289 348 247 275 241 212 258 247 276 334 232 310 263 303 86 384 64 214 154 249 265 33 106 78 296 358 302 164 398 318 249 129 165 248 133 70 254 213 178 289 340 174 47 96 246 416 336 351 380 142 310 340 161 235 212 342 231 255 255 349 114 170 244 115 41 173 340 144 337 190 79 413 95 228 225 134
476 293 548 309 121 174 373 509 429 201 148 366 177 136 95 433 372 374 407 485 492 226 559 87 272 126 108 558 258 37 338 441 246 340 0 221 189 106 276 63 181 301 500 475 433 131 309 380 383 244 184 194 210 323 320 464 313 418 447 125 519 103 531 52 526 454 154 539 364 134 647 546 467 441 413 408 514 488 112 493 596 408 162 510 517 84 573 541 275 459 167 291 341 386 337 426 335 256 299 337 474 113 218 514 379 425 478 408 560 151 223 603 333 467 450 682 473 312 417 432 543 373 305 522 358 531 231 455 480 436 540 172 54 512 632 261 521 562 364 313 441 524 264 623 382 371 111 348 537 508 412
351 168 371 163 172 207 229 274 387 211 199 182 71 298 256 341 129 144 270 367 251 165 352 147 211 249 136 391 246 181 216 175 101 107 223 0 204 280 152 244 128 220 270 239 186 151 149 294 246 194 73 69 45 180 91 361 194 198 247 337 305 105 231 207 313 286 155 336 258 152 434 447 178 227 202 301 492 330 149 420 351 351 118 366 308 196 455 334 223 184 217 167 260 258 306 347 170 128 126 267 420 168 93 427 295 241 229 207 342 38 42 365 188 326 326 367 283 175 195 311 415 302 231 391 204 396 214 352 313 338 411 184 177 283 405 86 285 294 206 171 339 279 147 348 282 185 323 139 311 274 230
466 367 425 251 231 20 438 572 583 98 27 251 141 92 65 504 353 347 525 610 412 144 716 74 237 110 112 555 416 133 234 416 136 335 176 260 0 129 401 159 336 132 436 346 325 98 320 577 239 195 199 234 194 374 357 463 251 410 415 104 498 168 432 175 635 316 74 569 257 253 603 641 396 424 468 519 667 374 236 537 594 423 115 534 562 88 678 643 106 371 12 325 418 384 211 444 346 241 249 475 496 324 171 663 252 428 447 517 611 231 291 529 454 549 551 656 526 361 431 334 601 438 431 338 402 548 41 439 404 490 567 52 228 393 675 218 349 640 332 401 449 578 221 643 366 374 138 405 448 548 357
616 458 458 336 243 145 421 544 479 187 112 329 202 40 57 513 417 435 445 657 579 231 690 126 288 30 145 602 385 95 278 522 262 356 82 255 107 0 403 40 342 257 583 487 422 137 464 539 387 282 257 259 298 435 349 465 428 459 469 49 549 193 429 52 498 478 164 637 428 250 624 777 483 528 439 510 741 486 205 660 635 514 160 743 590 91 624 578 243 436 117 403 402 413 314 507 443 311 313 345 534 199 200 534 410 544 442 488 639 264 324 559 483 484 654 689 582 415 389 481 598 474 362 448 409 725 136 536 514 586 558 154 136 547 634 318 499 611 376 462 494 573 297 619 512 496 25 433 556 512 371
298 34 379 262 211 368 168 164 309 372 332 245 191 363 331 244 75 133 197 269 244 300 241 272 318 422 257 299 222 269 269 133 258 105 309 113 324 444 0 342 91 319 166 218 239 264 58 239 267 255 182 111 176 47 72 358 238 50 243 501 141 220 255 398 239 374 331 301 381 163 313 252 142 99 184 155 327 412 197 265 256 372 250 286 190 296 353 239 342 118 408 177 133 301 360 347 98 218 174 155 294 261 214 333 350 144 226 105 216 130 87 322 94 216 172 311 203 159 97 372 240 198 204 407 70 264 331 255 398 206 222 372 285 394 289 158 324 219 225 127 296 211 211 258 307 202 394 16 164 160 249
693 366 574 389 208 147 541 462 457 204 152 345 232 69 87 678 418 375 398 541 499 297 696 106 349 50 114 709 360 79 346 467 234 355 67 226 121 38 368 0 322 248 507 501 395 129 412 461 311 262 234 235 236 364 348 563 395 464 489 71 445 168 572 17 568 481 160 661 452 227 588 648 542 459 476 460 654 520 216 542 659 410 194 628 617 108 572 602 298 486 130 345 430 450 389 455 384 328 330 380 581 169 266 464 385 494 543 487 676 283 344 539 497 512 521 720 524 423 489 550 608 464 317 474 510 716 176 549 521 646 602 180 144 489 717 337 417 667 422 347 630 446 270 626 513 501 47 443 608 633 384
424 105 474 327 106 268 327 204 243 343 321 243 168 328 255 342 159 223 176 430 379 227 378 254 343 279 190 377 124 227 305 225 199 174 197 105 319 312 115 321 0 313 326 352 363 209 162 229 342 273 148 55 136 158 153 430 288 160 362 384 236 120 287 244 282 485 255 416 427 75 389 434 271 209 294 141 368 339 121 385 312 477 218 415 307 250 464 359 310 214 285 205 130 334 363 516 211 259 194 126 270 141 194 251 472 181 342 248 346 68 113 351 171 284 273 361 345 259 230 428 282 167 138 525 189 348 294 299 473 312 335 271 156 473 440 205 375 250 347 186 317 242 270 394 317 287 307 121 314 242 317
409 429 218 200 281 91 352 431 638 39 115 208 170 211 170 603 303 353 436 553 329 87 572 156 93 284 164 578 527 242 112 336 146 269 257 212 119 217 369 289 340 0 506 273 201 141 341 461 137 123 173 268 181 346 297 351 165 420 350 266 533 191 407 283 660 212 107 396 208 381 536 614 386 527 301 520 582 198 305 477 420 227 147 569 650 186 602 576 18 336 134 295 438 242 91 308 331 204 198 401 539 415 162 608 184 512 338 448 592 314 305 543 411 540 557 652 337 257 349 250 654 436 441 218 437 682 104 428 287 603 606 81 303 303 579 208 242 514 253 311 441 534 131 560 276 305 268 398 572 508 214
134 188 424 305 386 471 114 131 336 431 518 306 317 505 581 148 152 128 249 122 219 407 136 420 337 583 480 92 391 398 401 87 306 159 413 285 437 481 165 529 301 421 0 225 278 360 146 299 315 297 317 263 235 125 169 265 363 134 176 676 165 330 129 528 292 393 442 114 381 311 124 152 107 160 140 235 126 312 419 82 73 409 392 153 216 409 152 96 486 94 529 230 281 244 500 434 123 307 248 278 403 433 335 385 477 241 120 70 76 310 211 107 179 67 209 193 118 198 72 312 316 337 378 400 125 142 473 93 343 114 177 402 362 341 182 315 295 139 233 142 123 198 335 162 286 159 519 161 72 62 319
187 296 163 100 406 403 74 276 506 272 332 101 244 415 452 378 167 107 387 184 74 196 328 298 208 517 370 199 399 380 186 119 224 103 458 192 387 481 195 385 290 248 223 0 108 313 163 470 167 216 180 292 173 272 183 84 144 194 87 466 331 332 80 465 391 195 288 169 151 318 353 290 104 272 63 376 343 155 433 270 205 157 312 381 342 405 277 256 284 135 363 78 396 75 210 189 108 127 92 388 517 470 228 466 274 442 74 232 287 248 193 201 309 165 321 421 119 71 155 162 453 399 374 226 255 410 396 143 181 302 356 264 390 127 361 186 92 343 75 101 106 371 177 331 72 54 532 217 305 250 90
240 291 108 22 316 296 170 407 671 189 309 42 151 433 337 374 192 188 387 315 130 131 345 323 86 381 256 363 490 320 100 208 151 182 383 197 282 330 269 415 328 190 295 87 0 254 199 521 52 99 158 276 151 319 216 135 22 247 159 376 368 326 144 467 573 121 240 207 79 350 434 367 203 289 162 442 421 80 393 363 338 86 244 403 502 265 385 347 176 238 285 102 379 56 141 127 168 114 93 473 627 465 137 502 174 458 148 317 429 224 202 312 359 258 432 417 230 131 259 138 586 515 408 151 312 454 267 284 102 455 438 215 397 107 386 129 85 443 34 147 206 427 98 451 84 121 474 267 315 357 23
446 295 321 255 157 95 316 472 413 123 79 200 95 179 111 556 310 324 374 393 369 127 610 28 221 141 31 468 307 90 173 355 75 246 128 122 90 130 236 158 210 125 430 355 223 0 314 426 229 144 129 177 113 294 240 440 273 300 403 151 446 87 328 157 445 273 44 467 283 177 560 464 284 384 277 387 505 315 155 431 527 285 15 566 421 40 531 578 151 332 112 226 349 313 207 321 274 183 189 347 553 213 87 515 340 457 352 364 464 133 171 515 418 438 421 594 364 288 354 373 576 325 346 388 324 491 102 398 315 384 511 80 147 313 514 148 395 506 225 224 432 417 177 528 279 317 140 246 470 380 268
263 78 351 238 251 315 120 160 317 389 309 225 201 465 358 189 27 68 244 249 196 271 225 315 284 426 236 192 247 275 292 96 216 76 354 134 408 396 59 355 164 363 140 188 249 239 0 318 261 280 167 174 153 75 44 279 251 37 165 432 170 214 154 346 232 305 319 179 292 224 258 242 123 117 128 207 262 275 244 190 228 301 289 288 201 323 254 245 351 68 334 136 208 222 308 370 40 178 135 230 371 244 202 369 404 239 123 100 245 144 86 238 111 218 237 260 142 89 53 291 312 262 230 460 81 300 403 208 271 193 269 309 276 252 266 178 221 205 173 76 193 200 221 281 208 120 469 45 167 151 222
442 208 679 431 293 474 476 225 82 521 490 451 387 588 466 274 365 307 67 443 595 409 466 363 473 498 401 520 92 416 597 414 492 301 360 269 451 495 256 498 176 551 394 534 514 415 265 0 575 472 358 233 384 236 356 598 438 305 538 438 222 328 404 434 129 582 474 414 492 212 367 418 422 195 463 79 369 611 277 354 389 509 473 358 218 358 481 385 535 390 531 354 94 559 569 579 318 432 454 77 80 246 393 86 704 95 472 245 411 234 311 507 204 383 188 374 370 432 308 559 129 37 70 749 238 286 481 448 553 232 293 493 350 611 491 362 472 308 412 427 463 180 455 315 617 357 406 213 261 345 469
330 391 137 62 386 252 219 347 683 172 218 68 170 308 345 470 219 208 544 285 190 102 430 272 41 326 283 306 483 297 45 218 124 179 348 196 220 353 339 337 289 160 296 158 52 240 265 501 0 55 141 276 154 301 217 174 31 265 246 375 417 279 252 331 495 98 205 252 46 314 547 474 237 415 184 534 450 103 429 451 377 130 207 456 431 262 491 375 116 235 291 135 413 132 84 120 201 93 120 393 574 365 127 683 132 500 258 342 444 258 238 381 403 323 530 545 235 156 258 136 624 512 416 142 377 467 229 346 119 401 526 201 341 172 485 155 131 427 80 214 286 469 91 522 126 203 420 276 433 335 64
421 276 176 96 330 146 235 383 516 132 191 74 111 310 221 517 264 225 409 385 274 39 534 175 45 309 171 332 365 288 36 286 68 154 293 147 160 247 250 302 271 128 340 203 100 147 266 487 73 0 102 204 150 312 229 242 92 291 243 313 424 172 280 297 463 161 132 350 102 265 488 515 212 307 247 492 512 147 258 455 338 193 136 510 451 173 461 437 99 289 182 173 360 167 87 224 206 96 105 384 620 346 68 579 138 488 255 370 390 190 162 432 378 338 482 535 270 146 326 191 538 486 441 198 337 543 189 362 181 467 543 118 230 227 559 81 180 391 127 220 264 435 40 525 207 204 255 318 449 376 117
401 242 286 133 211 147 226 302 446 138 175 142 30 259 240 383 161 150 365 332 245 89 401 121 165 292 132 367 305 182 153 196 53 134 207 69 226 235 211 240 194 172 334 229 177 107 199 386 162 120 0 143 29 198 143 261 163 248 261 290 310 109 230 244 364 260 124 327 246 196 475 390 221 267 251 324 471 267 186 334 363 249 98 470 431 129 411 460 170 190 238 140 319 236 224 298 168 65 111 318 413 256 34 476 245 375 204 229 367 111 92 329 257 373 360 406 317 168 194 266 451 394 268 272 295 451 179 300 260 423 470 132 190 287 449 33 245 372 141 174 288 347 70 489 229 230 244 223 359 361 173
452 128 383 256 94 279 227 276 309 256 226 213 118 280 204 281 185 197 249 355 305 205 411 172 290 322 138 417 191 159 256 274 151 153 151 66 274 246 128 227 51 285 336 250 278 181 139 296 235 233 108 0 95 160 119 434 299 183 277 269 249 80 341 262 354 355 223 351 346 93 475 470 271 201 301 241 494 424 127 430 393 355 184 457 359 193 396 353 304 235 299 176 182 365 346 385 171 155 185 199 320 138 176 395 427 262 328 198 320 23 70 419 210 292 310 494 340 238 199 477 384 193 184 448 194 435 258 360 358 314 321 215 105 340 441 130 373 367 243 171 300 316 198 415 368 260 274 128 322 335 287
319 208 300 166 180 234 225 277 368 195 175 125 49 246 222 356 137 151 351 344 264 112 362 178 174 299 145 363 313 190 172 207 91 105 199 49 255 309 178 256 145 186 250 167 178 145 168 408 151 108 29 111 0 189 113 290 158 189 227 317 303 108 216 256 416 260 135 292 238 205 441 356 181 214 230 334 393 236 204 356 298 308 107 470 385 172 471 418 204 221 210 145 299 204 204 287 129 74 106 320 382 262 68 438 280 356 201 245 349 84 62 334 230 267 346 379 244 132 228 304 433 275 308 344 206 466 260 273 307 356 358 188 161 264 515 34 265 310 176 153 310 323 79 368 241 211 302 154 325 331 173
269 33 379 244 248 344 206 97 279 411 356 228 224 443 407 187 79 126 155 256 323 270 261 342 356 533 294 203 212 315 285 139 262 120 310 193 345 410 51 440 126 346 151 228 295 363 73 251 289 296 263 160 228 0 97 280 300 38 202 473 96 260 232 401 192 449 282 217 355 265 214 213 145 49 193 133 236 426 264 217 226 431 286 227 181 314 230 204 350 101 407 193 110 316 396 443 111 217 227 194 241 280 221 279 450 140 178 77 193 189 137 252 61 195 164 232 179 167 77 391 212 209 206 523 37 195 375 235 442 162 161 342 258 304 296 196 330 138 287 151 216 158 235 229 350 209 390 30 116 104 287
295 136 300 164 249 349 152 201 441 274 277 156 148 381 362 256 53 77 263 243 255 166 292 292 215 431 204 298 302 297 198 127 177 43 255 99 347 391 90 299 140 275 196 185 201 217 55 304 208 225 122 127 99 98 0 293 194 90 198 352 235 185 161 337 349 351 261 256 247 207 329 296 128 185 131 211 316 297 262 263 247 259 240 318 235 271 325 310 265 95 311 112 255 193 332 346 42 115 105 275 393 291 145 330 321 277 132 157 309 125 54 268 186 227 259 319 175 94 111 290 368 274 247 357 120 350 374 219 269 251 301 303 220 256 402 105 267 277 187 78 177 280 152 312 189 108 329 92 237 218 166
149 362 141 155 435 409 149 419 573 374 411 196 313 623 549 366 273 211 527 178 33 306 282 491 229 503 388 242 570 542 278 166 255 235 530 361 416 447 280 492 352 399 267 111 147 370 280 518 211 293 331 429 334 363 266 0 171 245 86 631 410 376 82 480 541 165 401 158 178 520 353 417 158 374 130 410 373 148 546 270 207 123 368 409 408 504 317 338 324 233 486 149 494 84 258 137 248 226 173 505 571 497 300 676 281 448 110 302 336 415 314 220 424 201 384 336 144 149 201 132 612 589 510 255 387 381 386 158 149 385 371 442 490 75 339 262 72 408 119 186 97 523 246 421 64 114 540 347 354 339 118
346 335 134 34 335 281 212 357 678 194 273 38 181 347 292 505 226 157 472 336 172 109 369 269 68 410 227 338 477 282 75 231 152 164 364 207 270 428 285 322 284 157 307 140 23 245 222 545 29 88 151 280 181 321 173 154 0 243 234 427 415 290 209 338 431 106 205 272 69 385 413 471 232 416 165 378 495 76 411 414 349 125 240 524 485 294 510 417 155 205 284 125 412 94 131 157 213 100 112 382 588 343 129 664 120 497 210 288 374 280 228 343 310 307 447 529 244 149 241 162 546 486 500 156 291 437 293 258 105 429 480 248 381 129 484 133 93 449 52 148 257 475 100 467 95 187 364 289 333 345 53
225 84 320 246 311 373 153 137 324 314 429 270 208 509 471 153 55 99 187 201 268 300 231 363 342 506 308 212 271 381 357 101 255 104 354 167 422 478 54 373 143 450 129 174 297 340 43 282 292 281 179 199 214 38 94 285 266 0 182 526 139 293 188 344 267 346 302 197 389 249 203 212 114 74 117 184 272 299 331 168 199 335 296 252 196 387 265 222 388 76 442 179 137 310 339 362 65 190 180 252 324 252 257 344 461 202 166 65 206 163 146 211 92 182 213 281 181 115 56 365 266 254 260 456 67 209 423 194 385 167 216 363 268 317 326 191 283 196 222 122 179 173 223 242 256 155 405 38 106 118 299
116 264 272 197 367 372 68 311 609 406 419 176 341 552 496 356 164 118 466 103 67 288 211 465 254 555 376 131 513 499 303 103 280 169 465 292 471 565 262 469 295 429 131 87 155 385 190 532 238 292 241 298 229 212 216 79 221 218 0 573 327 352 13 497 358 231 426 58 265 384 259 275 78 286 58 383 301 180 388 185 116 207 332 264 305 432 233 226 404 102 450 139 368 119 270 216 150 217 139 388 533 416 307 609 352 394 38 236 186 268 252 141 330 134 306 312 53 141 170 220 541 409 374 285 290 323 445 77 229 324 312 380 501 144 274 214 131 338 142 127 25 345 230 275 115 67 518 253 205 205 143
631 409 518 388 220 159 458 607 687 232 132 432 248 21 73 624 387 492 579 655 524 299 649 168 323 25 164 742 452 136 363 476 263 409 143 307 112 51 400 81 407 262 583 542 384 152 420 517 339 328 283 293 279 541 455 581 380 481 543 0 574 252 624 102 687 471 167 595 448 309 681 666 473 517 430 496 792 440 247 674 537 439 174 640 557 156 844 774 261 515 100 446 460 481 324 543 390 391 393 440 546 263 277 597 376 562 446 583 649 287 380 650 438 564 651 701 476 464 552 436 573 460 469 542 488 772 151 583 545 645 614 159 218 450 690 276 443 559 480 501 499 601 328 740 552 558 34 467 521 615 379
259 103 486 351 310 455 276 26 255 471 535 325 372 588 503 57 192 266 150 280 382 409 216 424 460 621 363 256 280 432 413 184 339 211 486 296 563 611 145 562 235 509 153 364 358 462 192 233 459 440 342 314 274 104 193 350 376 134 345 548 0 346 288 438 128 538 409 321 430 329 178 187 255 60 277 112 198 431 360 166 238 400 358 198 53 522 244 175 485 193 498 268 101 335 464 423 191 386 272 233 220 342 364 243 557 135 286 102 163 314 258 275 77 238 72 195 277 250 141 533 151 207 255 594 75 119 601 198 456 47 91 454 419 449 240 358 394 54 417 233 285 89 324 130 392 257 473 142 89 88 338
454 217 350 274 89 174 354 335 473 163 152 204 98 221 167 395 230 249 358 514 385 173 545 98 261 235 50 485 215 79 239 282 120 213 96 98 152 180 187 171 163 194 434 281 309 87 236 308 303 235 97 97 105 221 204 407 271 235 381 199 328 0 327 126 458 412 112 428 319 106 425 478 323 324 299 318 466 342 93 516 377 425 76 576 466 83 527 420 190 270 147 268 258 331 310 375 249 192 228 256 399 121 141 492 348 312 308 296 403 73 153 417 286 450 433 507 406 278 282 435 441 318 248 484 311 496 189 469 332 378 484 153 55 444 480 162 392 469 254 237 414 344 153 395 376 285 168 264 344 337 285
94 247 257 178 390 387 43 256 461 422 359 193 305 612 508 310 169 116 412 115 57 235 215 421 284 552 432 141 481 372 258 94 290 128 519 307 490 478 262 444 364 353 145 60 157 335 187 397 218 243 221 302 241 196 169 81 214 202 12 565 296 316 0 545 432 298 311 77 221 401 259 239 82 265 53 421 264 197 452 205 125 229 376 278 335 475 253 235 384 125 399 136 413 131 297 196 118 185 147 430 456 502 266 527 327 361 33 210 190 313 212 136 268 100 328 272 46 98 144 197 458 410 409 295 247 359 451 83 202 248 293 446 408 124 241 249 124 300 163 114 34 392 196 263 106 61 482 197 210 232 154
639 355 429 355 156 152 482 586 546 226 161 401 205 92 93 543 390 434 371 533 535 246 672 116 341 72 108 575 333 83 308 512 199 354 53 255 161 59 358 18 260 268 594 438 348 161 387 406 360 296 228 241 300 391 381 550 411 414 451 103 522 164 572 0 573 459 160 660 384 174 738 746 506 429 463 394 601 535 189 514 636 477 189 603 484 92 665 525 248 454 136 362 369 411 347 431 395 311 399 373 523 203 243 504 421 460 463 467 644 238 335 703 485 509 594 722 484 418 438 448 603 384 367 558 468 583 198 508 505 616 638 204 104 436 790 296 502 620 399 356 580 559 290 590 559 488 54 429 448 457 359
335 171 659 407 355 494 333 167 148 627 468 544 388 654 545 143 261 330 85 398 526 465 344 414 553 651 439 370 225 404 488 281 453 331 441 400 641 521 263 480 267 556 306 504 536 490 266 115 460 485 430 289 364 172 324 448 578 259 354 574 140 345 363 456 0 644 543 335 597 307 247 218 332 173 323 91 287 585 359 326 286 577 446 239 108 421 368 341 664 299 611 353 96 451 671 512 266 356 426 177 129 323 418 103 648 69 347 219 285 318 341 427 132 369 63 288 398 340 230 611 47 141 158 574 197 222 636 380 584 188 135 631 360 517 378 371 523 169 438 341 386 43 480 222 481 405 500 236 205 198 518
398 458 46 159 522 276 263 558 771 203 346 170 235 420 360 568 294 317 604 385 230 198 457 288 120 450 357 422 625 381 149 346 253 316 499 354 271 394 370 398 372 180 398 183 133 313 297 552 98 170 236 417 321 447 260 175 95 331 271 452 452 405 295 473 671 0 278 358 50 506 529 478 306 523 266 540 450 59 483 413 421 69 345 580 493 381 426 478 209 355 358 244 561 142 126 72 323 222 183 606 594 531 215 714 56 556 303 354 474 341 292 347 502 320 635 600 262 281 321 70 629 524 629 59 447 643 305 337 69 495 628 259 497 125 432 229 113 547 169 246 319 637 189 536 126 234 383 403 395 441 120
469 340 274 239 187 56 375 396 615 62 56 170 93 152 98 498 275 272 452 524 416 82 542 65 151 176 85 444 349 133 130 361 64 252 147 136 83 150 321 163 211 116 459 278 205 44 338 437 204 114 125 200 157 377 214 401 217 345 426 179 408 129 401 183 507 302 0 419 269 253 639 474 311 422 365 435 659 334 257 547 429 313 34 651 554 57 655 492 101 332 89 204 433 318 185 322 261 191 213 337 502 270 90 624 219 451 400 372 552 185 222 413 367 412 562 589 410 223 372 324 582 420 365 300 386 514 88 371 325 422 465 46 200 388 544 120 285 448 249 303 331 402 132 468 266 306 162 256 416 417 277
38 284 259 210 461 545 101 272 498 506 414 211 406 546 608 275 191 156 373 52 142 335 137 466 317 691 445 68 466 552 347 128 415 236 526 303 575 584 303 624 421 397 142 133 232 459 179 429 331 347 312 391 262 266 216 149 289 243 79 611 318 402 68 504 365 378 411 0 267 406 191 248 118 237 101 359 192 234 531 123 83 237 436 206 261 515 174 171 436 118 499 189 366 167 418 258 167 265 220 376 475 528 352 424 362 418 80 207 176 299 264 48 252 69 361 219 43 190 167 259 423 518 413 389 284 300 487 46 264 241 302 528 444 228 200 341 185 270 221 173 46 302 284 252 200 123 608 219 174 174 211
338 335 93 92 439 264 237 483 599 215 293 94 241 328 343 454 260 249 477 317 192 151 487 307 79 433 302 396 426 308 101 307 174 264 409 257 287 385 401 421 432 155 425 194 67 296 322 475 60 99 191 309 257 407 248 190 72 365 213 457 423 297 214 478 659 42 235 357 0 382 563 450 230 368 219 470 557 56 396 386 394 79 248 422 557 261 491 517 184 303 273 163 408 110 105 99 303 146 140 497 636 442 194 609 74 589 217 434 423 354 277 381 461 309 560 460 301 184 338 106 590 543 549 116 452 480 289 293 84 501 449 205 418 149 456 181 110 456 118 255 223 446 148 512 122 194 350 378 413 386 98
450 225 484 384 28 297 295 292 343 342 241 311 179 306 233 404 225 292 255 483 366 219 553 182 292 232 138 455 137 111 352 337 257 247 151 145 260 210 187 215 77 291 395 365 304 205 239 198 380 301 172 70 168 208 176 529 317 264 442 282 306 92 377 159 343 453 209 476 382 0 483 520 377 230 344 239 503 412 32 483 366 490 174 439 381 210 579 499 292 321 278 288 203 379 421 502 290 266 289 170 344 45 236 339 479 215 319 315 380 81 140 408 214 483 331 476 418 330 295 566 393 201 144 436 265 388 254 403 531 394 398 262 81 528 481 219 384 400 358 253 461 277 285 460 357 313 252 182 394 345 329
174 246 438 465 496 691 292 128 430 596 656 437 418 673 729 118 267 244 288 190 321 541 66 524 525 584 617 151 367 492 560 253 549 271 625 337 667 705 287 619 341 522 145 357 433 457 299 328 524 474 413 405 462 214 335 384 466 256 257 647 198 456 285 655 250 563 639 230 534 439 0 13 278 183 245 290 33 454 531 62 132 474 444 13 190 483 66 63 630 260 715 328 240 333 525 432 284 359 387 354 435 529 423 355 484 294 233 177 45 359 304 175 222 163 181 35 215 321 216 444 319 319 456 556 201 65 676 192 436 117 110 611 510 389 102 360 389 103 361 308 259 248 436 69 350 300 632 285 99 111 449
203 273 486 465 558 579 313 162 436 541 574 371 435 680 738 125 250 304 269 219 393 531 68 665 473 725 602 138 497 584 527 259 439 332 632 458 719 724 274 736 336 608 140 392 394 552 235 388 545 430 413 393 390 240 280 376 421 254 240 628 153 462 286 743 227 616 635 236 561 462 14 0 259 199 251 340 48 474 495 71 159 509 547 24 186 515 69 74 612 231 548 392 276 449 505 445 315 417 368 416 405 559 478 359 660 250 305 165 61 398 338 206 255 142 184 16 251 368 192 553 279 354 379 675 181 59 561 170 418 120 123 693 588 402 117 420 365 130 391 356 305 194 472 44 436 264 783 265 127 97 446
120 212 254 177 309 392 30 203 395 353 351 166 279 542 474 276 94 35 315 149 146 222 233 379 247 416 300 135 345 346 250 25 294 87 450 221 366 488 141 456 271 413 109 75 158 332 111 377 196 247 187 258 226 146 124 137 228 117 83 446 262 347 84 524 302 306 353 105 272 309 225 250 0 214 20 288 231 275 309 217 126 245 301 234 270 429 231 189 370 36 402 77 308 157 330 296 60 149 127 366 451 385 241 458 321 273 39 120 197 221 150 125 196 107 337 274 59 72 63 242 425 309 388 376 183 274 355 99 282 237 284 366 367 201 226 202 170 276 156 54 104 316 216 283 167 41 432 167 157 183 182
251 61 517 377 340 387 230 61 310 461 501 307 318 578 513 113 121 210 163 248 359 401 257 346 395 541 337 200 256 386 375 154 329 171 411 240 502 449 87 458 207 436 137 284 287 355 128 234 341 328 280 218 216 59 142 410 381 71 269 500 62 269 241 472 146 475 443 260 440 231 188 169 199 0 209 118 198 355 292 169 241 438 391 220 113 459 262 215 407 144 396 257 104 338 485 474 155 249 239 225 259 283 289 268 411 103 209 68 177 262 178 248 32 194 126 215 250 200 114 376 198 209 188 497 22 199 533 234 434 84 126 460 341 374 278 260 335 101 335 190 239 129 279 175 331 234 564 80 101 81 348
118 240 272 169 369 380 8 219 497 354 411 152 202 528 463 258 114 48 361 130 99 271 210 406 283 572 318 176 341 447 229 41 253 87 361 233 459 414 194 430 271 293 146 79 142 325 120 404 203 239 195 245 221 161 140 155 213 120 59 456 255 284 56 417 314 296 329 99 238 294 231 314 20 241 0 337 242 253 325 203 149 216 292 227 310 399 259 248 284 62 434 91 346 119 293 235 78 178 121 378 444 419 243 468 272 294 23 147 200 250 184 162 203 139 297 269 57 72 80 237 364 424 349 331 220 262 356 93 216 206 336 308 400 205 296 193 145 302 121 55 91 360 209 307 124 14 420 162 178 176 147
411 123 489 477 222 422 355 133 146 546 417 408 373 575 442 165 272 247 17 329 381 354 336 377 487 433 308 348 148 380 394 259 358 252 367 280 459 541 165 456 182 441 294 444 505 385 211 84 449 472 351 197 337 140 237 501 409 190 413 599 107 351 348 408 96 616 385 397 520 246 253 319 335 107 333 0 340 556 224 343 290 508 355 293 153 452 359 353 449 290 424 346 23 523 517 605 222 375 373 94 112 294 370 121 545 10 323 220 307 281 273 424 104 370 127 265 394 334 208 583 126 65 119 531 128 219 584 311 560 156 209 448 320 498 368 291 411 199 458 261 443 78 367 282 416 330 448 173 185 212 375
147 254 539 486 466 649 283 169 428 555 698 390 558 709 724 172 239 308 351 150 372 438 53 591 463 748 480 109 494 584 469 277 520 336 532 488 678 664 279 715 451 571 134 334 447 497 244 352 413 523 495 480 434 305 292 301 512 242 223 769 206 441 236 720 279 484 511 201 452 432 41 45 271 252 262 336 0 478 549 58 118 415 587 21 219 673 31 57 636 217 717 390 348 337 516 479 260 380 429 376 374 588 537 406 661 367 280 200 64 469 382 129 234 141 235 58 187 355 254 553 350 391 444 670 224 118 623 160 490 146 168 589 522 345 53 463 410 160 391 279 289 249 506 100 395 305 617 257 137 122 474
273 336 41 123 482 357 205 431 620 285 275 134 244 457 351 460 290 274 486 289 147 211 406 305 113 494 320 330 605 449 157 265 249 246 516 253 330 408 356 408 341 249 386 169 74 366 264 575 103 156 227 360 240 370 305 129 93 349 202 476 522 368 184 458 561 62 254 311 61 418 447 495 232 409 225 453 406 0 438 413 393 18 254 476 534 354 480 355 191 311 361 173 462 92 170 50 222 198 153 597 551 500 239 747 90 503 207 403 481 364 276 292 390 270 474 458 288 218 304 58 673 580 499 117 426 559 360 342 30 526 445 310 371 80 455 249 68 488 110 214 259 562 183 494 100 194 518 368 386 427 92
521 199 424 411 3 257 378 318 309 287 246 360 223 250 214 347 303 344 288 416 430 301 520 176 306 231 133 490 124 115 286 367 274 300 110 141 234 226 245 215 117 282 436 412 319 174 282 235 331 313 201 112 171 233 283 550 396 323 426 286 331 103 456 147 402 453 231 480 422 34 577 450 390 314 382 227 501 426 0 413 412 512 199 541 334 182 454 460 369 370 253 348 297 389 340 491 267 252 350 184 322 21 221 384 449 292 386 360 399 119 214 508 274 385 389 532 403 354 288 463 346 259 199 488 269 544 303 470 516 450 376 282 60 545 546 268 467 389 357 293 414 381 237 445 501 387 255 278 334 455 416
124 263 371 400 448 652 210 143 435 487 548 326 434 593 627 149 184 183 276 112 245 505 31 608 514 753 546 74 424 456 513 171 498 230 625 318 625 597 240 617 369 534 75 309 323 572 219 405 382 371 395 325 400 247 269 322 401 214 197 775 164 519 229 693 254 396 502 136 381 512 74 69 217 167 198 349 57 446 441 0 57 438 507 79 201 620 54 11 493 189 504 258 341 352 452 437 251 322 332 394 455 501 410 419 515 346 210 130 21 381 302 114 240 95 235 108 153 264 167 384 389 407 460 470 211 122 582 97 447 131 178 599 452 385 72 414 387 147 341 227 204 279 376 96 327 200 716 210 91 91 326
68 214 395 266 514 588 129 200 405 441 520 293 433 666 563 205 212 160 324 50 167 338 83 422 376 713 488 28 392 466 376 124 389 255 581 292 454 506 268 636 350 427 64 214 264 445 207 433 298 372 359 367 320 244 268 187 373 182 149 608 228 449 145 510 331 363 440 70 325 446 117 135 147 229 165 354 124 356 517 77 0 335 406 127 236 440 121 79 504 115 641 198 310 289 415 399 175 331 241 448 468 438 417 388 371 371 143 128 80 353 298 41 264 19 268 166 90 207 146 367 323 360 386 477 201 202 607 43 375 168 209 491 552 269 107 355 268 199 279 220 100 308 377 150 277 173 703 208 124 116 329
257 372 24 118 425 362 201 516 662 277 334 151 252 520 441 525 330 219 507 332 148 258 421 371 168 435 400 300 475 388 183 308 232 233 424 291 421 515 391 503 472 223 392 142 116 371 292 590 133 205 295 353 315 386 247 131 120 387 215 409 451 408 178 484 594 66 298 294 81 462 531 570 238 465 261 564 408 20 434 466 333 0 359 486 507 347 451 385 245 242 361 165 501 100 184 30 293 183 174 452 657 428 246 618 101 473 236 350 448 309 318 343 408 283 466 591 215 192 294 37 704 533 631 98 471 473 307 321 7 481 554 301 468 65 533 217 80 430 132 206 240 521 218 463 91 245 443 346 431 419 88
421 258 340 242 222 73 343 385 493 113 69 209 81 155 119 502 254 246 435 472 374 87 602 42 165 175 55 395 300 108 187 335 83 196 128 151 95 129 252 167 200 133 341 288 202 15 270 374 209 131 92 152 103 318 222 392 207 354 403 203 420 95 398 144 481 300 35 471 238 204 563 536 276 408 297 420 536 265 176 448 378 310 0 591 397 63 473 433 142 287 106 234 343 300 204 369 219 182 172 372 478 245 73 520 270 422 356 374 444 143 168 518 305 453 434 556 329 207 281 357 553 368 323 379 357 509 110 438 290 515 460 69 154 337 659 130 336 475 200 254 413 395 133 494 280 294 161 236 381 394 249
194 239 580 372 588 564 284 185 462 688 627 447 417 681 629 143 265 305 348 164 370 576 60 618 525 685 617 124 416 615 580 268 434 324 503 479 721 634 303 712 353 688 142 281 459 552 278 463 458 455 450 396 474 216 351 396 379 271 231 730 201 441 300 628 277 612 555 195 481 498 12 18 274 211 255 320 23 485 575 64 125 529 519 0 170 632 61 62 578 223 587 318 306 390 608 498 320 389 386 368 415 513 545 450 606 324 273 155 51 458 374 144 244 143 244 31 261 350 238 541 369 423 432 523 241 67 736 161 464 127 149 675 585 465 67 487 419 122 354 326 287 226 472 81 454 297 600 244 130 141 347
325 182 619 387 418 568 293 75 243 541 582 422 412 700 589 61 211 274 133 268 347 391 255 479 515 523 385 248 255 500 550 273 514 317 491 291 645 548 235 613 274 585 185 337 384 398 204 219 446 431 325 354 377 170 238 463 466 157 304 525 54 352 364 629 94 628 579 350 574 301 155 157 305 117 303 117 187 507 350 192 265 455 513 180 0 507 232 195 558 202 576 318 139 482 630 526 256 404 393 268 185 423 461 187 606 142 299 155 151 327 305 285 114 212 30 165 308 359 218 624 120 197 262 646 116 96 625 259 506 59 55 492 421 515 255 383 449 46 388 318 318 68 358 119 500 269 592 191 128 128 403
519 304 388 298 172 90 318 396 513 129 69 218 106 137 75 594 261 364 345 521 471 134 572 11 200 128 35 579 369 85 245 336 116 238 91 146 81 107 328 124 198 145 511 377 342 41 344 390 294 194 175 202 194 344 263 421 259 294 415 119 421 89 429 104 465 319 65 525 321 201 503 534 337 368 311 420 541 412 186 499 544 440 54 652 541 0 598 528 150 366 90 297 416 360 208 390 297 254 218 350 560 199 133 545 285 424 341 346 612 142 229 494 343 490 528 640 417 279 405 431 498 392 389 458 323 477 111 491 350 448 600 84 122 342 660 203 440 519 307 266 487 552 162 510 418 391 112 303 392 452 329
149 326 502 447 558 688 265 181 518 580 694 351 400 712 735 187 264 254 404 148 311 486 27 656 450 724 639 106 497 565 478 224 535 343 595 437 702 637 291 771 421 672 139 345 414 583 315 486 465 512 492 435 389 292 304 361 451 252 242 743 227 508 247 771 370 566 607 188 532 564 61 70 220 258 225 335 32 519 475 53 123 496 530 51 208 650 0 54 567 234 657 291 341 370 608 403 247 361 363 511 482 473 511 465 508 355 268 222 74 437 417 113 322 151 302 83 213 340 236 470 374 386 510 612 225 122 689 142 471 172 176 578 480 371 22 432 344 172 375 256 252 314 383 147 311 253 720 256 157 128 397
120 240 506 392 558 556 215 131 399 463 540 370 448 642 640 140 257 236 377 121 316 484 27 578 526 744 508 97 504 571 436 198 507 296 646 379 528 593 231 658 335 596 91 275 326 449 243 416 468 453 391 360 320 238 314 279 378 234 248 762 171 398 210 521 347 502 563 140 415 505 48 67 188 230 244 307 53 388 511 14 88 485 463 63 195 630 50 0 532 182 564 277 290 380 529 455 206 394 294 347 392 553 419 429 536 282 171 157 22 394 381 117 252 92 204 97 148 292 164 499 365 328 468 492 173 122 564 143 412 129 144 560 571 379 68 433 296 159 390 274 229 289 454 122 352 208 634 223 96 94 328
386 337 222 197 355 115 364 530 614 36 95 146 151 232 160 477 362 295 464 441 329 77 520 181 86 255 158 477 467 213 92 357 117 274 276 230 111 222 351 266 327 21 465 314 160 146 361 616 134 92 164 287 204 442 250 330 154 401 406 272 487 185 317 268 520 183 90 474 188 311 545 614 284 474 357 501 644 197 302 509 495 217 110 538 603 152 600 598 0 368 146 272 455 259 82 292 344 196 207 487 527 376 109 563 161 568 379 446 441 252 248 486 503 523 595 583 438 267 426 267 641 470 528 225 425 610 109 469 280 600 511 67 304 268 609 161 261 575 216 238 379 454 116 660 244 293 254 327 492 489 224
150 139 337 178 384 361 77 144 382 404 401 181 274 519 469 186 52 45 244 136 153 236 194 352 286 450 290 144 368 344 255 14 294 74 425 188 475 477 135 517 237 421 102 114 224 362 65 379 237 225 198 271 166 123 99 186 245 84 138 438 161 262 106 488 334 348 360 114 324 333 230 212 39 170 57 270 232 281 368 171 131 298 275 205 230 373 201 217 407 0 464 93 236 218 341 335 64 164 136 262 449 344 226 396 339 292 67 107 165 228 156 142 190 106 269 295 100 86 35 266 414 325 371 342 147 216 452 110 332 197 223 346 378 234 242 176 197 192 166 73 134 229 206 197 201 76 550 97 144 132 217
499 408 364 261 281 44 380 494 655 89 34 283 167 74 44 618 348 362 420 622 422 155 637 85 220 119 119 525 377 138 190 393 185 327 171 262 14 87 339 155 306 120 475 428 356 109 335 576 224 197 221 222 255 366 312 523 269 471 534 108 591 168 499 146 562 297 75 499 281 275 711 592 351 410 469 568 764 343 239 626 591 365 104 570 654 92 758 615 155 375 0 316 485 377 230 427 378 244 336 369 500 303 175 514 266 440 474 437 504 251 321 528 483 447 595 563 445 346 423 374 557 407 478 426 507 625 52 461 347 520 541 63 215 408 730 223 359 528 323 383 451 502 219 645 343 358 116 371 609 621 337
218 207 256 96 345 252 99 255 440 289 247 73 137 347 314 337 90 61 358 248 160 146 300 296 160 429 243 215 358 260 164 124 168 55 324 159 271 382 186 408 236 280 194 60 87 274 116 453 120 157 143 207 138 173 113 189 108 181 138 358 294 205 129 441 388 256 237 164 167 243 342 399 94 267 79 335 338 204 272 269 217 169 259 312 367 288 345 313 282 94 344 0 294 121 221 241 72 67 36 333 469 300 159 452 262 352 117 168 327 214 142 219 292 181 400 312 129 24 123 205 464 323 315 257 185 354 280 189 220 321 341 282 302 160 358 113 147 280 67 35 143 325 125 321 133 69 360 156 247 283 97
388 110 591 459 291 460 314 133 145 431 410 328 305 431 477 190 245 289 37 396 476 441 270 382 451 420 305 361 143 342 474 296 345 272 322 281 532 504 155 400 170 554 210 394 476 388 179 114 366 423 276 247 317 130 191 472 398 167 424 492 110 272 311 457 111 528 428 403 552 219 295 286 239 122 258 24 324 414 247 288 338 454 418 312 123 362 306 264 483 276 507 272 0 455 589 465 217 376 310 107 138 224 330 160 472 21 361 191 269 204 254 378 73 268 117 296 292 285 204 568 153 103 117 609 102 248 475 280 544 167 209 456 307 473 331 364 506 154 397 299 403 96 336 258 389 299 509 146 220 208 345
249 296 132 88 356 304 114 319 541 283 346 102 216 499 467 449 195 164 515 217 69 196 331 360 171 441 393 307 481 463 186 192 245 197 462 253 383 503 324 441 349 293 229 69 74 355 223 538 121 189 242 284 197 343 197 77 80 233 129 536 352 296 128 422 540 143 334 193 122 369 349 445 183 355 136 462 346 83 445 284 231 83 273 422 370 303 433 376 245 217 400 130 476 0 234 120 216 169 122 392 645 414 203 570 207 475 137 261 349 349 278 211 304 233 518 436 145 145 257 101 521 508 482 209 332 378 299 182 90 425 499 271 432 58 376 194 30 467 56 157 142 421 186 436 15 122 524 242 361 323 42
381 396 172 158 396 179 307 550 569 119 160 163 157 302 277 629 323 303 614 448 290 128 568 266 63 338 261 399 516 274 62 339 176 285 376 304 181 284 338 366 337 76 467 213 132 200 330 530 85 79 221 357 249 446 293 296 106 375 364 348 555 260 278 366 502 102 186 386 108 341 474 502 368 506 295 521 587 158 398 557 409 186 177 611 607 245 647 515 75 332 233 268 554 230 0 156 304 163 224 493 561 398 182 690 80 540 282 373 561 293 285 429 458 393 643 499 313 238 418 220 674 551 460 175 447 627 161 338 171 492 538 172 321 216 556 213 211 621 193 308 381 548 144 658 223 250 368 336 494 470 170
293 396 17 178 551 356 277 546 726 274 355 147 267 433 396 576 285 290 527 276 146 236 388 392 180 517 428 337 564 427 157 261 309 322 530 380 342 548 373 553 521 283 375 190 142 341 393 567 136 188 308 390 342 400 304 168 137 370 203 524 495 430 240 537 561 77 280 298 97 558 436 504 268 385 275 646 435 38 438 379 363 22 364 442 625 366 531 494 271 324 456 201 471 116 194 0 287 246 222 654 793 560 242 628 134 483 287 406 420 327 326 380 524 291 527 462 307 272 333 15 704 670 578 80 477 609 418 278 21 557 494 326 429 83 440 245 105 517 135 266 218 625 196 518 122 234 545 426 378 411 119
220 139 349 146 248 388 99 216 433 306 360 151 174 447 425 278 22 35 262 185 214 252 254 298 287 508 257 187 311 339 253 68 197 29 374 155 330 433 101 337 170 308 139 118 168 304 54 340 205 236 187 188 153 102 48 195 171 78 174 425 224 230 126 372 297 278 300 157 257 241 275 292 74 138 92 283 272 220 247 233 217 278 280 309 272 278 331 245 308 46 357 81 249 206 348 264 0 122 112 314 381 360 193 418 277 225 93 128 197 198 103 222 196 170 259 301 124 60 55 335 300 321 257 304 130 295 357 143 290 195 290 334 258 233 284 124 237 250 168 43 168 318 145 279 218 77 485 82 202 201 162
306 218 223 76 312 198 140 358 418 217 255 59 83 279 283 372 139 110 325 325 217 96 399 185 102 355 191 330 354 257 107 170 88 87 293 116 262 314 181 380 242 173 290 117 97 183 141 358 97 84 70 180 86 207 129 243 98 232 196 311 288 180 164 347 435 215 192 276 161 270 386 458 174 247 153 344 477 209 241 366 320 199 174 366 347 218 390 363 197 152 249 80 353 138 195 246 122 0 36 345 399 325 82 502 239 364 158 213 324 172 103 271 293 241 328 425 244 79 208 220 498 393 343 255 221 363 239 272 238 314 460 203 275 215 489 38 192 308 80 107 197 356 36 350 170 132 313 204 261 270 124
219 242 243 67 329 273 136 328 410 197 275 56 121 363 361 347 123 94 408 303 173 145 340 276 125 408 195 323 335 271 163 119 129 86 300 124 301 392 181 361 217 192 260 107 77 184 132 431 120 132 113 177 113 195 114 208 111 153 192 334 306 232 168 324 402 182 219 194 179 305 407 335 108 278 130 309 318 151 341 265 228 164 170 408 382 239 407 286 222 152 301 31 323 137 203 233 102 43 0 403 460 345 123 487 196 364 152 191 305 204 120 245 301 277 367 391 182 63 167 222 418 336 414 249 208 386 247 239 192 369 430 241 286 172 374 84 146 398 62 82 166 346 83 353 129 119 338 192 271 251 93
396 132 500 410 193 461 322 277 131 436 401 368 354 448 437 302 241 273 98 474 404 422 471 336 453 395 297 445 48 309 417 327 380 308 302 258 489 393 183 319 135 436 352 349 498 292 225 79 485 448 327 162 271 183 283 428 384 262 419 495 228 240 481 377 196 577 311 498 559 180 334 429 314 166 374 99 440 541 153 367 355 451 360 406 230 299 371 335 408 342 443 318 89 530 422 598 250 344 371 0 169 171 281 166 581 89 447 265 372 182 193 473 142 424 182 446 430 383 325 640 194 49 14 580 225 400 432 366 607 240 305 379 238 455 459 355 436 285 407 353 398 193 370 367 406 365 357 210 322 318 438
548 235 611 508 322 509 462 244 18 563 486 461 486 595 488 277 429 436 100 508 616 578 368 509 507 523 465 530 210 471 642 463 578 378 428 324 594 569 266 556 265 667 348 431 642 412 321 63 680 499 373 351 404 324 401 607 639 365 465 650 224 469 458 421 112 716 537 528 620 271 393 438 417 225 439 119 401 666 297 356 386 750 427 408 210 552 492 359 531 358 497 484 162 617 596 780 353 469 474 135 0 330 430 23 647 134 465 352 443 328 388 547 202 515 192 423 531 499 359 763 101 93 152 827 287 360 565 540 646 269 236 552 354 670 497 505 666 290 514 359 501 171 559 316 680 407 518 287 298 275 539
602 252 560 422 26 296 357 376 311 339 281 383 250 299 274 409 315 291 218 499 496 282 598 188 329 271 154 562 154 116 317 347 262 315 109 166 261 217 253 211 154 348 426 398 412 208 334 245 425 322 203 122 204 257 278 442 387 300 433 230 346 152 513 187 302 488 235 469 403 56 509 594 340 316 402 239 491 505 22 431 455 565 207 555 332 198 631 458 301 410 299 308 215 393 431 466 299 310 335 184 318 0 244 311 515 239 475 386 435 136 227 451 252 436 408 441 498 389 389 455 322 222 166 638 353 422 308 493 485 435 413 332 70 545 581 293 478 464 404 357 550 317 267 409 529 331 271 291 410 423 450
356 280 311 120 246 168 222 350 544 106 122 114 20 210 199 473 188 182 408 374 281 47 413 120 109 249 102 373 352 190 98 255 15 139 176 111 161 257 198 246 241 152 376 219 181 97 210 363 147 73 37 128 54 300 176 269 144 250 251 257 374 109 256 252 497 246 78 290 172 227 466 486 201 355 204 377 445 198 228 417 402 255 75 527 485 146 452 383 117 285 200 144 339 215 139 236 177 90 132 344 438 224 0 414 224 355 276 253 487 129 108 401 265 385 484 567 255 189 249 304 473 420 312 342 345 440 170 310 238 427 428 134 174 278 415 49 212 421 186 169 283 418 67 462 229 251 279 227 393 396 159
499 296 619 577 331 681 463 236 34 552 536 557 408 522 551 239 435 473 135 514 592 502 423 545 692 598 399 535 202 391 604 428 583 480 538 363 614 604 271 584 303 575 339 575 565 429 298 109 553 563 501 319 485 323 368 542 608 377 478 592 253 375 529 591 95 702 569 538 594 362 433 327 445 235 459 132 425 599 288 452 400 741 453 360 245 588 421 385 528 383 667 429 173 538 599 583 424 418 444 150 22 301 460 0 598 161 496 303 364 316 319 509 254 501 191 353 462 388 314 592 82 143 139 674 298 307 519 516 721 316 278 487 428 639 526 466 519 243 590 433 449 133 442 274 586 484 538 332 282 302 651
464 504 89 146 454 237 323 530 646 211 250 165 287 330 358 491 343 279 664 424 218 208 464 314 117 356 278 515 525 447 131 304 230 276 440 329 279 398 364 481 458 160 430 268 147 332 428 610 122 147 281 410 244 424 345 269 142 366 334 385 542 341 319 375 635 58 256 382 70 375 657 594 362 535 339 646 513 94 413 432 482 122 284 653 515 331 532 468 145 313 331 232 619 205 91 104 366 205 231 485 695 519 225 650 0 626 300 391 559 370 290 397 474 402 632 685 328 311 448 124 618 610 630 78 464 522 246 410 110 502 524 250 369 174 554 280 155 654 159 254 316 525 169 531 207 255 367 451 533 460 147
322 111 641 398 302 504 371 149 165 517 502 445 368 570 396 197 243 305 24 322 386 367 307 360 429 513 344 346 167 306 495 296 363 265 319 252 532 508 153 407 186 545 249 392 481 408 231 107 414 406 325 269 335 140 213 430 447 201 420 488 122 356 348 501 90 561 376 414 518 267 252 309 299 129 315 9 299 485 244 277 330 568 379 290 110 411 376 335 420 264 496 356 21 412 538 645 265 370 393 113 128 261 321 137 660 0 315 207 275 252 286 402 84 330 94 270 357 279 212 508 112 73 131 650 150 206 531 302 516 159 186 470 357 484 433 373 521 180 395 331 406 63 331 233 460 379 416 151 181 167 407
115 207 300 161 394 383 19 270 470 431 451 171 274 440 385 303 126 86 316 108 82 243 189 380 273 486 346 148 375 368 292 64 249 115 502 229 417 465 193 530 320 346 139 68 194 379 169 476 246 281 208 323 264 198 184 132 172 160 48 547 265 388 32 499 335 256 390 81 279 397 283 251 40 191 25 289 235 255 344 196 116 235 319 245 314 364 241 213 353 75 383 92 300 163 283 230 97 200 158 432 488 370 224 462 284 393 0 171 228 283 231 140 236 99 352 302 38 85 116 221 416 363 363 285 205 266 414 82 265 215 254 388 407 149 237 241 148 221 149 100 51 378 233 284 139 34 468 160 224 211 133
216 115 410 275 359 373 141 79 386 440 383 315 253 453 488 109 93 153 237 200 279 383 174 350 423 501 321 174 321 348 388 118 312 136 404 233 429 410 102 533 239 385 82 227 273 353 102 262 386 347 309 254 269 57 156 336 369 58 173 450 97 293 211 535 206 462 392 216 422 351 185 182 115 63 168 169 207 404 336 163 145 434 420 198 154 440 227 150 463 88 422 189 190 277 422 364 134 281 225 280 369 301 307 303 512 180 146 0 149 278 162 192 105 145 160 194 179 147 63 362 270 256 311 505 46 159 445 156 396 110 162 421 399 291 249 238 307 117 258 135 181 198 324 165 283 192 509 95 74 68 326
128 279 455 404 513 571 228 152 365 506 478 317 394 573 531 111 215 255 263 110 324 486 43 537 390 560 455 111 480 443 471 159 479 255 538 338 500 525 272 695 347 629 99 240 335 551 190 338 465 388 337 433 321 187 244 318 412 166 249 704 186 500 196 648 314 403 493 179 520 383 51 70 220 171 205 330 63 391 489 22 88 488 557 56 201 505 79 22 519 184 592 327 286 330 477 411 223 312 306 325 335 525 460 422 510 251 194 122 0 397 308 117 232 100 217 82 182 281 187 466 365 369 341 604 193 107 590 146 496 118 151 508 486 382 97 343 316 106 383 209 230 261 337 97 290 203 668 261 75 85 342
375 181 329 204 131 263 228 242 416 282 193 206 135 268 197 305 184 212 215 335 291 170 454 163 228 328 125 417 227 139 283 248 170 170 202 45 239 237 144 250 80 284 258 301 242 132 131 270 296 223 88 18 84 168 139 380 260 185 329 304 292 71 285 216 333 414 176 337 357 89 426 391 216 265 247 276 490 314 120 339 326 349 156 468 343 183 427 370 245 208 242 221 209 307 262 408 178 154 183 204 315 154 116 390 316 263 283 241 377 0 80 373 224 308 268 439 258 200 252 419 414 218 189 424 228 398 239 329 333 359 312 195 113 382 485 123 348 302 249 201 348 282 185 340 371 264 230 145 267 282 270
331 145 302 156 169 291 199 242 353 243 216 151 113 381 244 264 107 141 297 325 293 176 295 210 222 321 157 308 237 245 207 147 157 69 255 37 254 280 84 273 98 288 247 226 198 210 112 266 241 157 93 71 59 136 55 247 203 129 273 320 283 118 212 261 330 354 218 296 291 187 395 394 174 201 156 281 320 282 185 276 331 277 202 359 313 236 396 308 293 169 267 147 212 262 261 346 121 114 134 244 381 213 127 350 308 252 180 168 284 67 0 271 215 299 313 363 216 138 136 370 328 307 269 393 168 387 289 240 293 233 279 263 183 259 402 87 252 257 172 105 255 242 120 343 233 184 314 99 230 272 231
18 256 373 300 530 539 171 206 573 535 454 314 446 562 626 257 243 201 336 8 203 387 113 519 446 546 525 24 440 497 332 129 443 201 491 349 513 671 267 672 430 452 103 170 263 557 267 508 390 352 388 418 356 234 222 162 280 238 139 580 257 395 118 620 342 419 421 46 401 390 183 172 164 216 172 383 167 281 420 108 41 286 467 188 284 595 128 107 534 159 581 247 371 222 446 365 229 310 242 424 423 448 345 507 365 354 131 190 113 372 282 0 325 47 285 211 105 196 162 338 406 513 507 382 254 224 539 48 368 244 264 543 548 259 125 360 296 256 263 215 89 291 345 192 217 169 644 287 164 195 247
285 53 545 376 246 402 265 73 265 415 456 381 295 575 507 157 168 230 102 308 291 413 240 372 395 571 290 287 194 344 451 180 291 224 344 243 517 402 90 379 175 501 147 332 395 346 115 185 385 422 288 228 237 52 172 357 369 91 276 491 60 253 243 450 159 460 374 272 419 229 195 198 233 28 252 106 230 379 311 229 268 439 330 238 105 363 319 253 467 203 489 280 77 401 406 491 182 274 258 186 192 300 334 246 461 74 269 92 182 246 183 298 0 229 125 279 224 263 156 454 163 150 168 516 47 183 456 285 384 112 135 395 298 432 326 309 323 111 382 180 249 117 356 169 391 262 488 82 112 123 322
57 221 364 236 482 555 126 184 426 417 448 250 377 606 525 176 195 169 321 39 156 405 98 498 335 546 404 46 485 509 372 106 414 214 461 290 452 585 264 673 305 402 72 195 305 466 206 450 362 393 341 365 296 190 196 219 312 171 122 620 190 448 101 498 345 339 382 62 380 438 156 192 100 218 102 284 168 280 507 81 23 357 389 158 244 457 115 102 496 114 603 211 275 253 444 313 192 299 257 349 489 551 406 448 435 302 119 125 90 370 282 42 209 0 278 189 72 155 129 285 409 348 348 454 179 223 569 31 362 193 203 406 445 285 128 338 260 226 266 171 95 261 295 212 256 153 508 229 121 124 292
347 141 490 483 352 529 284 90 225 596 626 398 473 662 479 91 246 336 127 356 354 442 280 502 452 543 507 316 278 458 456 261 381 276 446 347 641 592 219 571 252 484 230 337 472 493 230 183 442 494 411 311 326 160 318 527 409 180 333 589 55 394 396 545 57 539 564 385 445 350 221 213 301 128 311 105 225 486 330 264 233 549 415 204 38 428 309 194 631 291 659 361 98 438 531 576 292 439 386 199 182 427 403 192 556 93 320 187 184 309 280 316 125 297 0 224 286 286 232 632 127 168 235 699 117 152 623 348 613 98 73 621 441 484 290 447 481 83 493 290 306 33 378 145 513 370 556 184 163 134 451
216 325 562 483 530 625 329 154 364 588 541 420 517 672 673 131 254 316 322 201 384 521 84 633 508 666 546 152 465 510 520 229 596 294 551 430 754 709 294 749 392 698 189 349 394 628 292 436 439 469 432 477 470 254 345 354 530 284 331 734 156 485 296 598 283 584 608 280 444 473 28 19 274 205 272 288 47 439 498 88 154 531 619 36 186 687 83 78 632 254 633 346 247 441 589 604 326 447 402 397 324 557 503 330 534 270 242 212 78 466 423 168 245 178 183 0 222 379 254 452 273 355 458 693 213 53 766 246 529 122 106 692 587 433 122 511 466 139 474 322 261 231 446 64 484 274 790 237 135 138 467
77 263 277 188 373 506 58 250 542 425 400 226 295 580 438 289 141 110 314 79 111 294 204 448 269 640 338 122 478 475 254 85 291 159 430 307 429 508 250 538 266 375 101 103 210 359 186 478 258 280 287 311 285 207 160 148 203 177 47 601 216 341 38 593 407 354 449 56 275 340 260 268 65 206 61 290 217 237 467 139 107 281 427 242 342 400 217 168 445 92 464 129 282 187 329 251 129 207 178 425 488 463 308 473 323 363 31 185 163 341 230 86 240 78 369 225 0 119 107 245 455 475 365 391 200 289 417 41 228 271 315 367 491 202 202 245 154 256 191 120 37 344 251 258 149 74 471 203 195 207 187
199 199 249 104 317 352 78 276 457 292 321 105 183 362 309 335 69 40 365 203 137 203 284 256 203 484 267 239 394 323 213 85 161 36 378 159 299 370 128 372 242 274 189 82 119 302 116 379 174 171 171 234 155 178 80 201 141 139 112 375 248 279 132 425 350 269 235 153 211 258 318 280 74 235 67 275 279 183 339 242 212 233 216 362 352 280 343 252 296 89 370 28 266 117 279 264 50 106 54 314 507 327 194 522 294 332 91 156 262 197 138 207 204 208 301 394 116 0 106 226 454 397 364 336 223 301 377 169 250 280 348 258 346 179 346 101 140 260 112 15 134 327 120 283 125 63 393 129 211 207 108
183 123 290 207 370 379 104 116 438 357 402 253 231 496 379 186 62 81 288 188 234 324 211 413 341 503 346 148 279 321 273 39 260 93 450 198 430 441 120 492 198 449 74 174 214 288 53 312 314 295 209 204 184 84 104 227 242 49 155 433 172 277 123 466 300 358 296 150 363 258 193 205 70 106 111 230 190 328 276 143 133 343 319 235 194 335 233 186 321 30 444 141 211 202 382 320 54 216 144 259 366 322 298 310 347 201 123 64 141 240 151 169 126 146 251 257 105 126 0 330 297 321 345 459 85 228 440 112 324 170 241 352 364 234 263 217 222 166 200 80 163 238 228 196 253 123 510 81 120 97 205
255 387 32 158 482 424 196 513 722 305 360 146 313 574 461 451 306 244 660 364 125 258 374 428 156 600 423 315 626 460 171 247 293 289 485 330 424 501 435 467 485 315 337 163 152 431 384 714 161 222 258 348 272 454 275 115 118 345 217 560 421 415 198 607 527 88 368 311 104 565 489 534 251 466 254 591 441 46 570 425 372 28 346 455 553 353 518 387 305 342 404 222 507 116 224 13 307 220 211 586 653 607 262 675 145 501 249 339 500 367 307 361 503 314 568 504 224 212 375 0 592 586 651 103 434 616 358 319 23 456 621 348 530 65 472 280 70 436 165 275 252 595 214 541 90 256 439 346 451 404 138
497 201 673 582 374 558 434 177 112 632 605 452 545 693 506 223 289 324 117 426 573 558 410 556 501 589 550 463 217 427 610 360 514 319 408 366 612 649 290 481 254 646 330 546 620 532 290 135 582 568 440 357 408 244 357 529 537 317 466 615 187 435 527 626 41 707 561 429 553 389 262 287 408 208 352 105 292 670 366 315 322 682 518 348 151 479 318 364 534 408 599 384 126 524 579 598 338 443 418 172 101 382 539 90 784 113 444 277 303 399 323 427 167 397 120 257 476 371 274 588 0 137 188 729 254 229 551 354 674 222 182 489 353 517 399 462 643 185 579 382 496 83 545 242 618 404 532 252 270 239 468
437 189 692 502 242 400 337 232 102 526 445 469 328 485 422 242 279 351 70 399 492 468 351 335 542 475 297 439 97 374 464 329 438 318 395 304 500 477 173 406 151 440 346 476 545 324 261 37 450 477 293 197 304 202 320 458 504 203 428 469 220 273 454 456 132 586 436 466 610 192 333 343 371 181 403 62 367 522 260 321 360 616 392 379 236 366 473 441 535 335 469 331 83 475 598 653 257 408 426 49 106 191 377 120 541 85 413 247 341 211 242 401 147 387 203 412 417 395 247 505 155 0 45 719 214 338 472 461 529 237 220 410 303 597 465 351 577 216 509 381 505 145 363 285 455 349 427 187 321 311 518
502 180 580 374 204 422 413 292 169 386 455 366 373 496 469 286 327 350 92 528 518 386 399 399 485 397 300 511 42 280 387 357 324 347 259 213 467 344 181 423 123 487 391 358 399 332 214 63 421 459 318 176 335 179 298 568 515 285 421 381 203 272 410 317 205 514 434 384 540 173 414 385 318 243 382 112 470 509 160 424 467 508 328 450 277 361 449 415 501 356 412 397 132 552 561 543 312 331 406 19 129 169 315 161 552 108 386 274 390 201 270 398 199 361 241 424 350 348 326 665 220 36 0 541 248 411 437 473 468 269 277 399 271 613 417 292 463 256 491 343 524 199 330 303 555 445 387 211 334 333 414
379 558 65 197 467 306 347 503 848 278 386 188 349 402 478 631 328 298 693 425 275 259 595 413 143 492 444 462 687 405 207 386 283 375 436 393 367 399 439 513 484 211 485 256 147 350 344 613 161 213 269 470 329 444 317 229 170 427 332 414 519 413 261 451 601 66 354 320 92 558 675 527 334 509 288 684 642 113 520 489 434 84 373 665 527 387 636 592 251 335 357 322 678 180 177 76 400 271 229 623 814 465 306 643 68 696 297 473 518 365 327 464 523 387 631 660 345 316 447 113 808 747 548 0 527 555 287 461 108 524 601 273 482 179 492 276 189 527 213 373 303 567 269 663 165 349 516 504 502 568 152
291 51 380 310 308 383 202 69 289 421 428 311 261 515 426 126 135 147 169 231 311 311 236 426 420 417 328 215 200 306 383 134 349 136 326 224 496 465 75 525 143 413 138 293 365 347 98 219 307 312 249 237 261 38 137 385 380 54 230 572 64 279 203 401 205 408 417 227 376 272 225 221 178 26 179 141 255 399 265 162 219 475 397 223 143 438 235 225 353 140 470 204 135 369 490 376 126 225 255 184 290 262 281 300 483 128 173 47 178 191 184 274 47 214 116 222 188 199 86 426 217 193 249 489 0 184 419 202 365 120 153 433 345 314 291 271 354 113 329 153 246 155 267 153 284 214 512 55 93 93 345
238 234 506 501 422 701 267 120 331 569 604 488 530 761 644 70 283 273 262 236 398 504 137 502 459 628 527 217 388 557 573 257 466 297 549 380 647 611 233 646 343 633 172 389 526 572 262 305 576 527 497 353 463 244 362 459 429 228 288 718 126 406 308 549 231 582 584 247 465 405 66 47 295 201 341 280 104 484 554 121 176 565 468 78 111 503 146 101 631 262 708 349 258 384 585 471 311 440 402 395 348 542 471 362 639 266 284 150 110 363 391 244 205 217 135 62 237 384 212 561 234 314 341 582 162 0 717 264 576 96 60 497 493 482 184 450 380 78 363 312 317 159 431 16 468 295 608 253 94 95 446
483 413 380 260 330 30 363 529 623 59 48 276 149 120 99 549 392 404 504 502 475 153 717 124 213 135 161 629 482 167 177 419 138 312 187 274 37 133 379 162 320 83 492 356 292 129 407 447 250 195 209 298 262 385 366 458 244 473 502 128 584 168 384 167 499 289 81 458 246 342 654 569 401 467 336 486 606 277 290 598 455 363 97 712 574 120 583 628 83 406 48 317 572 310 191 377 313 252 316 469 521 362 186 549 241 487 466 496 632 246 331 471 454 534 601 594 483 298 403 412 592 541 490 381 516 607 0 525 376 548 702 55 221 404 652 192 316 656 338 319 429 568 232 615 385 370 167 458 519 541 352
50 223 368 239 408 537 83 210 482 463 484 245 330 544 484 227 177 140 384 41 155 313 119 476 302 609 383 53 454 471 401 102 327 172 475 255 509 586 197 566 298 426 75 137 293 476 151 477 350 296 309 355 323 215 193 188 324 166 100 692 203 392 99 603 394 346 482 36 275 415 201 216 93 244 97 309 196 255 442 121 52 331 368 195 251 452 170 142 489 112 496 214 299 248 350 352 175 293 215 376 476 443 316 540 444 330 65 176 133 313 286 44 277 29 302 222 44 144 128 261 402 467 393 416 184 260 550 0 256 224 258 398 422 198 177 298 216 211 218 134 66 284 338 184 232 132 578 248 141 135 206
321 446 33 149 433 343 215 411 776 300 378 144 243 425 429 474 330 236 586 271 169 223 422 436 163 425 328 318 475 430 195 290 274 260 546 343 318 429 404 554 375 226 348 159 116 358 367 582 139 162 258 334 321 363 320 138 123 391 227 446 401 413 200 504 597 57 302 227 92 442 484 513 237 404 245 539 473 29 529 443 324 7 345 556 533 431 475 471 236 308 417 200 502 96 160 23 243 187 198 581 634 564 284 695 138 504 243 373 396 366 332 290 438 276 628 441 222 252 287 26 536 518 652 117 345 582 309 286 0 450 592 337 462 72 507 212 76 507 123 272 218 532 229 459 101 187 575 410 371 364 110
207 166 577 431 352 491 285 30 316 479 582 367 355 682 600 22 199 271 179 261 347 443 158 494 531 689 508 193 271 464 455 175 372 214 499 365 646 621 205 576 246 492 108 359 463 470 166 307 479 439 366 272 285 160 239 377 399 172 264 541 49 440 323 559 147 478 423 244 552 390 124 130 227 80 272 188 141 538 459 125 198 485 463 146 63 524 149 128 504 223 509 286 176 445 540 558 230 340 332 280 237 392 451 300 497 191 286 97 133 372 270 229 98 206 83 109 214 260 152 443 238 250 267 628 112 95 497 198 464 0 50 584 392 386 218 300 418 15 340 282 268 110 366 66 438 293 550 150 48 54 414
247 178 496 415 358 525 343 89 258 662 640 436 466 605 682 24 211 303 196 296 449 558 173 606 555 652 501 210 308 562 484 224 517 254 443 332 672 577 213 630 287 651 160 379 459 535 203 231 449 547 411 328 411 173 262 385 387 175 326 612 67 399 370 546 162 514 469 264 486 334 102 97 230 123 337 215 178 584 402 160 246 484 449 135 48 556 172 175 588 264 567 349 165 397 575 559 304 338 361 264 300 456 507 233 674 175 275 150 141 355 281 255 126 252 73 131 241 320 224 585 182 261 330 557 133 52 554 245 481 39 0 509 463 475 181 385 470 30 440 266 342 127 486 54 494 328 529 248 94 95 412
444 323 347 216 277 35 396 502 480 32 35 214 121 167 123 482 323 376 434 473 431 103 613 91 157 191 98 460 383 145 125 395 111 269 161 170 62 184 360 182 334 82 429 357 241 86 335 415 199 124 153 273 192 365 260 439 188 310 355 193 446 167 376 216 573 312 41 488 229 264 576 628 371 416 374 513 586 329 235 455 430 286 65 594 557 103 645 624 62 378 70 308 451 340 165 279 345 187 254 416 572 324 124 639 239 479 317 390 572 192 260 430 359 509 550 585 379 325 347 359 532 418 429 356 442 551 58 455 325 472 606 0 228 344 557 177 312 494 275 306 367 600 154 668 310 359 161 357 406 412 276
536 230 537 283 59 177 393 428 395 280 211 257 150 209 153 457 306 375 336 517 409 262 469 126 354 163 101 521 180 56 303 401 183 314 71 169 225 162 280 123 141 238 393 315 399 127 273 284 295 281 164 106 204 303 235 457 302 294 478 217 357 67 367 122 411 442 145 422 356 75 490 582 358 320 377 279 512 362 64 480 528 394 143 483 458 119 633 453 278 294 204 277 325 459 306 505 257 266 277 210 326 86 196 467 368 286 339 310 510 119 182 446 293 425 421 464 432 341 341 412 423 309 259 403 344 438 225 482 424 458 396 207 0 466 595 239 412 451 291 333 493 390 252 513 417 357 164 281 433 467 337
247 378 108 111 405 334 154 433 620 295 427 127 271 500 393 492 231 176 548 235 88 265 393 343 218 538 346 278 464 405 222 244 292 194 417 335 385 532 298 564 455 341 304 106 125 426 274 618 136 236 301 334 244 392 288 73 135 281 164 462 418 342 162 432 591 110 339 237 136 470 481 370 178 434 181 507 428 72 512 355 291 69 390 480 500 367 448 390 247 212 450 154 443 53 209 89 232 200 206 494 567 509 266 741 157 463 197 310 379 324 260 240 423 235 578 506 190 173 230 55 649 498 482 180 394 530 386 241 56 431 460 370 479 0 327 209 32 430 121 199 145 517 197 411 45 153 528 321 393 313 88
165 326 492 389 525 593 228 246 539 692 570 481 545 760 729 171 305 244 411 126 343 450 45 669 565 684 592 102 441 662 495 279 589 283 747 415 572 676 352 734 494 664 186 370 369 615 266 393 483 579 445 411 418 326 305 294 485 278 280 754 248 566 215 763 343 531 619 159 549 538 86 108 215 309 231 342 46 387 550 82 106 501 600 89 242 696 27 70 534 232 639 316 376 376 487 481 314 442 401 444 484 501 537 453 566 320 278 229 105 506 401 130 323 137 299 122 186 362 229 405 427 516 485 635 246 158 567 192 506 179 234 560 543 361 0 414 398 220 432 347 254 345 487 174 414 287 624 280 194 197 414
323 185 281 115 222 223 184 277 461 202 200 83 47 265 269 353 130 142 390 292 253 80 435 148 120 297 167 378 303 188 132 206 76 93 273 83 247 248 208 333 223 181 239 182 137 138 143 390 132 109 34 153 35 190 100 257 147 206 216 364 295 140 192 285 390 258 159 287 188 195 464 371 206 242 198 311 391 258 245 334 364 239 129 399 350 207 440 399 195 195 210 112 346 207 171 250 124 38 64 348 464 277 45 423 275 319 215 212 404 121 79 330 315 312 334 450 236 126 174 250 438 378 308 337 285 438 199 331 245 296 426 183 228 249 466 0 249 360 111 144 246 342 51 415 188 192 315 208 314 283 132
221 352 111 96 471 329 159 359 587 296 352 126 221 501 437 493 221 166 464 258 63 217 355 321 192 494 378 266 538 372 191 225 283 172 518 330 334 552 316 430 373 282 274 94 75 381 241 537 135 208 242 319 250 292 231 63 124 258 132 501 360 424 134 466 523 116 296 222 137 497 340 378 205 378 142 469 387 84 410 290 252 80 296 377 459 393 412 297 270 231 404 148 467 24 192 86 245 162 153 477 600 442 237 660 158 495 180 339 296 319 289 255 377 232 453 467 198 172 279 72 547 536 505 151 319 461 402 229 66 351 505 285 480 26 442 202 0 409 76 177 147 467 214 419 18 137 422 301 361 352 66
293 148 489 433 422 502 235 51 297 600 569 373 381 537 515 9 191 272 170 275 377 391 188 550 455 588 484 185 315 533 436 194 481 315 493 319 652 610 226 536 321 602 122 308 422 443 205 299 461 493 365 297 388 151 289 409 485 152 254 691 54 387 341 499 171 470 547 240 564 425 102 103 250 106 288 164 141 552 414 157 202 489 427 123 60 493 157 146 522 201 628 305 162 442 496 475 209 339 380 246 291 400 407 273 491 148 305 116 133 329 264 217 121 180 75 102 257 306 157 472 178 223 270 528 131 72 572 240 558 17 30 587 385 460 175 372 379 0 340 272 312 131 379 71 377 316 700 173 71 78 349
266 256 123 27 409 316 128 338 478 276 264 43 188 451 301 331 168 129 429 279 101 146 327 268 107 490 315 260 464 318 120 177 143 135 327 214 347 403 265 390 296 196 263 63 26 215 232 454 74 115 158 238 181 300 150 126 59 198 127 399 404 277 121 385 456 149 247 241 100 300 423 406 170 332 137 346 351 103 418 376 242 131 224 350 435 343 440 325 179 188 328 70 433 58 168 161 153 85 77 376 622 413 158 552 195 395 159 311 356 255 218 239 371 222 418 380 208 112 233 140 586 442 486 172 326 455 308 241 121 421 435 218 361 103 334 147 79 407 0 130 191 460 99 353 84 133 369 245 324 339 26
196 151 276 124 303 351 62 223 449 283 267 116 156 494 387 310 69 22 321 218 176 218 261 266 218 482 238 187 362 335 183 61 164 40 409 160 347 449 160 471 237 342 147 78 165 273 101 415 214 205 130 174 132 160 76 157 180 98 119 483 239 243 113 407 334 228 228 187 187 253 257 333 71 222 71 311 297 247 315 208 211 245 293 284 282 267 281 251 246 76 353 47 236 154 238 246 42 101 70 324 483 301 158 455 315 336 85 140 228 200 107 178 200 197 352 281 107 13 103 219 411 316 285 337 182 364 355 182 248 218 269 306 324 180 294 130 168 278 104 0 149 307 164 281 170 59 393 137 193 206 129
69 275 214 209 435 439 65 284 517 450 424 217 327 647 563 306 164 115 435 99 85 281 218 378 340 597 379 138 463 410 278 107 346 175 437 332 442 569 267 552 352 352 156 118 181 407 173 468 229 334 288 298 320 253 213 95 237 190 20 541 284 391 31 562 447 287 400 42 239 415 278 304 80 264 87 437 222 252 461 191 109 201 323 260 323 493 198 186 363 136 549 165 346 162 378 271 141 201 176 474 571 402 345 531 387 347 59 203 186 301 276 94 336 103 306 248 41 144 179 232 499 377 424 358 259 268 514 68 211 295 345 405 465 180 258 224 150 331 168 152 0 366 252 334 137 95 543 218 209 214 198
311 163 526 406 389 541 381 128 177 515 552 497 426 630 477 125 226 264 76 294 414 440 273 448 539 503 451 330 211 374 582 278 493 307 453 352 608 590 185 601 271 490 235 436 510 479 216 174 518 479 371 248 337 175 229 446 409 196 413 569 83 343 417 438 41 624 442 376 481 352 259 199 267 116 370 92 307 468 376 275 276 629 383 279 63 457 285 232 614 254 505 300 98 416 553 658 298 442 404 209 135 400 482 156 661 68 285 154 240 354 311 303 89 312 29 202 297 336 212 535 78 136 201 593 138 201 545 347 525 134 106 498 414 552 303 324 500 106 481 332 340 0 410 154 517 320 609 191 179 163 399
287 277 199 85 305 206 232 324 450 157 182 57 77 307 249 429 214 154 413 379 247 50 488 165 100 327 189 351 399 226 73 203 59 131 316 133 189 323 197 268 209 162 312 134 108 141 200 455 96 48 69 213 100 266 151 281 85 243 268 290 349 157 194 307 436 197 144 272 155 228 405 503 180 353 194 354 445 163 319 440 341 191 155 395 457 196 520 336 147 250 220 121 348 141 137 254 145 39 87 375 444 289 66 477 163 380 199 336 420 151 144 291 283 362 444 416 289 132 221 214 516 344 417 246 297 450 198 248 176 337 403 142 220 229 481 54 187 421 95 144 233 465 0 487 184 180 323 248 338 332 123
243 240 511 438 527 528 294 119 341 657 664 452 456 729 611 52 251 314 242 237 398 545 128 595 524 574 437 189 430 615 548 238 403 329 600 368 662 575 293 580 349 515 157 320 441 441 282 343 480 458 393 412 349 221 343 368 400 221 316 760 122 396 253 691 219 519 602 217 447 401 67 59 275 161 321 258 108 437 435 110 183 455 588 75 104 480 120 117 596 224 580 346 272 355 630 577 236 362 379 308 291 491 438 318 505 219 318 145 96 377 357 181 218 222 131 48 274 349 221 557 272 319 318 560 184 15 708 199 527 73 68 614 483 437 172 406 363 72 368 268 243 173 464 0 384 334 554 219 101 109 373
205 318 122 97 434 314 154 347 544 330 303 135 293 529 374 348 253 168 535 203 66 191 332 377 162 517 403 226 440 427 169 208 237 175 383 277 408 441 272 496 329 253 299 76 88 345 245 477 145 165 235 371 253 330 202 58 117 310 110 557 440 373 101 525 500 144 282 175 114 398 355 379 169 335 121 407 343 95 393 332 290 106 320 330 448 355 403 348 265 179 384 111 448 19 197 93 212 181 146 537 595 483 238 604 195 468 117 252 294 284 295 228 338 257 506 427 178 124 268 86 627 582 568 211 365 450 333 175 88 377 491 290 366 41 418 182 16 358 84 145 115 521 203 396 0 139 477 256 356 361 57
152 226 253 158 309 389 20 247 562 370 309 137 206 525 384 305 103 42 333 145 114 266 232 341 205 466 338 159 329 369 258 58 198 96 347 213 338 381 193 417 301 363 165 57 121 362 118 419 225 244 212 254 168 163 130 154 172 167 63 441 225 349 68 448 335 248 277 113 249 352 325 326 32 255 15 304 248 218 340 185 182 215 334 305 335 322 262 193 358 78 458 72 325 104 296 263 82 165 109 371 482 396 238 396 318 320 43 151 259 207 150 161 216 117 379 318 62 66 118 234 368 404 376 333 229 363 353 120 226 245 352 299 407 161 288 183 156 260 133 65 77 285 161 310 133 0 417 156 176 234 115
590 482 458 403 213 171 459 589 495 200 141 431 249 31 70 644 456 390 498 639 448 279 785 145 375 10 164 750 424 136 314 422 283 422 111 279 122 19 437 40 298 253 584 472 469 162 498 500 348 341 287 262 303 446 419 465 362 383 541 27 482 166 600 66 634 434 151 555 368 250 746 669 456 507 481 483 804 523 237 675 579 515 179 702 536 140 758 612 227 548 97 468 510 407 285 462 417 305 333 388 571 238 291 551 410 432 435 487 595 279 367 559 473 612 629 747 511 364 474 549 652 384 369 423 441 685 156 631 440 678 645 163 161 535 679 353 570 551 375 437 656 573 327 587 441 477 0 442 605 581 428
290 38 441 239 215 349 201 137 344 385 325 244 188 421 340 181 64 123 177 263 243 289 230 280 366 379 275 233 200 294 320 131 208 94 323 160 430 390 18 344 137 390 146 217 301 265 40 208 249 247 184 133 192 34 87 318 250 44 252 416 159 262 217 359 220 394 268 271 326 233 251 238 136 102 180 189 280 345 220 238 230 379 284 291 200 323 325 273 316 131 359 156 158 252 314 353 104 190 194 218 251 251 261 299 413 166 192 77 241 148 105 245 84 249 211 302 174 153 92 388 240 237 180 389 61 264 396 233 396 157 240 336 268 347 276 166 290 173 239 116 248 198 266 277 319 172 404 0 159 144 279
221 145 445 393 396 512 206 48 381 485 515 337 406 503 601 68 138 185 237 202 245 382 144 425 371 606 442 177 306 407 471 159 440 224 409 281 598 552 181 586 270 542 76 302 332 426 174 303 396 380 330 328 345 122 211 335 364 100 265 538 94 417 205 598 197 539 407 211 396 402 111 106 168 106 176 238 155 464 403 114 149 464 422 140 102 453 148 119 547 126 552 230 181 378 512 404 171 359 267 313 330 463 369 302 456 191 218 72 74 331 269 173 140 114 135 143 177 258 102 418 231 244 330 575 97 114 461 138 357 47 107 498 370 364 161 273 310 77 357 232 245 166 363 86 307 241 601 156 0 0 361
172 157 477 308 327 431 168 61 369 548 422 307 375 591 532 70 157 214 229 181 265 440 110 529 433 596 450 145 345 501 398 128 402 238 477 307 494 488 189 516 227 424 78 274 382 501 147 252 375 421 311 263 282 132 238 348 410 111 236 582 80 391 198 447 243 475 454 169 362 389 98 117 151 89 207 214 160 426 327 92 120 458 412 123 128 454 142 113 445 140 580 250 164 301 492 423 191 314 241 303 321 386 326 317 563 195 162 66 96 338 218 173 106 154 134 122 152 217 97 383 213 286 329 570 108 98 449 132 405 59 103 492 404 349 163 337 319 77 292 230 217 170 312 84 359 187 548 130 0 0 314
271 335 130 36 325 326 161 329 519 231 290 56 190 425 312 384 227 160 433 307 110 146 315 338 121 501 274 304 414 298 118 209 201 141 444 213 298 345 289 429 363 235 278 71 17 270 259 503 69 126 196 332 189 328 205 133 48 227 156 502 325 340 166 425 555 127 282 214 94 337 393 396 161 393 127 367 349 93 451 384 264 92 287 466 490 331 394 345 218 192 331 94 352 44 175 145 203 114 105 469 644 474 192 543 162 437 166 286 378 249 198 316 325 277 478 450 168 138 257 144 520 499 500 164 287 430 316 232 103 443 460 231 352 79 468 153 79 418 23 152 205 447 114 450 59 113 434 277 382 357 0
