0 258 637 607 193 133 258 573 481 434 71 575 135 133 574 445 496 185 494 518 66 644 64 286 226 336 441 297 378 199 489 169 211 507 275 418 255 331 14 127 464 547 578 55 184 325 503 210 563 420 238 423 156 424 360 525 212 117 348 653 188 571 109 480 498 137 185 318 230 442 120 331 713 218 464 223 598 530 298 377 7 96 83 315 366 369 272 560 120 124 507 145 369 99 268 211 594 116 553 418 255 182 430 139 355 311 182 529 495 259 322 279 419 209 363 470 191 205 571 565 530 165 324 436 290 223 388 401 76 196 546 208 170 604 476 509 330 200 138 321 167 446 256 415 234 439 432 499 147 115 181
300 0 551 378 278 345 62 563 369 249 286 597 229 193 508 355 609 62 500 399 328 633 321 362 82 406 169 89 206 408 318 286 352 338 9 539 62 336 228 437 486 572 418 193 91 412 387 274 438 409 45 222 359 403 383 357 202 355 277 565 354 585 404 469 418 113 123 548 30 515 183 25 498 291 518 287 489 311 79 344 256 215 321 106 166 232 118 662 182 215 410 434 63 388 336 99 489 304 470 409 46 230 346 174 502 376 185 532 562 57 287 25 390 223 358 514 118 66 263 525 526 81 423 488 394 176 478 253 353 180 394 459 200 483 503 566 68 129 415 420 140 256 162 578 51 385 240 508 238 203 341
635 523 0 376 420 519 644 127 142 408 507 95 389 476 30 299 157 582 252 185 476 168 609 221 689 193 495 740 388 400 314 359 385 268 497 266 512 233 596 518 125 110 409 498 438 198 123 359 243 175 584 438 495 273 229 210 437 535 300 159 457 39 574 76 205 493 608 351 507 121 433 647 294 391 168 362 247 414 571 215 550 465 559 675 503 390 427 119 686 479 304 457 560 467 246 560 369 544 174 86 443 361 265 401 157 185 399 33 193 579 282 613 219 351 213 107 508 568 370 49 63 469 176 128 270 417 213 406 504 371 167 442 456 141 205 21 484 404 412 247 707 434 429 267 523 197 291 101 459 489 385
674 479 366 0 544 784 438 269 290 167 551 484 458 441 421 96 531 469 593 173 527 481 514 284 559 377 228 475 187 464 165 402 538 140 469 493 357 372 671 684 315 240 22 487 403 315 272 435 170 204 551 223 619 156 328 190 361 475 287 237 582 303 654 328 172 423 444 443 385 317 408 353 55 440 404 426 119 133 339 339 609 451 712 464 274 185 395 492 614 545 67 673 401 628 283 379 41 551 216 292 363 434 110 408 350 315 401 319 556 502 337 392 166 326 376 252 531 511 144 306 290 425 333 401 418 297 379 153 663 391 225 535 473 185 149 430 388 366 657 474 528 148 371 422 509 229 201 371 462 508 462
192 267 331 413 0 256 374 390 201 272 122 286 116 127 399 384 298 293 239 286 135 406 184 152 338 190 319 432 277 83 317 45 79 320 352 225 283 165 179 216 235 385 443 219 186 196 254 56 364 275 310 356 230 308 196 294 148 104 190 468 84 320 217 331 363 180 306 144 292 274 99 296 561 49 257 64 401 406 273 157 161 102 224 392 324 314 206 285 237 102 474 154 380 149 174 223 544 122 348 363 313 49 312 181 266 214 123 401 291 298 143 251 348 113 146 317 292 275 450 301 332 212 193 350 137 150 155 328 144 136 410 146 65 337 379 422 243 143 91 159 259 335 206 213 274 219 268 234 83 75 87
133 327 616 717 220 0 389 725 480 544 114 456 208 291 524 691 538 315 421 610 106 526 94 349 359 395 523 363 465 234 585 226 229 498 339 386 400 418 114 27 469 570 652 212 297 458 471 232 603 561 433 436 51 638 434 595 350 136 451 619 166 568 5 592 586 261 290 274 379 464 213 408 622 306 425 326 631 560 446 389 139 220 41 445 511 462 363 554 204 213 598 86 447 73 344 320 666 139 576 550 349 252 601 309 549 366 245 582 449 412 306 316 481 288 341 632 269 280 661 502 546 264 481 564 328 336 354 525 67 275 509 178 224 687 718 677 435 283 174 322 269 598 354 417 284 539 513 522 217 245 192
202 77 665 497 316 414 0 600 459 320 263 529 254 178 652 429 543 62 668 453 321 691 300 339 16 456 241 58 315 363 363 276 395 483 66 589 122 400 251 400 429 644 530 165 126 493 458 287 473 515 23 323 411 397 362 380 198 377 295 501 442 605 299 617 454 116 76 535 82 577 254 118 544 286 559 247 474 377 137 387 258 202 274 80 229 298 151 700 144 274 505 355 120 316 322 154 575 323 466 469 133 271 450 146 510 352 216 653 565 32 300 67 557 316 414 452 61 40 326 597 602 89 491 664 432 246 422 383 313 205 488 483 277 563 534 682 158 204 379 453 64 299 191 502 68 447 388 593 283 230 361
615 445 104 269 450 533 656 0 135 278 613 213 390 395 153 236 281 469 267 113 454 303 467 216 580 227 359 613 298 364 219 337 396 149 457 372 503 237 543 619 148 35 276 561 429 254 115 340 107 100 474 297 612 123 195 139 376 416 285 35 475 95 608 158 149 540 473 382 438 187 399 438 227 359 240 410 135 224 472 215 517 427 523 695 405 301 493 253 497 484 196 545 420 500 258 510 232 550 59 65 497 402 188 490 166 209 375 87 343 524 306 504 110 305 338 55 581 617 292 62 141 541 176 185 279 405 241 256 506 412 63 407 356 31 86 143 401 402 563 339 597 295 330 347 495 138 270 159 455 392 388
461 357 142 350 266 504 442 169 0 308 337 130 248 332 155 279 147 349 184 133 369 235 370 105 478 93 301 543 317 317 180 204 248 171 397 203 361 64 471 470 16 139 352 425 355 72 37 206 205 141 464 284 368 152 49 160 248 369 203 195 313 130 540 94 144 323 442 232 340 40 310 395 355 195 129 237 202 308 348 53 494 296 519 500 261 263 348 163 435 260 226 451 431 432 123 305 306 334 139 84 322 273 202 282 8 46 239 153 197 421 148 340 162 202 124 109 445 463 350 119 82 410 51 169 150 242 87 301 406 274 148 273 271 149 173 158 305 293 293 138 494 285 304 160 433 58 205 45 308 324 269
399 265 336 177 316 592 269 339 225 0 486 435 270 249 389 124 366 279 454 170 346 557 427 204 335 384 81 337 34 448 60 306 309 179 288 445 232 236 466 435 297 319 142 408 256 245 259 286 221 214 298 43 523 179 257 155 175 476 126 327 434 324 510 297 135 334 299 447 245 282 262 207 266 230 361 275 212 71 153 225 474 334 478 351 77 25 183 398 319 374 156 534 189 411 231 200 199 359 229 307 195 306 124 241 260 211 247 402 437 311 157 225 199 210 314 276 344 255 74 282 372 252 331 478 282 170 280 30 391 208 271 493 258 223 242 335 196 240 486 312 336 54 168 464 283 184 59 284 308 311 467
84 312 431 574 152 101 350 507 313 473 0 414 152 174 574 565 477 221 329 458 23 588 25 275 304 330 457 358 467 133 470 140 175 481 319 361 243 308 85 85 366 502 623 138 258 339 364 158 524 415 285 424 92 552 345 414 230 42 292 589 100 520 107 387 473 213 221 212 315 322 143 333 531 193 320 182 525 512 305 267 88 87 91 379 304 396 248 475 168 100 516 72 389 44 295 223 553 27 492 504 284 145 448 201 431 380 158 470 302 313 219 253 492 225 297 417 240 251 564 451 478 206 346 421 270 228 258 399 29 227 465 141 141 467 502 421 294 175 81 222 253 407 286 332 291 391 463 440 138 143 94
531 542 109 460 332 590 623 244 134 397 503 0 353 477 89 359 58 505 95 225 398 85 450 227 667 118 496 657 412 355 388 295 311 363 660 150 589 204 485 491 141 175 441 550 475 160 162 302 331 258 547 422 479 280 182 296 426 390 325 220 353 112 594 87 301 566 551 200 602 111 396 471 394 281 87 360 295 409 474 199 552 454 602 652 380 394 497 11 615 419 365 499 540 519 287 513 379 442 233 149 559 352 392 440 132 232 391 131 117 607 251 552 261 337 212 166 623 484 513 121 84 481 149 23 208 436 169 490 514 366 274 297 431 246 330 76 485 499 443 198 649 498 405 122 505 211 408 121 410 400 306
127 218 486 451 115 235 220 426 335 242 135 464 0 28 513 322 349 166 351 350 142 448 140 204 205 259 242 282 299 151 283 77 162 362 177 361 140 221 148 260 292 391 421 138 111 271 309 67 422 284 199 222 257 323 227 346 72 130 179 426 167 372 213 384 322 106 185 293 218 300 23 250 454 83 310 59 474 344 176 234 168 56 233 303 240 320 110 478 138 48 401 197 209 222 156 99 517 116 366 335 207 44 297 52 291 208 32 446 334 198 121 164 353 103 207 398 204 176 409 450 400 147 238 413 249 104 277 340 160 69 364 185 30 445 379 418 207 56 153 258 186 301 108 285 139 294 283 288 26 28 169
171 195 379 487 124 300 197 395 310 236 144 396 35 0 457 311 391 126 397 340 165 444 161 189 207 274 263 285 199 185 226 99 198 404 154 377 96 207 178 297 269 398 424 126 90 244 367 98 367 339 162 232 224 382 223 335 56 157 184 394 217 362 248 414 342 89 170 269 164 356 46 158 431 88 387 79 455 337 189 242 159 67 193 246 189 246 83 482 161 81 383 223 225 250 171 91 484 183 422 332 140 74 281 21 306 281 33 456 356 154 158 162 378 105 258 421 166 143 384 382 383 105 234 460 249 82 232 303 217 70 415 283 52 472 381 500 138 26 185 233 151 332 75 371 137 283 280 324 51 54 176
625 599 27 323 329 526 547 156 183 426 519 72 376 502 0 286 117 597 183 186 511 137 520 240 619 179 486 679 403 334 371 321 318 298 574 257 575 191 597 612 133 127 384 634 544 198 153 353 249 221 529 419 513 270 251 282 445 537 295 170 446 62 646 90 272 474 630 263 647 116 523 487 368 400 141 422 244 361 579 231 570 480 623 744 391 420 499 98 547 470 310 500 618 609 260 501 365 461 201 114 623 424 350 560 145 235 472 55 231 580 371 647 204 321 215 119 651 622 382 70 57 572 160 108 221 429 232 470 627 377 185 451 471 151 269 19 513 405 456 217 574 466 427 196 489 213 295 124 448 445 435
583 381 355 104 340 511 490 240 249 111 446 356 342 286 337 0 400 323 455 117 418 449 502 198 460 313 205 495 144 409 71 303 372 60 379 490 373 281 532 489 261 220 77 403 392 308 250 363 139 107 382 138 672 68 216 81 329 492 185 230 434 249 629 327 90 416 369 480 307 236 401 358 123 327 417 275 118 52 300 262 534 381 631 467 196 101 301 424 479 434 59 570 310 547 236 267 103 521 173 257 281 329 25 315 226 233 289 316 474 420 221 406 128 245 373 225 450 382 101 245 329 345 250 433 341 252 298 109 477 295 171 503 381 183 118 333 240 361 495 372 408 107 298 377 411 169 90 298 342 397 502
518 602 146 432 289 451 514 214 182 453 356 44 360 352 148 424 0 518 67 288 424 108 477 220 573 107 504 565 419 272 390 343 240 408 518 94 507 217 419 471 150 237 421 515 403 173 192 360 303 238 603 479 518 282 177 268 364 324 382 248 288 176 510 131 279 493 562 179 519 117 372 485 498 352 66 274 368 481 539 208 506 443 516 605 493 399 437 54 495 415 420 448 523 389 284 547 463 335 257 204 582 358 377 389 154 182 356 194 64 599 247 621 273 328 167 256 517 650 408 154 115 519 138 31 177 359 171 445 454 387 284 323 376 279 377 113 499 369 297 148 615 480 438 108 575 257 409 128 422 433 350
196 55 488 487 290 363 79 563 389 282 304 581 150 124 581 341 489 0 459 460 251 652 272 285 54 491 207 132 254 320 266 192 310 445 49 441 42 371 188 289 423 506 387 137 44 329 350 213 521 391 62 192 328 402 297 430 149 244 264 576 285 559 380 454 407 63 71 480 57 443 156 88 496 187 419 224 478 318 91 381 201 172 303 150 158 301 84 489 96 198 433 382 107 291 244 71 510 242 401 435 73 224 399 117 346 293 156 583 448 51 231 37 357 216 335 504 66 34 342 545 422 30 434 568 338 133 404 286 274 142 423 381 206 475 399 618 112 93 365 358 88 243 133 444 13 385 277 488 162 155 266
377 516 209 427 294 372 525 286 202 380 345 131 315 450 212 409 62 469 0 345 364 157 418 277 599 112 508 724 498 280 381 333 233 427 646 59 454 221 459 449 186 253 537 462 431 153 213 300 375 284 571 481 455 329 238 387 337 333 398 311 292 231 420 143 362 393 499 122 599 164 417 503 598 310 73 339 401 434 531 206 387 364 517 607 523 499 401 119 489 329 479 345 492 322 219 409 421 395 323 246 513 315 449 477 214 202 404 256 18 601 310 548 345 259 153 310 494 604 491 273 153 427 160 77 121 365 150 446 377 344 350 281 356 297 353 179 463 384 294 151 573 467 447 56 537 218 350 180 336 323 288
536 406 182 197 351 619 556 99 126 180 465 206 299 356 203 125 230 383 342 0 419 365 543 155 504 220 255 527 257 379 144 260 276 83 461 256 380 137 529 448 105 87 206 412 428 198 93 310 96 13 455 271 586 53 119 54 301 435 188 100 372 124 573 156 44 429 393 373 347 130 374 456 196 258 221 266 111 186 303 176 534 365 593 451 259 210 346 220 491 396 113 484 385 540 166 398 173 369 52 95 379 279 104 312 121 111 300 163 304 485 168 455 20 240 231 63 436 440 221 145 130 372 178 260 260 249 243 207 538 295 53 465 356 84 82 208 392 332 424 240 505 269 314 271 428 56 149 164 289 342 452
65 305 432 611 120 124 308 445 383 450 22 500 141 149 540 555 444 240 358 426 0 537 31 253 251 307 413 349 358 145 396 158 173 410 342 306 246 322 69 99 350 493 522 92 230 293 370 167 533 447 295 346 133 437 379 377 199 52 324 545 117 531 106 391 463 156 233 298 247 407 114 338 604 178 324 172 495 509 320 340 66 88 72 370 390 443 242 537 156 86 528 127 381 64 284 189 549 37 487 382 256 103 490 173 317 335 162 475 360 273 219 244 508 174 263 540 260 239 438 511 455 195 385 367 254 224 324 472 39 223 487 172 143 580 587 566 267 194 91 246 213 476 248 295 273 376 445 455 95 91 103
607 619 158 543 415 579 629 255 256 439 590 82 455 589 123 518 110 697 132 329 610 0 606 342 726 177 664 858 510 366 494 352 358 344 762 204 670 276 574 597 210 264 480 506 590 228 247 404 352 367 721 585 580 320 243 368 489 421 374 260 377 186 678 139 317 617 676 251 551 168 488 731 525 437 142 373 415 497 526 324 652 441 541 649 486 470 634 62 590 471 368 566 542 483 366 614 442 528 318 240 540 503 396 554 235 259 461 201 162 602 321 685 328 388 239 281 564 726 529 172 140 522 216 81 262 403 273 476 622 485 303 436 417 301 355 153 632 517 500 247 725 522 579 224 685 310 388 216 425 409 481
67 346 590 642 177 87 328 550 378 444 23 551 172 166 468 514 388 277 426 488 25 589 0 267 257 411 453 363 371 159 435 173 220 440 340 345 309 371 65 72 383 511 648 107 203 282 420 191 539 436 345 353 77 475 383 530 231 65 335 597 137 494 77 401 424 168 236 268 321 426 126 317 555 170 453 183 632 416 345 371 65 101 57 431 359 480 277 467 158 126 584 110 349 42 354 237 683 49 456 511 325 174 559 207 405 395 195 540 360 304 281 320 548 250 307 460 217 264 451 480 410 243 360 431 292 242 283 532 16 267 530 167 166 559 581 493 322 180 125 321 207 492 239 320 268 381 415 501 146 147 106
290 353 242 307 157 371 367 199 96 233 275 266 187 174 290 217 203 300 232 134 291 287 337 0 384 148 243 430 228 244 178 140 176 169 331 187 291 40 361 365 117 184 284 319 290 68 98 164 242 173 412 257 417 173 47 133 172 224 81 227 212 217 338 188 136 313 319 245 279 151 238 266 388 127 164 124 258 250 234 46 316 196 391 459 228 233 196 231 396 238 255 317 316 304 12 257 266 255 202 191 243 153 225 240 112 39 150 270 249 326 56 259 170 95 123 150 355 337 317 202 166 306 101 195 108 134 90 266 298 147 202 270 182 216 222 219 271 205 296 129 388 289 162 228 277 92 179 148 201 178 215
255 89 588 580 287 326 22 562 474 341 256 689 200 170 584 411 642 59 545 495 283 633 320 419 0 519 282 79 336 411 364 242 413 484 67 581 91 380 199 294 471 612 460 153 103 469 523 310 546 497 38 242 419 395 355 478 189 322 308 542 426 569 349 564 451 96 39 526 91 538 217 93 509 295 532 289 524 374 159 402 232 201 285 83 246 350 166 615 118 251 465 364 155 302 300 107 504 292 594 477 140 269 430 166 469 396 232 670 613 26 340 76 430 254 471 512 35 25 445 625 525 72 490 523 481 193 446 337 299 220 477 425 243 525 588 518 125 172 332 399 53 283 218 588 47 374 396 486 221 233 293
426 451 159 353 241 444 556 193 77 375 362 115 271 279 155 317 109 456 109 194 337 181 415 118 524 0 379 495 306 199 294 196 169 266 452 106 338 95 428 344 101 180 457 402 432 56 135 241 318 205 474 379 346 231 98 246 255 281 222 242 266 173 403 96 265 330 388 145 477 50 279 404 387 237 39 198 298 298 365 98 368 300 413 590 337 346 390 109 504 338 329 327 514 399 159 335 402 275 212 182 422 217 302 279 90 126 288 199 84 510 190 480 240 178 86 182 476 455 389 144 136 479 41 106 80 279 49 306 309 220 242 288 248 243 287 152 468 299 285 61 448 365 265 83 448 129 244 83 310 313 263
329 198 408 224 342 503 236 366 323 92 375 459 278 277 551 175 463 192 587 298 390 658 429 284 246 366 0 242 66 410 138 313 458 276 180 540 202 349 395 425 318 327 261 349 198 392 334 303 298 257 227 47 557 250 254 231 230 467 184 346 458 384 476 364 269 218 293 455 132 402 290 157 265 273 474 228 259 162 104 283 350 363 491 235 51 85 174 452 363 348 233 415 98 505 272 155 253 362 280 396 124 351 229 246 302 301 211 424 431 199 236 184 318 217 348 360 280 280 129 397 365 267 342 502 455 195 318 110 401 195 344 470 291 345 265 521 121 190 436 377 281 67 172 453 197 265 128 412 329 268 457
299 90 592 544 441 416 74 681 505 313 351 661 277 270 753 468 685 137 689 574 370 651 419 489 93 467 278 0 316 410 416 362 509 538 78 642 173 506 329 484 490 585 466 223 152 532 525 385 519 465 73 260 460 504 535 470 281 451 396 654 486 666 363 538 504 172 115 504 134 543 297 111 577 304 624 293 636 384 160 454 314 324 390 7 257 325 221 697 215 363 553 388 131 467 478 172 633 375 535 544 169 291 441 260 517 441 324 781 622 99 330 103 478 392 465 626 112 118 446 618 516 135 468 648 544 323 484 319 327 297 581 485 292 673 526 607 150 240 379 440 127 307 269 647 115 404 418 666 349 302 481
349 186 403 203 349 486 331 352 308 36 456 472 267 240 487 134 425 261 463 206 327 454 484 242 305 373 60 302 0 422 88 281 360 156 210 446 185 271 418 537 291 284 202 317 209 339 310 304 282 228 273 10 562 214 225 186 180 345 123 307 377 381 457 377 181 251 261 488 187 368 237 181 290 255 380 258 258 88 152 229 449 307 513 282 49 51 185 442 381 315 189 413 170 496 237 173 260 408 298 358 192 288 160 258 261 262 196 348 493 243 183 233 249 236 386 307 307 307 93 329 371 235 263 406 329 167 334 46 402 183 247 373 253 302 235 371 153 240 439 298 317 50 125 405 285 213 84 316 239 258 343
210 441 371 477 78 211 367 409 297 385 122 329 193 172 381 457 280 293 251 403 163 394 134 197 329 199 377 472 439 0 427 141 54 367 335 188 326 211 240 210 321 413 470 217 256 225 287 144 393 434 351 344 158 397 241 398 234 83 306 510 28 436 168 304 344 229 374 121 399 272 181 452 556 151 272 169 397 418 315 210 211 167 186 395 358 375 253 322 317 152 396 120 343 144 243 331 508 91 369 368 357 109 493 192 239 285 207 375 247 325 217 367 440 170 138 338 307 351 514 376 301 337 261 274 158 226 190 499 152 244 413 58 151 484 514 345 323 206 55 138 374 425 265 210 304 300 331 329 156 143 35
459 305 339 166 316 481 413 195 241 71 480 354 255 261 372 76 375 252 346 140 382 383 485 137 336 238 172 424 94 369 0 263 360 82 359 382 285 166 390 583 236 249 139 318 241 260 214 240 176 110 350 95 585 94 144 78 188 410 80 213 377 248 439 245 83 342 370 392 291 253 311 254 253 262 332 270 154 69 214 188 451 291 473 431 119 92 207 345 356 325 112 469 227 421 163 282 197 343 194 212 252 259 71 313 222 182 253 327 353 288 151 265 120 188 332 229 368 288 110 297 256 284 220 393 271 178 227 78 512 187 181 408 305 172 180 323 241 240 396 326 376 100 165 414 332 119 16 277 274 323 370
191 277 371 427 37 225 317 400 254 256 155 293 78 104 438 384 323 189 303 285 136 377 157 144 238 223 281 363 285 122 269 0 95 304 319 271 186 156 200 263 208 398 382 211 182 168 219 12 368 247 298 250 255 351 179 272 88 152 191 363 118 300 286 310 264 187 267 178 218 281 84 244 410 11 253 30 450 378 266 177 187 73 268 426 268 314 180 298 197 81 386 226 249 210 142 160 378 129 309 309 284 29 279 138 241 176 79 392 292 274 102 230 352 67 149 291 292 248 322 377 307 202 224 280 162 135 181 273 160 82 368 196 46 355 382 313 219 103 127 152 234 354 151 218 202 223 257 309 59 59 118
270 394 288 410 79 287 411 429 185 417 193 298 202 234 391 410 207 361 215 291 199 390 193 144 326 160 439 465 346 54 302 117 0 323 396 153 305 158 219 253 226 380 501 293 249 173 219 118 405 337 442 316 225 345 216 275 195 141 222 349 73 310 279 300 291 292 341 89 365 204 197 415 517 119 187 116 365 414 332 174 266 149 245 505 307 378 244 306 332 159 372 186 371 197 173 324 495 166 358 255 373 146 406 214 247 199 158 335 186 424 189 334 321 143 83 353 386 382 435 288 310 294 176 223 81 240 112 400 228 216 334 87 137 434 342 270 295 239 96 102 313 351 283 159 288 243 281 274 153 139 82
492 419 269 129 325 544 525 172 193 144 530 345 309 398 302 72 385 394 452 71 539 360 477 206 396 280 227 499 156 435 93 360 393 0 413 375 365 231 439 626 189 157 121 436 415 224 186 366 67 61 509 207 584 14 158 40 312 503 190 144 478 228 514 275 40 402 476 422 412 239 375 383 146 348 323 328 72 94 287 218 460 395 531 470 243 134 281 384 492 427 45 449 300 541 203 354 100 530 75 174 362 394 43 369 202 201 369 196 323 432 214 416 62 259 361 136 500 403 153 219 235 412 227 320 291 303 253 129 534 294 83 491 378 136 51 263 335 321 482 271 505 213 321 395 422 137 129 197 348 352 430
264 10 499 441 274 411 65 481 407 253 281 663 216 206 506 368 579 64 544 364 337 758 344 392 68 531 169 100 240 412 281 283 428 348 0 496 65 397 223 445 502 448 391 207 111 407 472 297 461 430 41 243 388 364 345 333 167 285 306 478 341 517 386 443 438 126 109 500 41 393 190 45 552 275 555 267 432 363 88 379 268 224 383 96 161 284 99 596 180 248 432 364 77 327 333 103 446 356 529 426 67 290 413 136 468 435 195 588 498 37 262 33 424 294 356 551 106 71 274 521 453 78 422 567 471 166 449 274 299 236 479 438 204 531 395 505 91 149 376 492 108 239 156 526 58 443 297 454 266 236 426
350 486 267 582 244 342 536 308 172 390 344 166 335 389 258 421 98 538 55 337 328 180 301 240 530 89 563 581 414 175 363 243 127 336 581 0 446 163 401 351 174 270 410 389 466 137 200 268 358 356 565 378 385 365 214 346 276 266 298 396 208 258 340 175 334 410 456 58 531 165 354 568 564 228 97 224 440 480 441 169 359 280 420 559 453 398 439 178 513 256 424 276 433 289 191 439 497 271 281 225 508 279 424 379 206 235 263 291 37 573 237 545 317 214 86 255 533 546 429 250 204 476 115 131 78 362 94 523 346 277 311 197 261 359 333 261 475 303 233 78 511 478 349 19 408 224 410 180 292 328 255
187 59 543 403 206 312 97 408 330 242 229 582 130 102 478 349 510 32 529 311 269 585 235 273 84 361 150 161 227 285 288 229 349 342 72 416 0 305 228 296 325 498 428 161 37 356 399 197 366 375 93 181 408 421 322 296 112 277 224 412 330 512 320 482 355 72 95 439 52 396 146 63 406 182 485 190 357 335 84 283 220 185 256 185 157 227 53 482 145 173 385 302 100 340 252 34 465 254 384 478 53 196 376 91 319 340 121 571 536 92 208 38 378 162 389 401 99 79 314 526 399 54 368 449 397 101 376 256 300 151 408 330 174 382 395 573 74 92 324 395 110 229 87 387 53 331 222 417 187 178 256
372 428 190 327 160 459 463 228 64 223 279 165 208 275 179 221 182 328 207 142 295 325 339 47 387 106 284 546 282 247 166 198 152 222 388 186 346 0 416 386 77 169 327 401 320 37 79 205 219 170 409 223 376 200 21 153 195 334 147 202 291 175 438 152 136 317 329 211 344 75 226 317 322 187 131 152 245 239 350 7 319 249 459 499 225 223 282 204 431 294 284 313 407 305 65 256 345 244 167 151 329 174 242 268 57 19 209 234 187 380 96 379 147 120 86 152 469 353 309 191 158 347 59 182 121 214 71 279 388 209 194 235 176 174 216 201 325 214 274 95 440 263 227 153 379 79 167 104 262 222 217
14 262 484 514 167 127 227 619 448 436 79 538 145 170 525 526 568 214 511 454 74 574 85 304 226 455 433 311 387 230 375 229 220 581 214 399 215 373 0 158 373 564 548 53 149 370 413 186 473 473 256 327 139 532 379 510 215 151 281 600 194 549 128 513 488 142 136 353 230 476 111 253 639 223 512 182 573 412 270 379 6 128 87 257 348 430 224 566 115 108 614 189 355 138 286 192 581 132 510 592 244 172 546 143 422 362 181 515 441 212 282 243 518 229 320 557 188 197 438 585 513 154 424 560 357 277 332 500 85 196 528 262 177 507 575 558 307 206 193 380 146 392 206 405 212 438 444 505 138 148 200
144 337 584 619 222 28 328 641 453 429 94 579 214 235 489 495 533 386 354 557 98 540 88 330 376 435 476 404 517 182 471 237 200 592 442 385 332 386 162 0 476 597 757 181 275 434 416 237 686 514 338 548 21 617 388 479 336 108 382 534 173 501 21 494 480 248 258 293 388 486 182 439 837 273 494 299 667 579 439 347 130 157 65 429 491 625 378 545 258 190 600 73 423 53 372 317 741 128 513 501 354 240 624 269 394 479 277 658 424 311 392 425 629 339 321 582 319 380 660 532 607 269 375 556 288 374 408 540 74 271 568 149 274 647 584 503 464 259 125 303 344 614 347 379 302 485 479 548 239 194 166
379 406 145 317 282 492 486 139 17 240 380 152 327 296 138 260 182 377 170 100 354 207 374 98 424 105 315 585 277 253 241 206 266 178 480 170 444 84 474 493 0 118 285 468 437 90 30 261 194 121 489 320 418 163 71 156 291 396 171 175 295 108 405 75 150 373 458 234 467 36 322 380 312 226 119 271 220 259 333 81 457 378 545 600 354 260 342 132 415 365 232 468 441 414 118 372 251 387 142 84 384 271 256 328 7 60 254 131 171 451 202 438 155 229 163 90 496 467 303 104 67 477 70 148 141 235 101 306 437 246 153 293 256 149 176 103 412 291 387 165 456 359 301 186 438 82 237 36 281 319 310
452 440 88 224 341 512 503 40 121 297 449 208 428 456 117 229 218 525 289 99 419 282 457 212 598 180 377 530 349 453 233 376 338 141 471 332 494 146 488 586 94 0 269 527 402 203 85 376 111 109 537 315 531 124 156 138 386 408 278 84 403 62 619 98 123 520 473 364 478 147 438 407 226 394 170 296 140 292 367 210 619 498 648 558 370 254 429 200 459 427 196 474 546 562 239 373 210 450 70 42 416 362 190 408 138 158 365 72 245 476 244 465 98 261 290 32 516 578 296 43 92 473 187 211 294 368 220 278 440 328 76 438 398 45 137 116 407 334 418 275 606 340 361 244 568 142 255 122 336 346 383
583 417 392 17 468 689 473 248 291 169 527 406 416 381 397 72 503 408 504 190 531 563 486 346 491 366 236 500 206 462 157 406 442 96 383 487 425 280 568 650 269 219 0 459 360 379 303 368 135 175 417 202 737 121 294 159 362 623 271 194 585 327 693 368 145 410 499 500 401 301 380 370 71 389 398 450 111 81 375 311 548 518 603 541 290 136 300 368 459 516 62 596 384 645 315 407 49 578 163 298 396 473 89 429 299 303 384 351 460 385 293 361 173 367 457 259 472 444 123 318 291 446 390 469 465 287 377 151 564 394 212 587 354 188 136 352 318 397 560 386 533 138 275 483 387 264 176 343 438 495 564
69 194 633 499 190 194 192 528 387 350 114 508 134 103 601 422 551 128 535 514 124 535 112 346 164 372 371 278 386 226 375 213 304 431 167 414 150 378 52 171 384 541 493 0 113 352 415 156 545 429 183 382 230 438 346 501 192 151 297 556 190 538 182 417 374 80 116 354 229 478 112 223 593 199 461 222 477 467 272 304 63 119 129 223 277 433 164 593 48 88 488 205 257 169 339 166 544 146 445 480 181 159 383 93 486 418 165 646 395 139 273 175 415 192 356 437 117 114 483 469 427 119 328 567 374 192 337 379 151 211 486 263 165 484 558 590 235 119 197 308 90 431 185 366 154 368 316 530 130 143 217
199 89 479 495 218 281 133 520 310 244 261 484 93 85 470 393 555 51 481 396 223 645 189 258 101 411 227 199 197 234 304 148 295 374 92 429 36 331 180 281 417 420 446 135 0 291 347 148 486 339 123 215 280 328 277 319 99 248 236 409 260 476 285 446 287 51 80 344 93 372 106 124 477 186 457 159 449 338 113 275 168 136 284 201 190 287 68 570 108 155 372 333 165 237 238 33 492 217 492 370 94 156 366 62 321 283 111 582 480 86 216 67 424 179 364 427 104 73 349 501 496 32 404 440 277 127 307 293 229 108 390 269 117 429 465 464 94 61 232 371 94 319 107 343 53 303 272 407 128 120 250
319 353 230 425 154 432 491 191 77 270 274 186 198 261 229 323 196 310 186 155 338 295 324 65 479 67 305 456 323 224 240 145 151 250 453 136 389 38 310 359 93 204 371 382 309 0 115 185 257 188 428 341 368 232 62 184 204 305 145 276 207 167 447 151 174 302 450 144 363 66 246 336 351 152 116 162 248 291 360 27 390 221 362 424 322 316 305 216 418 214 305 320 422 375 89 299 366 236 186 138 358 193 297 310 83 59 253 204 155 406 114 310 195 149 67 196 373 446 346 168 167 374 30 183 63 209 37 298 286 213 179 244 231 192 234 220 351 256 234 61 477 313 203 112 394 115 205 101 259 255 221
397 424 136 311 234 549 406 119 32 253 415 164 317 349 147 244 195 423 234 94 406 263 479 101 414 111 294 565 256 350 196 288 285 162 508 229 365 79 505 416 33 99 232 429 411 85 0 238 189 96 519 275 464 170 61 136 266 429 168 172 386 117 439 87 124 337 529 225 354 75 350 470 258 227 136 232 170 279 332 99 452 311 449 612 252 255 356 189 400 292 238 393 353 409 126 380 237 331 119 67 347 237 210 302 34 59 277 148 225 526 147 439 100 182 160 71 538 457 331 100 80 414 95 175 196 227 151 254 442 280 120 383 237 111 137 149 393 347 411 154 554 285 257 222 376 40 221 54 342 351 380
189 265 391 472 59 233 245 391 237 304 159 356 64 82 395 318 361 230 337 301 161 491 176 143 228 258 257 312 274 122 234 16 120 309 230 247 194 157 215 247 275 337 440 184 158 190 249 0 427 308 301 236 270 374 190 327 80 142 141 441 174 333 287 258 258 161 201 192 253 239 76 247 423 13 230 18 369 275 264 177 185 91 272 341 218 337 183 315 210 82 403 184 274 219 137 154 427 116 354 268 213 26 281 95 212 186 56 406 298 269 86 209 298 50 154 317 231 254 361 405 304 164 229 332 186 105 164 316 182 72 299 196 25 401 349 424 233 91 182 152 262 311 138 233 220 203 271 303 44 46 155
539 423 204 124 419 592 486 104 183 252 551 255 433 347 275 125 329 434 416 91 509 361 509 270 504 286 302 519 222 402 147 349 376 67 451 364 375 195 634 677 220 122 139 534 449 262 182 415 0 97 432 237 612 66 236 106 345 476 252 84 434 193 694 183 106 431 611 371 375 251 411 396 145 376 273 337 27 191 397 204 657 466 666 516 314 250 390 329 617 441 67 617 395 606 238 372 102 552 42 141 352 472 105 453 211 194 408 204 316 437 246 384 57 361 311 118 618 556 241 173 193 463 252 291 386 336 305 185 577 348 52 559 356 74 16 195 396 361 481 364 559 285 307 390 411 157 171 180 418 455 489
488 347 190 201 311 614 483 124 151 189 492 275 384 326 194 106 252 391 370 14 430 321 547 148 483 229 260 567 206 351 109 319 287 73 437 296 354 144 460 535 120 116 183 466 320 212 90 316 81 0 385 196 517 57 132 37 273 476 157 105 399 152 601 163 35 426 406 393 324 155 342 356 221 250 266 280 86 155 331 160 525 326 609 580 245 204 319 245 473 353 97 490 362 412 147 377 184 463 50 91 385 356 102 326 155 134 305 186 362 470 197 393 13 211 245 77 389 459 212 129 157 381 207 255 225 238 235 177 528 270 57 466 300 78 73 222 308 356 430 246 448 194 265 261 455 84 122 150 378 299 358
276 51 715 409 286 351 20 523 465 333 272 610 252 221 542 476 502 60 675 524 326 800 260 342 33 567 219 55 273 356 314 256 364 374 33 528 90 461 281 367 502 552 405 203 103 418 414 309 448 421 0 239 428 450 454 385 235 327 346 638 368 490 432 629 397 124 91 440 79 415 194 73 629 318 498 295 487 409 125 387 221 276 374 69 188 287 145 579 136 282 545 452 106 419 401 129 447 317 487 574 91 258 381 171 470 414 191 658 550 21 295 63 455 270 381 438 84 58 401 505 478 92 391 541 397 240 445 329 304 211 511 398 261 600 453 667 132 167 351 476 94 349 183 467 56 449 284 540 290 212 409
407 181 485 209 350 574 244 309 308 45 393 476 271 260 413 159 475 212 474 276 327 569 483 195 303 366 51 270 8 388 105 313 401 197 218 478 227 309 390 506 316 314 208 376 229 271 273 289 279 214 301 0 489 210 260 178 219 467 139 379 429 322 451 430 174 275 259 492 163 360 267 160 304 287 356 224 269 91 135 240 340 277 447 295 57 50 144 408 324 327 246 435 152 473 198 197 274 372 318 268 133 295 140 256 262 283 263 460 434 214 186 183 231 230 292 296 260 311 92 376 361 211 352 424 400 152 364 65 460 202 270 413 226 280 284 471 154 207 352 380 275 48 154 485 259 218 104 372 285 306 410
155 464 488 623 207 47 420 647 428 494 81 413 264 272 496 600 436 370 428 494 119 523 99 377 392 377 520 470 482 183 441 200 207 490 371 289 341 350 179 18 499 593 651 214 352 392 460 213 691 478 430 442 0 560 368 445 258 122 434 697 129 497 43 471 575 282 349 281 411 428 248 373 657 247 404 228 687 630 457 366 173 181 90 390 493 598 400 458 261 176 701 44 455 46 409 380 746 104 552 583 431 191 648 260 482 432 301 675 367 436 327 402 582 301 329 509 329 355 689 496 563 307 382 467 310 327 387 568 72 332 501 142 206 625 684 608 355 316 118 365 288 534 331 334 325 448 414 497 231 181 158
421 456 207 118 335 545 502 151 209 138 548 263 366 327 267 66 340 432 377 61 546 416 561 196 543 282 217 544 209 433 116 277 424 16 400 317 379 199 593 590 179 150 108 459 381 268 143 339 67 50 460 239 544 0 195 39 260 436 186 108 410 203 489 234 39 438 529 412 388 203 380 408 134 296 264 294 66 147 370 236 567 348 523 483 235 172 278 281 441 370 64 526 357 611 184 361 132 429 69 134 323 402 53 393 180 178 279 247 352 498 241 441 39 232 321 118 480 502 190 159 197 449 260 265 323 260 280 168 547 287 79 510 388 88 46 205 286 351 414 339 511 172 260 393 418 107 139 200 379 317 492
345 378 196 285 208 492 440 222 56 247 298 192 248 211 222 260 188 327 228 118 332 327 404 43 458 104 291 490 242 258 160 196 222 174 326 202 290 17 397 461 66 188 285 416 350 51 58 192 232 148 466 247 347 170 0 136 226 303 107 247 301 183 410 143 154 378 346 210 314 77 263 351 319 168 138 172 264 266 338 31 340 255 420 491 257 207 254 236 364 303 207 377 371 392 52 308 265 352 186 149 317 199 185 250 67 2 247 180 244 396 98 377 131 126 105 155 392 343 256 156 165 368 78 195 127 159 97 220 308 184 157 248 235 178 177 173 276 249 331 140 384 307 243 178 409 49 178 96 250 269 284
528 341 234 142 275 550 502 136 163 120 461 259 306 263 289 93 315 413 337 59 482 405 405 164 500 230 222 398 200 324 80 241 363 49 362 345 387 189 427 552 146 131 144 393 397 184 119 303 99 41 366 196 495 40 139 0 257 381 152 137 362 200 529 191 6 345 490 354 333 175 383 324 204 273 264 249 111 123 275 177 538 376 482 442 203 155 257 261 404 405 93 506 338 558 163 292 178 353 85 122 345 312 57 372 173 120 277 220 372 373 180 369 48 270 290 123 449 364 197 187 237 359 205 331 293 214 234 145 408 222 96 492 340 104 75 260 278 315 461 306 426 162 214 285 342 105 83 171 339 279 386
203 170 355 384 152 300 261 393 247 207 184 412 58 68 444 300 434 153 391 298 176 456 220 131 209 231 178 272 202 200 189 92 211 334 180 330 136 164 189 306 242 394 410 176 108 225 283 77 358 287 220 189 286 329 183 236 0 178 122 342 218 382 348 331 264 127 180 271 168 297 77 175 375 86 258 66 301 262 142 206 240 133 280 301 132 242 91 381 191 122 331 325 228 292 135 109 434 219 287 348 173 94 290 67 234 215 40 430 388 203 81 165 301 59 204 306 229 193 254 330 289 134 220 317 195 45 195 239 211 12 347 255 59 355 357 438 176 44 246 241 216 214 49 301 145 230 179 276 80 103 207
140 288 404 660 103 133 375 534 294 348 47 354 151 177 449 442 403 254 331 390 65 498 73 308 344 307 440 402 438 74 444 148 135 392 392 265 319 308 138 130 350 491 541 168 270 317 389 164 530 409 307 401 118 523 339 407 208 0 300 529 61 467 117 361 366 235 256 244 356 296 107 367 521 149 281 176 563 416 312 263 130 104 105 381 355 434 226 484 196 107 530 74 349 55 282 245 556 16 498 397 298 120 422 199 343 281 145 438 290 286 216 337 499 220 201 387 235 264 571 448 362 238 250 438 240 207 275 489 74 209 433 104 149 515 468 498 360 200 45 245 275 427 226 247 251 308 325 409 102 103 46
380 271 275 305 240 412 268 241 195 132 284 302 154 163 291 144 342 259 362 183 320 419 330 108 327 241 196 352 114 262 99 188 258 180 286 328 207 121 338 383 203 274 243 258 178 144 147 184 218 169 343 123 344 152 148 123 102 293 0 271 300 314 411 243 147 243 272 353 236 250 186 243 342 156 281 142 217 142 212 138 303 253 330 317 120 140 174 397 285 227 199 422 195 419 78 185 307 260 210 201 222 187 147 179 187 121 163 341 365 257 71 244 166 105 212 237 347 321 200 296 296 206 215 359 234 99 225 153 320 110 247 330 201 207 220 310 174 142 300 205 319 174 118 328 257 139 87 203 190 185 274
596 600 155 230 372 733 536 41 203 308 576 231 388 509 174 220 337 524 376 117 512 281 627 221 575 242 409 612 334 406 259 398 384 163 570 372 523 246 576 570 192 73 211 568 481 244 180 437 69 103 645 360 537 118 203 141 341 564 288 0 514 145 671 181 171 533 553 365 421 202 540 568 193 327 267 369 105 263 453 248 673 449 732 694 318 329 481 229 536 407 154 665 430 617 231 517 204 571 71 109 496 479 214 484 188 241 350 97 394 631 328 429 119 402 371 80 558 488 335 96 163 557 263 223 370 323 319 288 653 396 66 506 408 37 75 166 407 393 468 336 502 334 365 369 525 187 245 185 433 499 461
209 439 416 497 102 173 438 518 312 430 92 309 153 194 378 447 331 334 235 375 109 350 123 219 395 234 463 391 403 29 339 138 89 499 358 177 367 243 230 132 275 484 517 215 260 237 304 143 430 452 433 361 157 442 311 426 235 76 272 556 0 352 188 390 414 261 283 137 325 320 179 454 642 129 303 183 439 434 385 214 169 161 181 460 408 382 263 370 315 163 528 97 465 123 248 260 624 93 409 418 318 132 510 265 323 270 203 394 261 407 211 394 427 166 178 377 354 334 491 404 394 354 258 308 164 224 225 479 129 236 487 32 149 407 407 355 310 217 24 147 310 495 243 243 311 296 336 367 131 151 16
489 620 39 291 404 589 514 93 112 303 528 110 368 383 52 271 155 491 252 145 460 156 459 198 494 167 463 598 391 438 304 315 291 237 613 267 407 153 539 538 96 54 341 603 482 169 98 391 207 171 665 431 601 233 164 181 302 509 253 118 406 0 488 45 219 430 483 302 574 101 396 484 281 348 144 292 213 361 447 199 587 480 565 623 440 317 363 114 615 445 265 518 557 427 219 520 292 436 138 65 416 334 287 383 109 177 403 48 196 552 248 472 164 311 266 90 496 614 413 16 32 526 174 139 236 361 167 300 467 329 121 405 348 118 203 37 471 458 401 254 534 420 326 205 440 130 258 81 455 439 397
123 339 582 641 189 5 387 644 516 462 82 454 231 220 553 588 488 311 489 532 93 521 74 353 296 367 439 436 460 166 497 265 256 508 335 373 292 422 125 25 448 607 675 173 287 350 546 274 625 567 425 414 47 559 371 606 335 137 429 747 171 536 0 601 514 260 260 327 439 519 234 463 681 228 437 317 643 541 476 404 136 210 41 486 380 491 366 555 218 172 597 86 401 60 408 313 725 138 663 626 411 257 628 244 421 406 254 637 473 365 383 377 491 307 331 614 278 331 595 652 555 348 485 560 313 359 325 530 65 280 633 197 233 589 605 659 418 324 162 295 311 569 318 361 279 440 576 574 244 203 182
427 485 76 334 353 489 533 134 88 380 440 93 425 405 84 301 134 410 186 172 463 138 402 174 565 101 417 591 353 308 229 326 263 251 589 167 464 152 576 513 67 119 382 563 398 131 94 347 215 171 577 385 450 222 118 236 362 440 294 182 401 49 508 0 181 441 512 262 423 52 394 579 354 257 89 338 271 354 408 140 475 412 482 599 407 313 434 96 521 432 242 483 441 523 201 367 344 359 172 86 482 382 305 339 81 149 393 108 142 474 266 506 169 256 177 88 610 450 370 69 15 456 113 90 178 346 137 311 500 359 170 323 389 152 220 66 436 414 399 192 530 341 388 193 447 140 264 28 414 362 351
410 399 243 146 342 461 408 125 173 142 517 316 318 352 263 82 279 346 332 57 392 323 505 153 449 232 242 535 203 350 81 257 276 51 343 382 352 170 483 463 174 121 165 491 329 170 138 297 84 34 386 193 520 44 161 6 245 475 151 168 347 163 475 232 0 333 462 368 390 170 385 303 206 293 311 294 112 109 267 192 398 415 585 442 194 176 261 306 488 415 82 528 315 487 184 305 136 392 96 152 370 276 73 363 139 114 304 207 357 351 195 330 40 200 247 116 503 476 202 182 194 422 224 315 234 238 264 160 509 241 79 365 349 132 92 214 270 341 406 226 388 203 207 278 352 97 102 175 368 339 387
162 120 565 405 197 229 112 454 349 287 195 465 108 78 583 423 493 71 397 403 149 532 177 270 109 329 226 179 313 236 336 152 237 434 121 467 75 318 126 312 360 545 436 90 48 305 420 170 505 450 123 242 246 400 326 337 114 179 247 554 281 517 268 485 375 0 64 368 104 351 101 124 568 187 420 156 470 369 177 323 160 113 250 175 191 268 115 546 67 103 466 308 164 215 255 84 484 186 412 516 136 164 441 58 403 295 111 546 428 111 211 95 370 162 342 378 68 68 371 531 408 43 327 529 300 145 362 317 175 158 428 263 155 446 443 484 135 76 269 306 89 367 143 355 68 352 303 374 119 129 208
170 96 550 591 315 251 67 493 387 320 223 621 190 144 569 403 489 64 624 418 238 568 252 315 48 446 243 154 329 278 389 278 354 495 99 551 93 328 185 325 438 584 570 121 99 355 438 216 494 450 71 327 334 416 403 479 172 231 290 605 271 641 270 444 382 66 0 506 109 519 154 135 484 248 504 206 526 379 156 417 164 181 280 131 220 357 120 594 65 189 465 356 155 299 348 130 543 240 520 503 134 250 400 118 410 391 170 592 558 69 301 86 474 243 397 590 15 31 464 635 560 51 393 572 347 236 339 407 255 236 437 338 224 579 524 602 155 162 288 413 23 347 212 428 67 457 364 540 207 185 336
280 476 296 538 168 296 558 414 203 420 220 196 311 325 291 373 164 468 113 388 224 270 234 231 509 116 493 525 456 122 322 173 94 366 525 69 411 204 367 331 255 328 492 336 315 144 281 180 479 358 562 382 246 381 231 366 259 214 334 339 132 265 274 259 359 419 392 0 392 177 242 468 513 198 147 237 510 420 486 209 311 278 344 540 405 405 405 213 393 233 438 237 473 301 224 436 478 226 407 318 374 246 401 317 234 220 277 304 118 506 231 517 334 268 85 341 400 504 571 285 247 401 142 174 84 322 126 383 292 328 424 143 201 433 347 248 401 333 195 91 447 429 381 72 431 258 407 219 255 278 171
260 29 526 466 266 381 108 461 385 203 300 553 213 174 637 352 579 61 493 353 308 720 264 263 105 395 136 110 191 338 302 232 309 415 43 457 47 404 268 388 469 454 441 197 94 385 386 215 482 415 68 200 362 361 330 372 154 326 236 514 357 471 406 450 349 106 118 378 0 426 230 26 441 206 496 261 437 259 57 358 300 196 348 137 129 198 76 494 185 214 430 383 64 351 287 63 394 274 383 401 20 232 324 120 419 354 176 568 548 64 255 24 372 217 359 392 125 81 310 501 519 79 340 512 421 131 422 272 280 188 434 346 190 451 408 471 45 138 329 354 150 230 123 407 66 346 231 412 201 237 398
488 488 135 397 231 429 584 166 34 273 420 122 313 336 129 258 130 450 132 137 378 212 343 109 481 56 438 592 327 304 223 268 176 265 506 158 390 73 389 441 38 136 316 409 408 65 70 254 233 172 542 318 438 204 84 225 258 387 207 210 282 123 449 51 167 420 465 173 464 0 294 446 412 225 87 262 236 336 403 72 401 323 448 564 339 349 383 142 473 272 304 404 454 384 153 328 370 307 201 99 370 241 252 317 31 87 294 172 165 506 175 373 155 243 108 107 559 464 396 103 84 393 37 96 135 278 85 360 375 296 156 273 258 172 257 102 381 377 286 117 509 304 300 138 386 97 274 35 254 304 320
134 250 388 471 113 253 200 466 271 283 119 430 19 46 486 435 377 146 337 382 96 499 153 230 199 257 273 280 296 143 248 81 171 438 214 307 131 265 140 211 278 351 412 91 99 234 270 69 472 328 221 265 228 423 283 285 84 110 200 502 181 476 244 331 365 108 144 267 172 292 0 262 518 86 318 91 425 344 208 214 110 30 177 346 202 287 134 406 148 27 479 203 231 176 185 122 552 101 425 339 168 41 325 69 297 276 44 517 402 194 183 203 379 118 233 386 200 157 440 423 360 162 296 390 230 117 236 344 136 118 450 224 41 419 403 498 209 73 136 246 158 301 118 316 158 272 237 371 21 24 172
308 32 519 407 367 471 94 570 435 214 366 626 184 207 592 362 565 83 543 431 354 559 388 319 103 473 136 105 202 369 238 252 392 319 44 524 68 342 327 471 373 491 439 237 101 355 353 262 508 352 71 164 360 386 400 335 192 346 214 468 387 493 440 430 365 165 119 458 28 510 258 0 471 254 543 242 509 310 57 344 284 254 366 111 155 202 115 553 188 250 447 391 44 361 320 110 480 382 486 417 42 259 378 137 374 311 216 590 477 69 270 40 440 278 424 411 143 99 311 506 542 121 382 508 347 184 447 232 351 178 488 449 248 481 500 598 50 132 433 395 169 190 172 552 77 391 244 527 215 284 411
638 545 314 65 471 800 528 215 356 245 530 402 419 430 358 118 480 496 576 196 621 497 663 395 588 391 295 655 243 574 249 431 442 134 529 526 432 388 606 672 369 262 68 624 539 428 305 463 137 224 477 321 751 149 305 194 495 615 323 193 688 342 726 356 183 508 526 626 399 421 550 478 0 521 387 491 117 163 425 357 683 466 598 618 347 264 475 391 582 511 103 663 434 621 354 468 40 594 189 315 480 440 134 440 387 362 536 274 471 606 355 502 191 429 493 233 482 460 170 332 295 444 362 510 413 429 372 212 763 404 206 611 444 220 122 375 353 486 602 465 689 242 402 495 513 287 247 303 546 580 614
210 237 314 399 44 259 314 356 245 308 157 338 80 113 367 298 327 241 299 323 155 437 190 116 254 219 268 310 278 144 250 9 101 352 284 241 233 185 174 232 218 345 459 181 158 158 226 13 335 276 303 233 247 285 167 293 89 157 183 374 140 366 240 303 313 190 242 208 263 222 74 295 436 0 251 20 439 294 242 154 182 86 243 357 227 247 175 392 192 75 318 212 239 183 110 191 466 129 387 309 215 43 282 111 260 151 70 346 320 237 86 240 266 46 143 324 274 232 341 354 259 206 200 312 146 128 170 279 183 75 329 186 41 402 393 304 218 112 158 166 248 343 150 272 247 191 218 308 68 59 147
381 484 155 370 235 458 458 204 115 335 312 78 372 398 172 324 54 431 85 224 362 177 342 197 612 38 465 505 391 234 352 243 209 271 438 93 509 125 499 396 107 227 379 374 362 107 159 274 308 264 466 386 383 304 161 301 337 339 237 267 225 143 438 106 229 465 535 126 529 75 354 529 486 227 0 285 354 363 468 143 367 375 491 526 395 377 406 99 431 372 306 387 541 337 209 384 408 322 235 154 384 270 317 430 118 170 261 204 77 516 229 529 238 268 106 208 576 451 439 177 106 461 92 61 105 302 78 365 382 295 276 245 335 278 269 153 375 360 262 87 501 399 340 67 405 171 278 87 348 340 302
200 257 326 406 69 300 326 306 255 285 175 283 69 76 340 307 327 245 338 290 172 402 207 127 255 204 273 389 221 158 210 23 124 299 232 229 207 182 227 275 215 300 416 218 189 170 230 16 309 294 327 261 227 351 179 300 68 185 146 399 156 296 318 317 250 182 257 205 257 232 71 251 383 17 280 0 313 265 218 148 231 98 228 381 210 273 170 342 221 95 342 204 243 243 96 182 393 166 331 341 231 48 275 130 232 144 50 408 256 233 71 206 254 28 162 329 233 203 343 344 294 209 161 298 160 89 162 320 179 72 294 192 44 349 401 393 198 115 180 192 290 306 128 264 253 240 243 264 62 75 160
496 485 206 128 362 661 445 103 225 221 488 295 376 409 270 125 374 429 449 118 447 350 562 241 467 267 262 593 237 437 159 345 415 55 488 432 422 233 611 604 213 160 124 580 403 301 174 436 27 107 559 288 680 50 252 114 396 585 257 99 566 230 592 277 116 470 459 413 428 287 374 403 131 437 277 399 0 156 390 262 499 459 596 599 315 232 435 299 545 454 47 525 412 501 283 339 91 492 72 138 383 481 113 388 232 251 341 195 369 444 289 393 76 285 306 118 577 485 193 199 206 431 269 338 364 337 318 231 623 322 73 560 386 84 31 262 352 410 480 327 628 244 315 428 474 176 158 257 469 373 551
473 326 406 123 324 544 429 285 235 57 546 468 291 272 412 60 366 365 426 166 441 424 569 266 429 357 124 465 110 395 67 278 421 109 375 482 253 306 529 601 241 239 105 480 361 328 282 300 162 160 330 98 553 121 204 110 233 440 137 232 532 360 617 349 107 333 382 421 307 364 362 293 197 316 350 298 160 0 235 285 478 430 547 438 154 55 273 380 394 444 97 489 271 486 228 272 142 457 213 236 243 383 61 349 257 241 326 283 387 367 198 261 141 250 328 247 454 408 44 284 377 394 328 347 325 250 345 45 467 244 200 461 346 201 176 402 261 315 458 416 386 83 228 461 352 230 78 305 345 367 447
325 74 460 360 327 475 164 440 338 193 293 557 220 178 538 234 521 94 479 394 281 675 320 286 160 339 119 204 133 309 210 274 365 293 78 521 76 323 308 401 406 477 375 219 110 290 410 233 353 342 149 119 494 341 350 255 164 293 179 392 345 495 460 374 338 180 187 383 60 370 208 61 348 251 399 234 434 248 0 336 334 242 354 194 75 188 76 600 247 222 317 400 39 328 284 77 418 275 425 398 23 265 300 143 359 327 207 498 420 142 224 86 318 231 345 416 183 123 203 437 505 140 350 559 391 133 418 207 377 172 382 442 210 457 350 477 5 142 337 398 198 206 88 409 125 303 186 382 206 229 411
344 321 229 333 193 476 426 194 60 243 354 169 215 275 206 233 183 326 183 174 339 243 310 56 344 101 267 483 280 192 181 188 175 186 376 193 313 6 387 339 86 192 326 382 331 28 79 174 267 144 353 264 446 171 25 157 193 291 121 272 227 164 359 129 188 350 416 172 316 91 281 418 329 152 113 174 275 296 284 0 333 287 344 425 261 232 228 183 365 230 250 350 349 384 60 320 323 306 176 128 355 197 219 243 59 27 172 244 186 401 100 323 183 150 86 130 388 418 268 181 169 307 45 168 87 174 60 310 360 181 159 264 207 174 224 191 293 255 312 106 431 282 189 180 416 87 185 111 237 188 222
9 241 523 644 217 106 259 593 490 457 103 604 128 168 570 463 411 220 499 435 59 557 77 337 233 423 363 347 407 223 494 207 245 528 221 380 190 368 7 122 472 579 552 67 178 417 404 165 605 455 283 454 145 434 315 447 220 118 378 611 174 506 135 484 494 150 160 310 238 482 115 335 599 177 488 230 545 553 340 366 0 96 81 279 324 459 204 554 110 100 643 184 374 102 336 226 562 110 610 469 300 145 539 165 457 434 167 495 411 222 267 240 473 224 282 532 182 222 450 552 588 148 364 546 300 225 357 461 92 261 542 249 143 564 607 482 320 185 185 327 181 417 286 442 201 433 369 425 141 160 163
113 262 446 501 88 222 248 458 322 363 105 412 50 75 532 423 336 175 363 409 83 563 99 224 228 315 363 291 335 147 342 95 186 377 251 345 202 294 107 159 319 390 459 118 133 258 344 86 402 392 288 278 198 386 305 342 117 93 243 439 151 414 206 419 306 105 179 244 197 285 31 282 554 86 295 96 462 439 204 239 93 0 138 285 228 344 147 364 163 2 373 155 266 136 214 173 452 88 387 455 261 48 334 94 332 300 79 530 300 239 177 228 347 118 241 387 202 222 389 367 402 156 323 433 260 158 221 350 105 124 382 209 58 384 485 390 200 90 119 247 220 383 165 274 174 342 334 331 29 28 141
88 302 576 626 213 46 359 568 428 519 84 551 236 241 593 586 566 250 413 454 93 506 58 434 264 448 402 398 485 180 459 235 232 489 381 375 314 416 93 59 463 629 679 125 304 452 526 211 583 492 359 427 88 544 378 453 287 103 373 601 172 624 44 492 468 198 274 346 379 494 218 395 781 260 483 248 617 534 385 386 92 170 0 380 449 443 264 599 189 163 586 120 403 63 332 335 611 112 621 506 405 199 569 235 475 379 206 536 487 331 289 369 485 326 377 514 226 285 549 493 513 264 459 475 337 272 342 445 44 304 613 216 199 540 552 529 394 297 128 339 223 453 361 421 333 532 405 422 213 220 166
331 90 597 560 361 412 84 673 559 404 353 637 249 302 599 498 568 142 567 557 312 699 393 385 107 544 268 8 270 493 337 425 500 450 100 703 178 505 257 435 599 654 531 234 207 435 599 318 560 591 63 316 430 559 414 481 324 400 358 695 431 684 399 671 466 194 160 608 119 634 255 106 494 329 572 305 494 409 169 547 266 293 436 0 272 363 233 766 166 302 452 441 151 471 399 173 517 430 647 674 135 337 490 270 557 432 281 765 718 88 374 140 448 412 433 532 130 127 332 674 729 179 455 660 432 270 505 353 320 299 557 511 307 695 525 598 188 268 516 600 145 353 243 610 147 521 319 500 268 283 452
303 163 419 295 280 394 219 404 322 96 395 482 198 173 421 180 452 151 430 254 395 451 401 240 267 311 66 269 51 398 158 235 335 264 188 482 147 273 286 384 276 314 261 302 167 259 292 245 300 262 231 51 519 226 265 197 151 397 115 311 353 398 463 337 206 247 214 375 152 286 223 158 366 246 348 201 297 145 80 231 320 297 356 235 0 84 111 421 326 284 278 420 101 384 248 157 293 304 290 384 112 215 209 199 346 251 180 372 427 207 158 154 240 218 284 276 240 223 167 323 369 198 334 443 290 111 286 113 350 168 336 426 208 351 338 492 99 189 435 287 270 109 100 429 217 277 119 310 242 249 364
415 242 407 140 399 592 369 284 267 21 405 481 337 245 378 113 395 275 452 237 403 592 428 207 351 310 89 397 47 487 76 267 383 135 281 413 242 236 456 573 323 268 127 429 243 260 229 340 251 171 262 54 627 146 233 146 208 499 158 278 395 368 491 300 138 263 335 469 215 286 373 252 222 264 414 315 220 62 187 266 402 335 547 412 106 0 230 491 445 319 145 507 180 564 270 245 232 371 213 325 242 291 100 288 289 258 289 416 537 314 191 220 211 228 378 314 378 358 69 383 330 300 335 411 351 218 371 12 520 234 207 434 328 300 205 373 194 262 433 404 368 39 167 412 322 220 81 367 320 335 369
251 124 482 329 238 305 169 360 321 221 279 424 135 104 516 330 460 79 467 312 229 595 280 226 135 358 174 178 158 320 188 146 302 322 98 357 53 257 264 339 368 380 397 156 55 303 275 184 341 302 168 167 375 337 235 301 99 255 161 432 266 372 339 434 324 111 136 414 89 359 116 95 406 161 429 176 429 296 74 297 227 183 308 188 103 189 0 410 162 170 330 370 121 277 190 25 387 215 363 403 77 163 283 66 287 222 118 465 364 123 150 70 307 126 344 345 163 138 289 416 379 97 284 480 265 76 333 208 243 97 325 360 141 344 360 387 78 56 309 303 193 198 48 350 82 252 198 416 136 133 308
444 549 112 455 298 569 619 192 149 499 423 10 441 447 78 418 56 505 98 247 531 65 415 276 554 113 551 752 413 290 372 331 311 343 553 158 500 238 569 553 167 186 500 517 433 168 196 352 339 235 584 412 489 284 182 350 378 370 365 231 351 117 591 92 261 563 531 249 536 144 389 543 380 340 78 354 321 366 515 230 571 482 463 676 434 445 540 0 476 362 398 483 641 521 288 535 418 462 227 185 570 435 346 489 180 231 364 162 123 583 302 602 311 303 189 225 504 580 420 137 108 466 168 29 173 346 201 376 467 411 216 353 373 275 310 94 516 442 380 184 694 482 390 138 491 205 395 111 455 386 382
123 141 510 532 206 247 111 505 465 391 197 615 177 138 639 442 620 110 498 489 177 636 192 357 91 475 340 195 390 309 407 258 329 547 154 461 138 345 99 230 409 537 557 46 123 449 505 226 501 490 120 322 279 443 397 377 204 253 303 519 309 523 254 550 412 73 70 367 148 406 164 166 660 244 421 235 511 408 228 319 112 152 201 171 269 360 172 615 0 161 525 301 226 229 318 169 660 175 513 507 203 207 385 119 440 400 147 649 514 125 262 153 504 245 416 540 77 105 465 486 576 82 353 517 366 241 435 416 160 177 495 359 164 613 561 675 196 151 296 385 52 368 224 400 117 425 409 508 194 143 230
98 232 519 519 84 182 215 474 261 272 92 409 40 86 525 427 359 174 408 322 85 556 120 199 253 246 369 302 323 159 335 90 185 439 254 260 203 212 131 219 291 414 500 106 137 212 315 76 497 410 241 298 197 396 231 343 129 116 247 444 141 401 220 390 383 126 187 280 246 308 25 247 608 82 291 99 512 357 252 240 98 2 164 364 299 300 147 426 164 0 461 159 268 143 181 170 570 74 471 355 203 53 337 105 342 264 76 550 381 215 158 208 416 109 253 418 173 175 436 424 376 162 273 356 238 152 242 308 124 145 410 159 56 452 440 400 215 91 133 219 186 385 136 324 170 292 333 356 26 29 138
549 485 255 72 382 582 432 152 202 192 536 378 464 429 317 56 328 491 495 106 563 415 531 245 527 327 257 588 209 401 143 341 456 48 485 357 425 233 523 580 218 198 72 454 429 245 232 430 77 96 486 203 629 69 205 104 312 452 187 139 546 285 602 301 88 498 557 453 444 277 463 445 111 332 380 391 57 132 329 280 567 512 581 535 253 157 381 410 570 494 0 677 403 664 239 330 59 504 118 171 356 458 66 420 208 271 398 287 490 414 262 397 114 295 304 169 489 432 146 257 245 503 324 357 324 324 358 154 508 332 102 483 440 145 62 259 328 429 532 314 490 197 298 382 510 210 174 233 368 430 456
148 441 564 570 173 90 347 506 328 495 78 370 185 252 454 466 345 307 402 537 111 448 101 303 349 309 414 402 451 117 479 226 171 597 458 265 312 366 146 68 405 432 633 251 329 281 411 219 605 456 397 499 49 464 326 449 275 62 352 549 77 472 95 474 445 308 317 226 456 406 223 440 728 192 354 253 541 487 372 361 160 181 112 445 468 435 390 489 278 161 674 0 397 48 277 327 558 98 460 485 395 201 511 303 373 326 213 501 346 319 350 391 549 273 305 503 304 378 606 481 430 349 352 465 273 372 251 567 78 278 496 104 226 604 528 435 424 270 70 291 287 543 307 333 383 430 471 437 175 187 93
346 72 612 388 340 380 149 417 393 169 331 485 217 180 553 356 602 111 518 350 293 563 393 351 164 460 125 131 149 342 226 314 336 372 82 575 107 396 323 423 422 539 398 288 123 416 378 273 394 400 110 168 454 378 321 363 173 420 252 479 452 445 374 446 307 187 148 557 51 495 288 39 394 306 428 267 406 219 48 403 351 322 455 139 101 231 135 511 251 247 354 410 0 439 257 116 447 306 392 485 44 300 260 183 404 297 187 527 498 133 251 84 422 266 399 471 149 137 269 427 494 131 419 621 456 149 416 241 413 230 481 495 270 474 432 630 42 195 346 358 207 177 140 442 112 347 195 487 253 255 336
114 321 588 616 150 66 380 653 338 461 51 470 189 240 475 458 468 356 429 553 72 582 47 323 321 345 542 464 480 128 387 169 171 555 312 288 346 397 122 43 423 559 632 156 285 321 400 238 520 432 318 426 49 505 307 516 300 71 420 522 124 452 49 490 557 246 321 240 361 350 157 392 684 199 373 196 545 602 346 336 100 161 54 391 464 565 324 413 209 141 528 45 433 0 276 339 719 79 465 481 319 207 437 214 357 319 189 594 330 285 353 372 525 242 236 432 277 354 643 452 459 275 407 475 318 278 334 488 41 246 595 133 176 561 540 593 402 258 99 258 279 560 354 361 286 384 412 414 184 179 110
338 274 299 352 175 437 379 271 125 186 308 234 168 194 246 249 253 296 224 156 264 390 340 15 378 127 230 454 186 215 181 140 148 237 359 211 251 53 277 428 152 252 281 308 226 68 144 115 269 163 314 221 311 191 58 192 118 250 94 308 206 244 368 216 161 285 339 188 311 118 177 328 324 138 163 107 264 254 252 58 268 183 420 456 248 269 181 252 347 216 224 282 277 372 0 225 362 221 241 162 270 136 200 213 104 66 136 284 217 340 43 273 169 74 118 179 374 280 250 200 200 307 110 200 136 158 94 223 286 145 235 274 171 262 270 222 273 207 290 136 408 292 184 176 264 110 178 174 173 199 267
184 83 542 431 241 384 150 394 305 199 281 537 99 71 455 321 424 63 493 402 227 515 293 202 120 323 162 170 187 335 245 184 244 356 106 353 28 251 210 289 403 494 406 168 31 292 321 144 367 326 107 205 329 326 248 338 84 266 153 488 294 479 380 363 310 72 124 383 83 419 134 94 491 170 414 154 382 291 85 277 242 139 323 223 136 207 23 497 161 171 393 285 101 313 245 0 402 223 398 399 79 177 295 66 295 325 91 515 463 110 183 62 397 165 353 333 119 115 269 411 402 73 288 458 341 98 353 221 227 99 351 366 152 491 430 452 90 63 261 372 147 212 62 419 77 279 240 384 165 137 249
507 452 335 44 526 752 485 198 272 237 520 475 514 464 374 101 377 552 455 176 659 419 585 317 601 380 324 627 219 477 180 388 545 120 454 522 468 353 567 639 295 240 57 478 472 412 289 502 127 164 464 224 723 103 265 140 445 571 232 166 650 257 659 355 144 536 584 459 434 365 513 483 38 489 416 474 92 137 430 341 517 491 583 591 325 203 350 395 635 473 56 648 355 599 368 363 0 561 145 214 452 477 105 514 346 330 435 270 457 568 285 459 142 344 397 193 559 565 143 312 350 562 408 372 407 323 362 172 664 330 175 525 458 177 129 331 430 365 537 492 498 223 373 515 531 214 210 299 509 424 512
93 326 438 505 93 120 310 554 319 410 30 415 139 144 441 408 405 246 401 443 45 497 65 284 328 283 449 373 362 85 456 113 121 410 270 260 273 256 113 105 401 452 474 123 214 282 331 118 488 472 272 448 124 476 273 409 211 22 285 546 84 446 122 452 350 188 262 222 302 322 115 373 668 118 293 155 533 501 290 247 106 83 109 343 385 432 285 479 209 93 593 90 339 66 288 206 545 0 437 426 328 110 501 199 358 273 153 548 375 341 218 280 448 195 204 405 246 257 422 491 422 212 251 342 264 211 244 448 60 238 488 122 129 488 505 467 365 206 66 246 232 436 251 316 270 376 411 400 102 90 78
457 513 175 193 310 633 450 56 172 243 526 232 449 333 214 165 243 432 293 57 551 351 586 201 562 253 352 551 277 376 179 366 408 102 503 369 375 200 517 572 148 67 170 479 478 188 121 301 50 65 454 320 672 65 156 94 303 469 187 57 395 152 656 149 90 395 532 337 478 161 464 394 215 335 252 322 72 187 379 163 563 380 673 489 332 261 376 299 513 413 109 564 491 468 218 421 162 507 0 75 471 356 117 400 128 172 385 123 278 461 242 446 47 313 261 70 557 454 250 128 181 488 210 248 304 330 279 201 465 271 5 490 337 34 49 194 373 408 513 284 451 316 349 312 430 103 173 180 442 443 415
564 559 102 288 276 542 479 72 95 269 476 145 341 394 128 259 204 488 266 93 507 222 461 196 461 148 405 589 334 340 230 263 326 144 529 252 494 143 499 448 64 34 315 484 436 168 51 319 123 102 544 368 501 163 142 153 317 365 190 111 437 51 525 63 151 408 531 272 487 104 339 388 310 327 189 285 180 233 427 124 454 359 565 497 368 280 344 172 494 408 206 497 517 429 215 434 220 385 93 0 468 400 212 428 76 144 312 100 275 507 207 451 104 250 226 24 467 449 304 37 78 467 136 175 238 326 191 244 509 319 83 352 365 77 150 102 466 324 471 240 484 315 341 232 418 109 222 79 372 371 423
296 46 515 395 325 455 120 494 440 169 326 466 214 137 541 321 520 79 599 313 323 667 356 309 127 417 130 128 175 406 269 264 354 343 72 466 53 371 252 373 358 436 409 188 101 346 415 209 407 361 101 168 383 332 350 300 178 297 192 442 424 499 356 400 373 134 119 455 22 405 231 34 470 209 456 197 472 267 29 332 263 260 346 179 128 231 73 503 203 261 367 333 57 352 252 62 390 324 389 391 0 201 340 141 431 309 172 581 483 93 239 55 330 179 323 376 162 119 233 539 492 97 396 535 432 120 350 227 342 175 412 400 208 383 354 555 23 127 305 320 167 182 117 505 81 386 224 363 223 209 402
152 287 431 434 50 228 287 395 245 265 128 405 41 89 376 369 327 190 304 331 111 470 139 176 236 242 328 305 261 123 271 28 108 313 240 248 168 214 180 216 266 420 502 148 157 193 295 33 419 300 290 250 190 346 221 284 90 110 204 377 158 357 190 364 358 137 226 186 264 235 41 292 466 34 240 52 446 295 238 219 180 45 189 294 238 314 169 349 171 53 384 210 236 179 149 153 499 114 367 339 228 0 374 111 239 210 53 473 285 215 147 255 297 72 176 320 250 238 332 422 364 164 219 397 194 121 217 287 156 112 354 183 19 341 368 343 233 85 150 159 261 315 162 295 188 274 254 337 30 27 107
528 375 306 99 332 582 363 219 253 124 430 407 368 276 369 25 410 419 423 117 391 404 448 191 404 325 201 506 154 444 68 298 366 48 353 405 276 230 513 507 248 174 79 392 390 223 211 287 133 92 413 153 631 57 206 60 313 455 166 190 405 245 650 296 69 382 403 376 375 275 352 390 135 360 353 309 87 55 290 236 439 340 590 531 174 97 326 417 447 446 69 500 313 506 201 358 100 513 121 208 256 324 0 310 241 225 342 252 388 445 216 406 93 237 279 194 380 369 125 238 307 378 286 384 278 272 262 120 581 296 131 488 335 144 97 348 258 353 489 366 441 141 241 396 321 176 83 281 410 374 424
157 156 437 456 178 263 170 405 309 226 199 505 49 26 423 347 406 100 391 309 134 570 181 204 132 358 223 198 251 197 234 139 235 351 143 409 89 304 162 283 391 379 469 112 58 252 329 112 401 316 172 211 270 404 251 274 64 206 158 474 247 473 227 450 303 66 121 301 120 297 55 148 526 137 325 109 426 301 158 270 143 85 203 265 185 255 74 487 135 84 450 302 162 257 206 66 522 188 381 342 150 100 307 0 305 287 65 540 338 140 151 133 320 105 271 369 135 130 352 431 475 91 279 432 314 92 321 288 185 82 393 263 77 422 380 417 138 26 250 276 148 325 89 402 118 323 236 367 77 82 250
407 479 150 327 242 510 560 136 10 286 413 160 280 270 149 247 160 419 216 134 401 239 452 128 482 95 352 450 309 286 180 201 197 224 432 169 407 66 434 407 8 132 322 363 363 84 38 273 233 134 426 302 498 195 72 153 233 400 190 159 301 109 410 60 151 341 458 201 451 28 269 447 304 219 121 226 246 299 326 59 435 338 526 508 334 293 346 133 383 358 265 453 467 352 109 408 272 381 140 72 394 267 242 335 0 56 316 147 197 507 197 347 124 183 157 90 490 402 356 117 81 376 53 155 152 232 114 315 438 266 127 342 235 166 214 149 338 331 286 123 529 302 305 174 428 65 242 41 252 301 283
419 355 201 255 174 425 391 184 56 253 339 215 235 212 209 250 179 381 196 120 302 283 317 52 451 114 346 442 272 235 165 168 189 181 446 232 337 25 364 461 62 170 307 319 353 61 61 176 234 131 383 212 403 164 2 132 220 255 132 232 266 187 394 142 126 351 361 258 327 73 230 383 284 178 131 148 257 218 320 28 427 237 436 445 222 227 241 233 437 246 254 348 345 400 66 274 275 318 193 138 281 245 226 257 55 0 207 193 239 358 112 367 157 130 120 147 398 420 321 167 171 400 62 192 132 213 114 268 332 215 186 321 248 178 184 180 287 235 297 136 427 236 183 191 378 53 154 104 254 239 238
162 192 435 475 105 244 209 391 296 229 194 374 34 33 389 302 332 176 395 268 147 433 215 181 218 280 257 269 216 201 276 65 185 279 236 329 130 204 190 298 256 365 350 146 114 187 258 57 441 289 251 212 239 344 236 252 35 152 177 365 195 381 291 383 309 137 187 305 159 260 46 213 506 76 306 54 356 286 187 195 208 66 234 256 162 271 102 369 168 79 348 206 196 215 146 93 476 147 393 370 177 61 265 52 286 204 0 437 292 192 108 169 313 55 203 362 176 172 323 380 368 124 274 326 230 68 188 254 196 55 350 228 33 393 340 348 166 47 167 218 204 332 72 288 166 267 244 329 54 51 185
567 585 36 282 396 655 633 88 138 422 544 121 408 412 71 264 214 639 245 181 471 188 553 288 698 206 402 645 357 372 340 381 329 245 602 258 588 190 607 640 122 66 276 554 513 202 123 402 208 192 620 409 526 195 228 233 460 504 263 129 509 39 597 90 223 595 543 327 505 142 494 508 350 430 198 427 219 350 420 220 576 532 662 578 432 346 415 147 607 546 263 587 551 597 254 488 247 506 135 82 468 414 274 506 164 209 386 0 240 690 359 459 205 393 301 83 563 687 346 38 91 629 166 158 308 355 224 425 551 352 119 432 441 119 201 54 464 391 425 256 710 394 356 280 616 171 337 104 446 393 414
421 458 199 528 258 460 577 292 178 497 381 116 347 400 230 451 70 571 15 272 386 170 408 242 520 112 508 675 521 260 355 285 202 412 511 37 529 190 511 403 155 250 421 509 426 178 251 290 362 297 654 488 438 319 246 289 302 314 361 372 260 212 442 156 380 475 552 109 449 145 395 475 440 244 71 324 438 451 460 171 495 348 372 596 450 506 450 131 561 300 422 289 540 321 246 490 416 337 301 256 504 271 395 410 167 214 321 272 0 611 267 556 373 332 133 279 606 464 545 205 191 443 128 88 128 355 108 486 384 389 369 266 268 346 411 216 497 402 311 102 599 476 429 36 506 262 446 172 333 275 226
243 43 593 452 353 399 31 509 445 273 314 569 187 175 532 405 592 41 653 492 252 781 242 364 26 471 241 95 276 319 296 278 354 489 38 546 73 358 189 419 488 505 452 190 107 452 465 286 586 495 21 288 423 462 453 430 225 292 324 562 394 535 375 586 370 88 55 517 83 516 240 78 545 267 469 268 563 341 116 357 263 206 277 99 185 323 122 685 114 215 428 320 129 320 304 107 452 332 466 467 109 212 433 154 531 355 199 506 585 0 267 45 381 284 353 557 65 35 371 542 491 73 408 617 470 189 469 289 253 178 505 394 232 560 487 633 112 156 322 442 84 328 152 533 31 403 332 484 208 194 323
266 243 338 375 154 347 331 270 179 159 304 251 151 135 365 225 298 263 265 220 224 429 273 55 338 189 270 363 177 188 157 123 175 248 304 238 233 121 268 389 177 263 310 293 168 130 184 88 273 194 339 208 335 219 103 175 89 253 72 355 226 303 405 276 191 189 287 203 282 212 156 244 416 84 205 69 284 241 243 110 318 203 325 403 160 240 152 284 267 181 240 265 283 269 47 173 352 244 274 234 194 125 187 164 156 106 123 342 263 259 0 213 231 48 131 213 289 321 251 276 222 209 165 263 161 97 149 235 320 92 205 266 102 279 247 296 203 158 223 152 318 204 110 269 279 151 150 194 122 140 204
208 23 485 379 240 329 66 422 416 278 293 464 149 145 613 313 460 31 544 378 281 615 257 282 69 500 170 117 195 354 270 224 386 414 28 461 36 314 273 411 468 524 440 206 65 415 411 202 509 399 66 231 355 457 385 418 176 317 236 495 414 528 335 475 414 86 82 445 29 464 218 42 409 216 509 202 504 300 63 297 209 178 340 113 144 237 75 610 168 187 352 407 89 311 339 76 487 297 424 508 44 238 380 114 420 324 183 508 593 47 221 0 465 212 326 454 101 72 318 502 444 70 403 536 366 141 451 270 347 197 419 424 223 465 466 514 73 141 379 438 121 240 123 437 31 312 242 403 176 228 330
434 480 188 205 378 612 420 125 121 188 473 308 404 388 215 118 283 350 388 23 500 359 535 145 529 227 295 478 243 383 123 321 284 53 403 373 412 162 528 469 127 108 166 461 371 174 103 272 78 14 515 235 565 41 170 49 284 453 148 118 404 157 599 155 40 373 472 345 329 194 340 331 169 333 234 289 89 152 305 156 511 395 582 542 269 180 368 246 530 363 82 511 414 460 195 391 152 442 42 89 358 369 88 360 134 140 291 200 322 415 188 450 0 257 235 90 492 446 196 145 201 454 182 281 273 277 234 214 422 262 39 449 295 81 62 176 315 348 394 290 556 263 265 272 410 90 125 175 301 387 364
201 255 377 331 105 339 295 330 176 228 189 279 95 107 324 284 308 182 302 243 192 476 234 109 261 230 270 319 195 152 176 60 167 268 217 265 173 127 208 298 245 343 341 227 165 135 248 46 335 275 312 225 335 262 153 228 65 190 114 409 225 286 303 238 197 155 224 230 255 213 122 241 364 45 213 27 326 244 208 134 200 139 327 303 177 260 147 328 244 119 281 244 248 257 88 140 435 167 334 291 237 75 280 141 233 147 76 398 245 263 55 258 251 0 154 282 227 213 259 363 334 227 208 264 188 93 155 255 267 54 278 242 70 322 349 382 187 122 213 168 250 305 121 210 189 162 205 276 82 103 201
357 470 230 414 136 363 504 296 147 313 268 175 247 224 271 363 181 393 168 205 234 255 261 105 469 72 420 544 372 130 331 136 102 275 347 84 332 90 319 335 145 295 381 279 314 63 171 163 289 268 430 401 290 255 126 302 187 205 191 298 185 265 286 203 221 360 417 84 443 141 193 455 395 145 122 169 395 360 362 98 318 223 372 559 333 394 314 232 384 202 395 261 352 269 130 312 445 195 246 218 374 151 351 290 154 111 203 240 126 408 141 329 283 157 0 215 428 343 386 278 218 312 92 161 7 245 37 357 323 240 251 203 171 306 319 239 388 270 179 12 408 367 247 92 364 165 318 134 171 206 155
499 416 119 287 387 640 517 50 88 272 433 197 390 386 141 210 232 407 279 75 497 270 458 169 582 159 407 576 246 377 172 312 368 152 528 263 460 125 538 511 88 28 207 550 353 163 64 367 124 85 455 295 536 127 137 137 368 472 252 102 403 71 567 114 98 414 472 342 403 125 419 504 213 307 205 331 129 242 403 138 495 355 469 628 375 317 319 186 503 461 189 502 472 582 206 373 248 455 57 24 389 375 208 457 98 133 387 86 265 426 215 529 96 310 237 0 484 503 266 68 108 491 136 165 253 340 225 268 446 311 47 379 350 54 124 101 434 403 486 219 452 353 329 292 483 85 228 107 316 419 432
178 96 669 572 248 306 58 641 435 300 248 526 212 178 561 491 650 64 554 447 199 620 225 307 41 524 309 122 321 372 417 294 351 476 106 516 123 367 151 321 533 502 500 118 87 353 458 235 569 396 80 326 335 469 379 468 199 306 295 621 297 518 340 627 392 71 14 388 106 461 159 148 522 266 529 280 528 403 185 416 203 202 252 119 216 297 175 558 64 190 545 360 153 258 384 106 497 241 599 548 163 261 422 161 526 359 227 547 568 58 316 100 517 262 440 526 0 30 409 661 605 59 462 648 350 223 412 311 255 223 475 425 180 486 502 607 177 180 352 423 22 299 185 538 53 464 360 528 234 214 362
173 70 571 407 292 341 51 484 494 339 295 645 201 146 648 421 589 38 565 379 247 612 233 371 32 492 248 124 248 383 354 214 334 472 79 451 74 328 163 347 395 612 444 125 82 423 492 253 555 470 46 254 360 513 443 387 178 316 299 580 306 566 331 567 437 86 30 420 79 485 207 111 608 273 433 205 573 363 140 385 172 210 235 124 189 283 139 653 98 191 462 395 162 301 274 110 515 234 491 509 126 194 362 143 411 364 203 538 589 36 277 58 415 205 344 474 30 0 372 524 518 43 360 537 431 194 452 316 236 221 440 336 174 472 538 597 143 153 374 414 56 313 172 510 27 427 327 478 180 228 346
419 326 362 143 422 657 430 315 348 77 576 420 303 386 501 87 508 328 475 222 539 632 545 295 401 354 112 324 116 461 126 359 389 136 353 534 257 326 567 670 280 282 105 516 354 357 284 367 232 245 346 105 538 167 307 174 253 555 173 288 495 333 665 353 198 376 445 488 293 319 422 324 198 313 414 285 215 54 239 296 488 429 646 418 169 67 229 439 444 379 140 554 233 633 328 307 183 463 280 356 217 338 102 326 340 267 293 432 560 389 235 315 203 314 430 332 437 383 0 391 394 369 404 408 424 272 346 42 577 272 261 466 401 257 177 470 256 340 559 440 454 50 258 550 295 294 103 392 354 356 531
603 467 46 275 393 637 563 68 118 371 478 121 396 368 83 301 208 522 211 132 425 218 482 208 633 197 461 689 327 390 277 347 325 182 454 295 545 161 546 651 108 50 282 536 409 176 99 296 137 125 640 363 461 202 167 184 325 502 290 117 359 16 552 60 193 423 621 322 481 121 357 547 331 378 163 334 216 350 457 155 632 447 646 587 338 353 361 143 525 436 215 520 502 572 199 472 255 498 134 38 434 359 251 430 97 179 422 37 200 469 283 535 160 350 261 72 606 595 416 0 59 544 146 136 198 409 219 296 453 390 102 466 325 111 137 64 505 451 491 211 662 385 314 247 596 160 269 69 451 386 407
557 531 66 334 269 565 480 138 101 288 423 81 321 345 68 323 109 438 203 147 407 167 526 210 556 106 435 622 327 314 301 287 249 197 542 193 408 163 450 538 71 95 292 521 425 146 106 310 215 169 515 430 585 203 162 214 314 453 226 183 387 37 594 15 215 412 518 219 548 81 397 427 352 260 125 302 203 348 469 167 432 371 483 727 414 335 456 114 607 425 292 439 420 521 230 466 285 434 143 72 544 299 242 461 79 168 312 71 173 505 277 482 173 300 219 79 642 577 374 59 0 517 127 88 181 375 158 307 474 298 126 393 296 137 187 45 471 335 336 178 543 389 314 188 510 160 285 38 387 321 341
184 94 494 477 215 298 77 530 426 255 197 527 139 111 583 409 496 25 569 406 189 518 253 270 63 422 243 165 219 290 280 220 300 379 80 399 49 286 186 290 447 560 487 131 42 346 454 224 522 395 79 210 372 363 367 363 134 286 255 605 278 592 255 532 432 37 44 413 85 399 161 123 510 211 480 166 473 382 111 363 162 157 266 136 203 284 88 603 76 154 474 306 138 323 311 72 461 255 535 483 88 208 332 78 424 396 140 526 468 64 230 63 408 215 369 425 57 36 384 435 491 0 396 550 339 145 334 309 258 140 395 340 168 536 411 493 130 97 270 326 78 337 138 443 30 349 280 444 172 180 258
432 367 199 345 228 355 526 184 54 282 337 155 254 273 156 310 146 398 176 154 295 246 380 92 419 50 402 530 266 207 261 170 143 248 412 131 341 57 335 450 65 159 339 435 343 26 85 198 239 168 507 322 455 195 70 195 198 270 189 221 274 153 426 96 209 308 491 170 410 42 270 434 357 188 70 219 263 320 325 51 391 249 467 540 270 278 329 147 373 285 276 349 372 349 111 292 396 255 195 134 413 231 268 276 57 65 207 173 120 458 131 348 220 203 73 131 467 424 372 133 128 370 0 130 78 274 47 289 362 236 167 224 249 221 272 153 310 310 282 82 392 325 293 128 364 102 255 85 293 241 219
439 547 138 393 257 539 625 197 153 438 423 21 350 374 91 393 34 531 81 285 453 95 489 257 566 97 455 554 405 318 330 347 215 282 647 123 494 169 532 508 156 206 391 445 479 169 148 280 278 273 612 413 535 289 190 305 348 327 282 281 356 117 529 97 252 411 571 175 500 101 352 483 457 298 57 342 348 456 439 173 558 408 481 563 404 478 482 27 475 448 397 412 475 460 227 512 463 401 247 163 430 328 375 455 155 184 312 139 99 567 293 535 305 342 160 170 623 490 465 153 105 567 140 0 174 393 160 432 439 417 275 288 384 225 304 98 510 464 364 145 610 424 409 127 600 226 401 99 414 344 354
338 352 268 397 148 401 485 291 149 343 288 206 246 260 234 383 143 390 143 210 228 247 298 116 467 71 433 491 370 152 333 156 104 343 453 97 313 115 332 354 161 231 406 370 340 82 176 154 310 234 418 311 328 298 141 261 230 256 222 326 197 256 343 200 287 330 418 90 331 129 197 374 528 130 105 160 391 377 387 96 343 251 343 499 369 372 270 222 331 249 375 235 423 316 124 340 360 212 319 253 437 195 286 281 146 122 221 268 114 390 166 427 273 187 7 258 354 396 442 200 201 409 93 187 0 261 36 408 292 211 303 203 201 285 302 237 389 228 209 2 444 440 258 83 434 196 261 131 245 227 154
210 165 397 332 165 331 210 350 261 144 235 408 107 102 397 263 402 165 410 222 234 530 265 125 237 240 166 323 139 268 195 138 217 279 199 378 113 165 247 321 259 358 311 206 122 218 290 115 297 223 249 143 307 226 198 231 42 207 82 388 303 327 373 321 196 134 207 338 170 257 135 183 401 108 299 97 375 223 149 218 252 138 366 329 112 178 68 390 207 180 343 288 173 256 157 97 396 242 345 282 120 135 277 99 232 209 83 394 421 223 91 167 243 88 264 347 191 178 247 411 293 137 266 422 224 0 206 188 280 33 354 344 100 299 260 434 109 63 282 264 189 217 27 353 182 189 166 342 132 128 218
318 455 244 383 150 368 507 254 99 287 275 162 204 224 240 354 178 379 139 236 258 234 288 102 459 50 393 545 342 203 241 159 137 310 409 126 405 67 335 383 128 254 408 314 375 42 138 177 325 197 384 293 348 291 85 204 193 229 194 264 221 178 373 151 264 366 392 107 394 81 226 413 426 158 88 151 295 383 312 67 332 225 349 550 282 388 324 159 445 248 376 278 348 332 98 312 396 233 236 177 399 176 299 278 96 86 185 233 137 474 147 342 261 146 32 208 366 343 376 234 185 319 42 170 31 218 0 396 265 244 264 211 240 271 300 213 342 234 237 35 454 325 221 83 401 155 241 127 189 187 177
462 294 402 134 340 468 376 329 259 37 514 458 346 240 344 85 500 260 518 204 427 578 484 196 297 387 90 370 53 485 69 303 455 143 291 525 239 237 380 515 341 260 137 385 312 311 287 345 242 208 299 55 612 169 267 144 247 474 126 299 423 328 481 345 150 301 323 509 259 337 275 269 226 353 367 316 220 45 201 301 378 394 544 391 109 11 217 443 373 372 178 497 182 553 256 251 170 414 225 298 230 357 91 255 248 282 262 380 455 341 195 286 196 246 379 298 313 281 57 376 390 303 332 385 356 178 382 0 431 193 233 449 282 240 181 424 206 259 453 382 344 30 220 460 261 222 87 364 384 367 496
63 288 521 644 172 79 355 548 464 426 27 552 191 162 546 502 459 232 433 481 38 567 16 324 252 316 485 318 398 149 464 156 225 434 363 320 249 331 95 77 363 588 664 142 242 366 438 179 616 488 283 403 89 562 402 456 207 57 338 532 112 508 71 492 462 209 226 259 295 346 157 365 645 183 352 210 582 523 372 340 80 134 52 381 405 545 251 544 188 101 515 77 412 35 360 229 595 54 445 433 287 170 583 214 344 415 206 590 342 296 274 344 559 252 253 475 223 310 442 526 491 208 367 473 302 236 303 512 0 250 542 139 162 472 612 605 355 212 116 304 212 513 306 302 308 373 406 475 169 168 116
240 216 364 379 146 356 248 319 205 177 229 326 85 75 368 284 389 178 352 278 221 480 214 116 199 231 190 323 191 253 189 94 225 310 221 301 126 199 238 345 245 353 287 214 103 228 222 72 390 255 264 183 368 298 207 258 11 246 102 409 237 380 281 279 221 157 208 243 146 269 91 203 452 74 319 59 362 256 165 183 192 136 324 337 143 227 90 377 222 121 345 296 189 240 128 106 406 229 362 287 146 94 268 76 258 207 47 352 322 232 80 146 262 61 234 342 251 175 283 380 327 152 238 315 202 26 215 253 271 0 285 244 72 286 276 379 142 61 272 257 250 279 54 288 148 185 182 293 106 111 241
482 511 179 198 304 632 485 61 159 229 492 227 331 365 217 151 235 523 365 56 492 337 478 222 441 210 302 517 276 389 190 360 310 84 466 320 417 179 528 567 144 56 169 476 396 177 116 395 62 61 516 300 548 65 152 91 349 539 244 63 374 138 556 184 95 387 427 324 463 172 414 404 223 318 287 329 89 215 371 216 603 432 490 655 259 245 383 241 543 458 123 457 481 476 231 349 176 418 4 71 397 345 117 424 165 175 352 117 310 459 241 434 50 307 257 48 575 522 217 112 146 488 190 284 236 330 282 268 529 276 0 385 358 28 45 158 413 350 529 272 612 318 279 260 436 109 175 158 383 413 369
185 431 375 579 121 161 355 449 329 404 152 327 220 278 380 518 340 366 215 430 180 336 134 286 444 237 416 494 425 57 364 144 109 432 439 183 341 276 260 162 371 469 563 244 326 247 311 177 435 467 398 464 129 483 245 481 240 86 343 453 36 413 169 359 476 295 331 114 421 274 224 447 712 186 228 193 539 454 344 289 213 185 170 519 392 453 322 307 266 182 513 94 451 125 221 380 506 132 404 347 463 159 446 262 370 342 222 449 232 442 281 452 491 224 175 476 435 421 510 363 317 360 304 364 176 263 193 509 132 243 485 0 230 429 438 346 368 297 52 162 333 439 306 200 391 371 384 381 211 175 53
190 267 349 433 78 276 283 467 273 289 148 358 33 50 456 354 407 200 337 281 155 415 189 149 251 220 240 296 293 168 249 41 123 358 247 262 170 233 155 260 318 374 395 171 117 224 243 32 451 317 254 256 210 362 217 298 76 129 152 406 143 417 256 318 351 144 194 223 241 315 38 272 527 46 344 47 408 340 221 212 146 59 209 312 191 345 137 380 159 56 370 219 256 167 142 116 513 119 328 341 241 22 305 88 261 194 37 378 366 216 115 214 288 59 159 366 229 233 357 386 395 149 239 416 178 115 179 257 195 88 397 194 0 451 329 446 217 68 160 222 214 353 130 305 167 239 236 291 29 30 154
501 528 126 217 399 536 576 31 144 249 476 254 368 380 180 193 253 405 297 66 552 274 519 185 527 274 384 513 329 426 188 343 344 105 529 339 424 226 530 518 169 48 176 512 524 190 107 416 69 91 611 325 568 100 178 117 385 425 271 40 475 103 660 155 117 513 614 318 427 166 361 455 227 380 223 387 87 204 356 213 631 413 574 622 288 255 355 221 528 497 150 618 411 606 253 404 171 564 27 68 474 350 144 380 166 165 395 120 358 552 262 511 84 300 313 61 516 534 320 113 124 446 178 231 266 358 259 306 507 296 31 483 397 0 74 177 455 424 407 322 494 280 390 348 508 117 250 153 413 384 400
577 435 183 134 397 641 581 89 179 221 570 290 397 437 243 103 366 440 427 65 521 362 583 261 544 270 295 464 239 494 157 399 327 51 482 365 475 186 499 692 206 116 129 516 369 283 161 344 13 74 498 283 653 50 222 93 318 517 228 88 511 181 568 221 72 398 458 383 414 197 367 420 145 321 263 295 28 187 406 237 494 370 569 522 262 205 335 352 600 465 77 476 346 597 271 412 113 426 50 137 345 428 107 437 184 205 325 199 412 457 298 500 49 360 345 117 524 508 204 156 196 488 214 290 285 300 323 183 471 316 50 442 436 58 0 206 332 409 572 333 526 281 322 344 459 121 188 173 466 427 509
555 473 24 354 317 501 689 136 120 418 454 78 379 493 19 352 146 494 213 197 520 131 488 276 678 138 467 633 464 327 265 330 327 302 511 240 587 163 621 500 131 93 330 554 462 202 118 339 194 207 658 452 465 242 202 267 361 463 295 154 418 43 633 58 204 464 536 328 454 110 448 481 417 342 148 310 287 345 530 183 541 373 508 593 449 441 506 88 619 377 337 530 574 527 248 435 296 518 149 93 478 390 298 492 113 175 448 51 197 684 273 562 217 312 227 119 674 550 378 67 40 603 161 94 206 441 237 386 601 329 160 372 333 170 237 0 578 377 403 217 535 468 445 239 600 169 314 77 363 354 373
268 72 574 302 333 389 153 382 323 199 323 563 211 185 554 298 571 81 443 371 287 543 347 292 132 443 97 180 146 349 243 256 350 343 89 481 72 348 258 452 392 365 371 210 107 345 384 213 368 351 140 127 394 358 314 330 165 314 214 506 409 419 405 431 263 163 167 457 51 349 184 48 369 241 416 186 337 223 4 305 254 230 324 202 85 194 60 473 240 245 377 343 50 416 306 78 323 373 428 362 23 260 263 166 338 306 154 436 491 111 239 75 383 211 384 385 142 125 208 484 471 123 387 526 345 127 360 208 391 153 354 348 236 477 329 545 0 125 322 428 181 201 121 410 92 365 187 451 253 199 383
159 140 444 357 159 295 164 380 284 209 226 504 62 28 461 330 431 123 457 350 165 586 235 217 193 305 223 210 181 238 205 111 246 304 164 351 93 270 167 273 310 360 420 154 65 270 278 119 346 305 196 192 259 389 205 263 44 190 174 373 253 451 319 395 256 76 162 308 148 312 85 138 435 108 406 100 336 253 115 261 174 90 231 220 176 231 54 376 143 117 386 260 159 255 161 55 406 208 389 378 142 97 341 27 267 230 45 463 416 178 154 144 315 89 257 409 170 136 263 370 420 111 283 470 253 77 293 246 249 52 422 264 72 407 406 509 121 0 244 282 188 302 69 403 119 237 215 319 85 102 231
190 369 394 643 103 126 387 543 333 470 80 427 181 237 416 407 300 309 262 411 94 417 109 248 413 262 469 418 442 46 427 136 119 469 334 273 267 242 207 109 287 412 584 235 313 291 347 134 554 366 398 438 125 478 321 447 196 42 315 520 29 448 152 420 369 293 308 165 364 358 178 379 663 137 289 158 603 489 326 243 182 152 157 460 354 383 346 345 220 113 569 66 415 91 212 245 668 65 411 428 407 132 442 245 343 325 227 508 274 387 263 297 403 197 192 419 301 311 527 509 380 285 257 361 179 251 221 447 116 260 423 45 177 409 522 460 309 243 0 231 357 416 289 261 276 320 359 342 144 131 21
361 461 265 418 145 362 480 286 119 381 256 179 235 264 237 335 142 418 126 285 296 295 334 152 452 78 396 555 407 138 301 143 78 368 397 83 365 124 319 302 142 283 470 295 340 75 155 168 360 268 458 299 310 276 115 282 192 200 221 308 174 198 392 165 291 386 394 90 421 115 237 386 437 162 96 178 308 329 423 97 346 252 372 531 315 305 290 202 397 236 420 310 371 335 139 323 414 248 291 207 339 217 312 238 127 112 246 253 125 470 185 327 294 143 12 202 366 410 430 205 170 391 68 156 2 277 37 368 338 234 276 172 233 302 351 214 354 251 169 0 434 374 269 79 402 159 245 166 237 233 193
138 137 676 470 250 275 77 487 537 305 246 511 202 170 559 503 570 86 543 445 237 648 222 405 59 523 300 146 345 380 370 272 333 547 125 499 128 464 138 322 470 637 552 103 100 384 552 265 569 434 106 306 282 441 402 522 194 228 342 620 300 527 270 473 413 91 19 512 123 540 180 169 527 267 572 260 464 433 213 431 159 180 210 149 313 382 175 516 49 186 577 358 230 265 372 141 550 282 518 501 164 203 488 155 542 477 168 588 528 81 334 106 445 278 422 465 20 52 362 581 635 68 385 482 437 251 407 365 274 242 619 319 187 490 621 693 156 158 360 351 0 309 219 537 90 428 349 583 198 177 307
397 288 384 201 360 514 289 325 299 58 447 406 357 261 424 111 514 261 482 241 426 623 483 276 302 458 66 300 47 453 133 360 399 176 283 411 245 276 391 527 365 389 141 333 267 386 289 332 271 210 346 47 545 212 261 160 220 384 152 342 454 329 590 362 180 354 327 508 219 376 347 259 263 273 389 321 201 74 155 314 484 366 500 288 104 29 186 496 373 387 159 606 161 545 294 271 198 401 310 276 202 354 160 275 384 283 279 395 491 303 254 217 256 271 389 315 333 326 44 354 338 340 299 508 438 189 374 40 467 207 237 428 351 332 209 494 198 244 547 364 426 0 173 430 334 278 101 407 356 387 519
254 168 479 391 202 314 181 366 264 173 235 451 98 99 503 239 464 128 449 241 212 449 292 194 223 329 153 237 147 283 185 133 239 307 159 383 112 206 243 381 274 309 334 190 110 206 249 130 347 245 209 166 405 272 239 222 51 299 101 442 260 419 364 329 259 130 193 284 125 254 154 159 406 139 361 119 381 230 90 197 270 139 365 279 93 175 46 419 216 154 336 299 158 342 155 66 328 214 278 344 121 122 238 102 307 202 95 424 424 186 104 124 305 107 242 323 201 147 266 347 381 114 313 404 256 25 274 213 301 50 300 330 118 347 305 413 91 68 316 308 232 183 0 353 124 271 166 323 130 152 231
435 570 208 505 222 459 504 336 141 408 339 135 277 322 219 343 105 385 53 304 378 192 309 183 489 71 414 638 448 225 369 214 126 380 499 19 410 178 394 390 165 223 511 375 440 118 179 255 338 331 538 379 336 368 167 336 315 320 317 322 238 227 348 176 309 394 406 76 534 116 356 541 529 257 71 205 401 395 459 181 332 338 411 545 427 445 447 121 481 350 350 295 432 382 184 411 414 272 328 245 450 263 354 322 181 166 291 232 34 490 217 523 269 235 104 228 440 508 477 244 198 504 102 122 88 285 106 416 337 283 268 213 252 288 388 208 461 387 222 82 554 430 326 0 509 247 413 185 250 302 211
181 57 523 524 257 310 67 494 376 281 243 561 165 131 625 337 623 10 578 435 261 624 271 293 44 451 194 103 206 390 291 259 313 442 52 549 44 339 227 319 404 569 372 129 67 336 372 245 536 472 57 202 397 466 387 329 147 255 286 522 347 521 375 575 398 64 52 381 59 471 164 90 495 197 530 213 448 320 114 347 174 162 261 130 196 295 93 587 113 225 450 394 127 297 293 79 448 242 405 466 90 182 408 124 466 321 178 627 469 33 295 30 469 189 373 438 53 24 315 561 571 29 421 523 363 150 397 304 232 193 409 333 196 540 456 476 114 102 286 426 90 279 129 500 0 440 283 414 214 177 276
404 370 219 243 260 430 387 159 78 170 399 218 269 298 234 159 257 357 247 56 420 265 410 74 398 176 314 552 228 296 129 196 255 126 449 289 337 72 386 456 82 127 242 452 284 95 48 259 155 67 482 255 523 119 65 100 233 331 110 194 293 139 461 145 90 332 363 254 383 115 269 375 266 192 196 223 189 230 347 72 445 275 514 511 244 209 285 214 424 336 189 371 412 438 112 311 267 387 117 95 340 238 142 331 86 51 284 207 272 364 124 422 82 195 188 95 373 413 223 126 143 424 113 194 184 237 167 251 412 213 113 308 258 124 159 207 311 310 403 183 371 228 220 232 362 0 124 112 293 266 376
385 299 286 167 331 500 334 262 225 46 462 422 298 249 354 87 316 247 340 150 330 421 397 136 399 257 153 342 79 395 18 264 310 102 330 379 270 210 417 540 232 273 160 418 259 238 163 252 159 158 335 80 410 134 161 86 197 399 69 250 442 245 477 284 115 345 374 360 264 287 262 283 203 223 373 240 198 69 190 205 362 303 468 342 103 75 167 335 360 266 145 490 267 451 152 231 199 381 166 203 225 298 80 268 243 199 238 319 360 278 127 283 151 209 255 196 371 331 141 299 280 316 251 394 286 179 284 81 376 170 194 442 264 186 151 312 228 226 455 310 349 124 181 315 277 144 0 230 241 265 338
386 511 97 305 297 451 533 121 45 291 377 89 310 393 110 298 133 423 179 126 478 170 401 163 519 78 342 640 313 263 225 310 212 252 408 200 439 110 536 498 41 108 343 415 370 96 59 304 182 149 534 384 462 240 94 192 329 339 227 184 346 73 573 30 181 419 564 232 393 32 359 453 352 239 87 255 249 303 363 111 424 326 543 598 308 339 321 119 475 398 287 388 439 408 140 383 346 432 145 73 393 292 283 320 40 92 364 120 158 454 241 490 181 266 171 93 494 531 325 92 42 469 80 104 173 332 109 365 377 274 149 369 339 138 184 99 396 324 355 142 450 366 372 165 444 105 249 0 316 325 345
157 206 361 505 84 207 252 363 259 339 127 458 30 68 439 407 419 171 327 304 102 399 145 219 254 297 344 330 311 127 248 57 171 427 203 250 146 209 128 239 312 344 389 143 114 228 337 48 473 392 254 315 186 343 220 325 97 112 209 480 150 463 250 407 322 107 168 236 245 345 23 262 504 64 276 71 468 379 250 201 123 30 192 272 230 343 134 396 170 29 387 182 247 152 188 131 404 91 329 376 251 26 300 84 272 221 58 430 358 224 142 197 391 81 205 356 188 205 436 468 352 176 297 409 192 145 228 364 152 103 433 194 25 454 449 385 186 77 134 221 220 389 124 327 182 285 317 382 0 0 134
148 201 389 506 68 207 260 424 272 306 128 456 27 66 418 381 316 206 309 367 92 412 138 214 262 285 330 284 250 153 284 63 125 309 260 247 170 232 143 200 279 353 497 136 148 242 265 59 353 341 230 285 187 418 258 281 84 125 167 454 139 399 251 382 382 145 195 205 205 304 22 266 435 52 358 67 439 378 224 203 130 31 171 281 254 337 138 408 161 28 435 207 243 172 161 161 399 95 443 399 183 28 322 88 247 248 49 462 374 234 122 186 400 91 211 350 196 201 429 382 353 149 247 381 227 150 214 322 144 114 364 200 30 474 377 480 233 86 159 209 219 368 157 247 176 304 294 321 0 0 150
198 388 366 514 82 152 338 473 257 469 94 379 155 203 394 477 309 353 276 399 125 455 126 255 321 263 356 483 349 29 345 114 74 454 350 210 290 249 158 153 355 359 459 233 307 253 357 159 487 429 436 468 150 380 298 354 243 59 329 561 15 406 140 385 363 255 331 156 372 263 143 357 569 113 277 166 471 437 392 209 190 135 171 398 423 395 331 347 242 121 519 102 348 91 257 316 585 65 479 407 365 128 405 235 284 259 153 486 261 303 211 340 451 182 167 398 303 358 418 473 341 330 219 297 169 213 215 462 132 253 504 45 143 496 460 371 361 218 26 187 361 464 287 253 332 343 355 356 147 139 0
