0 204 82 323 209 206 205 234 402 108 145 267 253 281 246 374 296 281 179 442 192 253 74 88 65 242 291 339 76 170 115 381 203 98 271 69 254 307 200 78 152 283 316 109 201 163 366 152 982 337 140 293 269 177 305 184 343 75 349 364 160 20 279 155 367 282 295 182 270 62 199 110 305 198 213 71 334 290 214 188 353 231 309 334 343 194 137 175 295 412 192 313 153 98 194 155 356 130 182 185 153
172 0 104 238 362 449 367 240 329 120 344 435 73 548 204 265 137 481 355 601 300 453 189 226 148 361 281 395 144 199 194 499 319 118 143 218 487 127 227 243 33 505 278 103 141 302 447 228 980 127 288 438 115 28 525 457 315 256 382 206 387 187 102 233 509 574 246 37 550 208 145 161 406 416 425 135 375 395 43 401 170 463 294 146 123 237 283 289 180 439 132 110 319 215 67 194 164 254 364 394 108
75 113 0 237 301 299 220 190 339 105 187 330 187 320 165 272 231 349 211 437 310 368 64 98 63 308 205 358 39 168 156 444 188 100 179 123 366 232 143 169 110 356 228 51 150 145 460 185 893 232 174 328 232 125 415 315 258 116 282 207 248 83 198 155 415 458 271 93 345 153 156 67 370 262 275 24 339 329 128 254 304 316 303 286 209 197 211 196 212 336 82 216 223 121 90 228 277 136 260 279 115
349 294 238 0 457 521 466 111 163 394 344 625 391 502 117 74 403 677 327 529 584 491 308 329 327 187 82 578 240 460 387 562 346 416 122 378 623 283 154 391 251 574 23 314 149 203 562 494 1025 284 555 402 196 309 398 444 75 268 168 51 507 377 391 237 477 511 47 253 601 384 156 214 703 621 431 278 600 506 382 560 382 450 93 339 166 544 433 444 114 154 185 347 596 401 224 505 298 281 461 570 315
200 371 263 588 0 97 217 364 569 213 200 264 436 366 369 491 489 151 261 321 73 156 203 263 189 418 485 132 294 222 228 334 278 273 492 133 217 512 332 98 319 79 439 296 444 325 314 213 778 495 73 286 429 412 302 238 535 216 464 510 123 168 427 258 404 321 476 320 198 140 470 350 137 105 257 281 125 131 294 113 564 276 462 499 438 151 60 149 448 637 301 475 43 132 321 174 509 265 23 23 281
171 421 297 418 111 0 114 358 387 292 158 135 396 221 332 524 456 108 167 247 216 67 242 176 283 325 471 275 225 296 300 293 182 271 458 161 99 466 351 114 331 146 477 336 459 314 158 313 661 593 152 222 470 377 223 127 420 193 377 510 32 175 476 286 274 180 548 396 85 207 381 313 123 52 147 276 194 78 378 12 497 139 463 467 423 283 117 240 451 489 333 484 133 235 377 241 549 216 125 123 268
202 422 281 482 251 104 0 345 284 264 52 123 442 135 337 439 464 187 72 238 300 173 210 171 258 252 347 393 207 372 280 205 85 294 430 187 101 507 233 175 399 296 434 282 410 216 147 405 702 504 210 109 394 412 122 19 326 134 260 491 96 204 525 190 163 135 358 335 158 252 384 264 240 189 45 249 399 199 437 110 541 26 361 619 449 386 227 355 420 395 265 428 242 311 384 327 587 153 211 218 363
225 233 171 128 468 320 297 0 142 296 240 493 253 385 10 131 372 451 199 436 379 381 175 175 270 171 70 626 131 329 261 436 195 216 88 284 441 262 67 332 228 428 108 231 98 125 443 364 946 271 357 296 214 268 341 276 99 167 188 123 338 187 365 128 379 423 139 207 490 255 74 117 509 360 278 182 508 420 297 342 386 324 121 290 199 400 400 387 137 225 85 279 345 306 132 418 285 167 423 460 260
290 355 322 191 435 357 376 164 0 395 321 432 456 380 188 233 513 527 311 450 557 468 234 285 398 62 136 729 325 582 514 316 243 428 265 414 493 422 158 370 405 512 161 360 248 144 396 497 1103 484 465 315 406 422 373 389 100 233 25 243 327 304 526 173 324 481 198 352 395 358 276 270 503 472 268 271 612 508 452 482 425 336 74 583 389 455 379 509 288 106 243 519 431 422 338 454 397 240 573 458 414
123 149 90 376 195 323 307 224 440 0 314 393 203 409 220 346 249 328 295 542 205 339 163 165 48 323 349 311 133 71 57 509 278 12 245 107 404 279 278 174 91 282 365 72 239 270 375 116 938 230 154 360 283 125 473 291 322 185 371 320 245 138 133 285 438 494 343 111 416 95 232 143 349 281 330 87 317 326 115 248 229 378 395 288 241 122 171 142 291 403 154 209 206 82 152 90 264 182 237 199 34
150 386 219 321 197 161 57 202 266 239 0 209 473 149 213 429 537 253 4 253 279 219 136 99 216 212 298 344 141 331 251 246 42 318 295 169 148 515 160 128 348 337 369 265 312 114 183 320 858 460 221 124 414 344 151 90 266 102 275 408 110 165 393 116 178 219 376 251 173 210 308 203 300 207 45 219 324 195 355 138 573 90 257 541 335 311 220 348 349 348 262 497 268 240 284 338 407 111 253 241 284
281 478 326 566 219 145 153 386 429 442 172 0 594 163 368 519 704 153 211 141 308 104 261 234 403 393 459 281 299 496 390 156 202 413 537 258 29 622 348 249 524 252 466 372 436 352 80 452 647 595 276 207 625 540 158 127 553 245 484 599 117 290 558 269 186 73 606 404 66 338 465 389 172 125 176 316 328 120 507 111 635 105 513 599 535 340 216 317 570 475 432 526 297 316 491 446 701 292 216 244 477
313 81 219 339 459 431 430 337 500 158 409 569 0 501 326 284 57 587 400 620 390 559 313 297 177 499 357 501 254 165 190 634 358 177 219 348 466 115 334 350 117 432 286 156 202 314 612 278 994 82 295 554 114 66 565 501 345 305 388 324 506 262 51 337 643 688 296 125 612 288 244 215 631 412 505 224 438 587 84 514 88 521 357 62 171 274 362 357 227 419 183 24 431 281 181 250 141 276 379 407 137
307 501 372 418 284 209 122 328 349 378 141 131 531 0 341 557 592 317 187 126 397 257 346 275 408 272 365 365 294 576 449 71 150 446 405 310 140 590 351 286 403 327 462 456 522 236 89 414 709 567 414 66 481 542 12 99 398 309 362 554 211 317 530 268 73 91 579 452 200 351 509 335 324 211 101 375 393 212 534 192 706 105 364 701 591 533 271 416 549 500 411 524 396 421 497 412 589 283 370 334 522
235 227 137 141 401 383 317 10 178 229 214 489 294 436 0 128 304 420 234 461 486 420 152 178 246 131 81 550 161 293 351 399 228 220 74 282 425 247 74 314 197 510 91 212 90 112 370 318 902 247 337 315 195 211 429 298 133 180 179 133 279 191 284 134 348 458 130 149 482 314 83 92 510 479 276 162 571 383 222 388 369 356 122 358 160 436 361 379 159 186 91 339 380 319 128 391 289 147 368 430 232
290 248 274 68 551 508 463 166 257 366 341 631 315 438 134 0 315 582 326 661 560 544 245 332 301 246 151 647 249 454 418 512 378 322 72 437 494 201 205 367 237 565 65 268 141 270 654 457 1153 230 437 423 122 277 474 443 136 359 259 34 504 297 365 257 576 660 31 245 507 445 92 249 575 616 477 284 556 591 264 526 252 546 188 271 113 529 416 548 32 245 192 299 529 348 176 406 196 278 460 436 373
384 146 235 392 429 461 451 294 517 254 416 589 76 708 367 283 0 643 431 669 497 520 347 347 241 549 354 612 257 238 289 751 413 204 286 331 707 87 301 440 170 618 350 261 254 361 688 285 1352 54 449 506 159 149 559 580 377 320 492 307 541 312 126 372 570 582 322 169 584 376 265 284 572 477 474 316 629 611 150 625 17 558 368 8 187 362 498 431 259 508 224 66 443 339 179 303 83 419 415 529 230
243 419 398 545 132 106 190 444 546 349 291 155 604 247 541 647 652 0 268 258 207 69 324 299 388 533 550 157 412 364 306 272 348 324 506 210 112 684 377 191 502 100 593 418 546 448 199 323 542 654 240 318 501 542 274 199 511 349 495 575 156 293 568 344 330 223 596 472 100 275 586 330 10 70 304 304 205 38 402 100 646 228 575 511 598 354 170 268 505 726 519 627 150 262 399 367 668 384 157 156 453
131 364 188 348 209 166 55 233 253 242 4 174 426 160 256 398 423 276 0 283 301 179 111 74 217 225 231 359 168 343 245 254 43 257 316 215 165 518 187 142 338 255 374 236 279 116 203 325 840 421 271 110 381 344 181 91 341 96 228 302 98 135 394 107 165 193 385 266 218 221 266 197 276 214 40 199 314 205 288 160 469 80 299 479 427 274 224 288 422 337 285 447 228 206 228 353 471 103 239 257 261
413 599 505 519 405 293 199 481 407 459 283 158 651 100 504 739 808 280 269 0 410 223 453 415 426 412 550 417 380 553 511 74 322 494 549 414 140 647 436 383 624 315 621 435 518 367 62 506 593 767 397 171 572 630 118 176 457 390 437 701 274 390 558 315 159 81 668 638 183 384 490 504 265 284 228 515 509 235 589 289 823 202 438 865 619 519 353 565 667 615 535 603 457 403 629 564 648 412 355 378 515
230 346 267 570 78 188 285 409 556 194 279 278 385 393 400 567 432 191 275 521 0 241 268 249 224 503 522 104 266 186 162 499 332 276 405 166 261 444 432 193 324 121 454 293 446 400 367 161 668 482 83 464 545 292 444 307 488 250 625 597 252 254 389 354 516 408 618 321 287 177 453 325 208 210 330 258 89 189 315 231 473 277 530 472 540 141 113 78 583 589 398 433 62 137 308 135 524 284 55 71 294
244 521 384 526 139 67 138 365 560 364 217 98 577 239 377 506 598 62 216 202 218 0 325 214 357 474 450 220 261 389 287 265 232 293 443 230 88 525 312 175 347 146 496 340 390 368 175 361 537 647 196 268 606 435 244 146 580 275 530 579 92 287 554 332 266 162 539 382 42 215 517 375 77 32 211 263 240 29 429 58 554 187 566 525 529 275 174 225 577 637 350 499 204 238 373 348 600 242 130 155 335
73 166 65 258 202 224 206 152 273 144 151 324 313 255 172 320 360 292 121 454 292 252 0 39 129 246 244 329 32 234 208 381 151 139 224 131 311 360 101 146 164 275 272 113 155 97 384 280 1031 387 170 278 229 185 312 243 297 37 252 252 176 45 316 95 285 290 246 149 307 142 160 68 385 270 159 67 317 274 227 247 393 222 224 401 268 271 190 245 260 284 109 333 247 154 131 223 307 51 221 228 176
81 216 137 328 248 201 167 198 272 203 77 240 375 255 153 308 408 311 81 370 310 271 47 0 125 195 221 354 68 281 181 332 105 218 236 131 274 404 108 102 201 297 279 160 202 117 325 306 960 400 211 178 286 234 288 176 279 9 240 327 176 60 309 84 312 255 326 179 221 161 227 111 292 238 129 96 355 290 252 219 401 188 216 434 307 310 158 263 346 365 157 389 196 192 217 267 360 31 252 242 232
84 121 59 295 256 270 281 229 369 38 202 417 177 391 192 302 260 365 197 455 258 272 101 134 0 371 316 290 108 142 66 460 214 44 225 116 335 287 221 147 96 331 309 43 198 238 392 117 1054 316 157 385 219 149 328 300 294 127 373 317 264 98 185 215 480 390 298 116 328 101 218 120 382 287 244 65 329 264 109 274 336 297 294 284 293 185 151 156 329 413 146 179 182 83 123 138 330 153 195 246 77
301 368 240 214 385 373 230 129 74 314 226 375 379 240 137 235 551 400 233 376 447 366 253 180 353 0 145 593 225 404 406 327 171 368 214 378 417 475 132 319 399 543 221 327 270 89 352 447 840 475 401 245 387 401 269 287 138 245 50 248 336 271 400 132 254 399 261 325 405 308 198 176 403 462 181 295 653 408 422 352 438 233 106 541 283 454 339 420 252 146 208 425 500 361 267 522 480 180 429 417 381
308 263 231 83 501 430 334 58 139 278 233 511 304 385 63 138 328 454 307 448 473 411 188 199 270 111 0 680 217 394 336 485 229 331 128 358 507 321 112 308 243 537 73 241 141 128 516 420 1173 304 462 366 255 260 398 320 50 208 139 94 434 239 352 180 311 470 90 273 439 353 108 163 474 409 320 231 616 429 280 456 429 334 40 341 235 457 395 491 124 124 142 351 508 411 169 448 330 220 440 456 301
372 459 445 706 142 240 349 458 563 350 429 291 556 415 583 695 625 141 360 508 119 208 426 439 306 563 629 0 350 277 263 445 357 356 658 277 326 602 541 251 417 88 540 410 539 512 450 316 582 657 202 430 612 525 393 348 679 361 537 681 228 382 393 382 549 381 577 526 272 272 547 439 145 174 348 439 34 173 405 241 528 399 630 628 686 196 178 197 702 709 569 452 172 257 518 290 630 417 118 145 402
86 151 47 288 233 245 239 126 291 158 165 388 278 388 129 293 275 398 138 491 287 339 34 77 115 252 240 429 0 242 202 400 175 127 202 170 272 313 118 140 165 384 280 94 129 119 400 225 891 328 202 301 234 176 378 269 281 67 285 244 218 54 236 99 396 348 270 127 376 135 156 37 403 310 187 38 371 306 153 283 369 271 224 288 223 217 230 288 276 281 92 307 226 158 98 228 316 73 219 236 169
154 171 186 490 258 326 341 350 478 73 347 386 175 431 365 396 214 375 310 482 197 315 254 261 118 458 441 354 198 0 67 627 417 98 383 137 350 343 276 183 138 313 367 132 251 308 433 49 844 246 148 526 298 174 415 348 384 277 478 414 310 181 168 385 513 517 410 196 354 146 316 220 433 348 412 198 307 399 132 339 248 423 422 277 327 76 229 123 357 456 241 172 216 92 220 55 312 299 237 259 88
135 162 139 464 190 269 315 267 484 45 275 331 247 498 273 375 323 298 319 585 184 276 216 200 77 470 324 279 166 59 0 568 305 54 354 96 414 265 282 136 163 294 330 115 264 339 460 53 811 309 130 426 250 154 366 339 492 201 385 419 247 172 165 288 420 496 379 155 371 73 283 229 330 273 358 130 248 251 161 304 327 326 473 294 339 90 162 102 307 528 235 201 161 49 174 62 366 234 168 203 82
432 538 449 538 436 248 205 493 412 469 216 206 559 57 492 526 801 274 265 86 427 253 323 267 486 318 414 491 378 586 427 0 244 468 444 351 181 612 389 313 559 409 439 521 593 354 120 489 691 783 367 117 624 555 62 152 468 297 317 529 275 391 584 343 75 91 607 567 263 368 456 421 309 258 168 471 546 300 528 278 730 182 355 709 652 465 372 489 610 477 421 693 449 532 477 607 679 272 371 466 483
167 362 231 334 279 204 106 175 193 307 44 257 445 192 231 404 467 278 40 317 347 262 140 95 272 143 207 456 183 330 267 227 0 248 338 200 210 395 120 169 352 355 271 255 291 90 214 411 704 408 241 92 434 293 172 130 257 87 221 289 178 174 475 77 211 210 345 255 231 218 253 146 297 212 71 216 386 301 314 188 456 116 276 445 376 357 271 328 323 321 238 436 308 309 242 372 461 69 289 330 320
121 128 99 415 237 300 303 284 359 12 255 433 171 438 222 350 247 333 227 449 206 297 158 165 34 379 306 305 133 96 56 576 252 0 251 113 331 272 273 191 96 351 339 55 214 303 468 120 1053 223 174 383 220 123 435 372 382 164 370 304 314 114 140 265 458 412 369 100 371 120 247 141 375 357 350 88 292 337 102 331 300 395 372 204 284 129 161 182 305 389 187 171 186 98 136 100 309 222 215 230 27
221 162 178 129 495 384 353 84 237 245 292 578 204 433 79 79 276 474 323 613 548 416 207 209 221 212 107 670 157 304 291 562 258 274 0 355 567 168 126 362 206 550 80 228 57 178 544 339 1116 238 326 414 112 221 525 342 133 259 287 72 445 251 257 190 503 579 70 152 444 337 28 153 640 469 374 237 555 555 185 422 287 370 178 215 80 450 327 477 49 231 94 290 443 370 96 320 182 224 512 503 212
61 201 134 448 100 138 231 282 404 102 219 284 288 379 323 399 346 269 199 395 156 206 145 159 92 385 402 213 138 156 108 459 237 122 296 0 258 394 283 53 212 178 444 155 275 217 365 147 837 337 55 348 297 267 356 259 448 160 401 445 165 77 250 215 373 343 435 187 257 19 264 180 252 165 222 112 193 225 192 169 403 253 397 406 414 126 69 117 402 540 257 305 111 63 200 144 333 174 125 121 156
294 416 315 496 199 82 110 467 388 405 167 30 629 170 423 640 558 135 160 149 241 88 301 234 342 409 388 291 331 399 410 217 199 395 431 293 0 604 360 176 426 196 436 367 532 332 92 391 599 700 263 170 627 508 137 113 516 282 353 580 106 308 582 331 215 105 621 437 43 264 395 402 141 92 135 294 340 115 460 75 537 98 492 689 564 320 224 311 515 487 472 607 213 317 479 433 560 284 210 209 461
382 121 276 237 429 447 537 283 407 270 510 658 123 548 235 201 72 680 463 779 477 638 301 329 255 393 349 610 320 309 286 631 470 259 170 369 532 0 357 453 153 533 280 237 205 418 712 368 1331 27 416 609 79 126 650 595 350 410 446 210 492 389 144 391 617 726 249 163 636 363 170 246 692 508 517 301 645 549 172 501 78 582 337 97 115 384 466 444 207 437 193 121 545 377 187 389 22 388 485 482 229
152 193 131 198 313 290 213 70 178 221 170 384 343 279 71 235 365 382 157 370 441 352 112 104 240 134 92 564 97 344 291 416 124 238 166 222 318 349 0 260 257 369 138 215 122 62 395 322 827 391 316 209 275 259 285 286 178 112 177 201 250 163 358 57 324 322 188 219 403 219 128 86 441 381 226 149 447 395 273 323 362 223 132 326 242 359 350 308 222 194 108 344 304 262 141 290 350 75 363 348 266
68 263 144 358 107 97 157 329 339 153 129 201 311 306 315 373 476 194 131 389 198 197 137 133 123 367 326 221 130 235 153 345 169 157 357 53 178 467 262 0 265 166 395 213 253 204 313 226 776 427 114 226 355 277 251 154 413 96 315 394 110 74 356 211 313 275 433 226 180 83 260 173 206 137 186 150 262 152 219 104 419 200 308 476 438 178 77 154 365 527 224 375 100 111 230 213 463 178 100 128 176
195 39 101 268 276 331 379 204 435 106 358 424 122 553 209 236 166 425 291 606 270 373 193 242 91 314 238 421 160 138 133 516 287 75 169 172 428 156 231 221 0 390 263 53 125 228 525 159 917 161 265 351 158 36 529 416 294 192 396 261 337 200 111 218 539 443 306 34 383 195 186 130 507 397 329 123 354 441 41 359 188 367 374 184 190 256 250 234 236 413 141 108 251 180 74 192 180 249 309 325 66
244 461 403 570 82 177 271 418 632 276 307 200 450 398 539 568 521 76 313 407 129 113 280 314 319 494 462 69 325 320 242 394 329 330 544 201 175 638 398 166 418 0 501 345 505 382 281 240 609 504 178 357 559 504 410 240 493 288 539 646 186 247 418 351 354 355 643 481 183 211 523 340 88 97 303 315 83 104 449 171 637 329 538 621 510 196 166 164 556 637 456 503 125 201 450 305 515 368 81 90 323
295 266 233 25 449 528 334 87 171 318 351 466 281 398 103 61 288 573 383 517 457 445 259 282 312 229 71 652 254 474 329 488 315 281 98 339 547 239 184 384 259 637 0 256 120 239 521 495 1156 309 434 337 202 316 433 447 77 247 195 27 386 343 297 237 390 611 36 240 450 416 116 171 670 565 338 268 603 501 319 504 326 374 108 342 183 424 483 562 98 140 157 295 466 456 207 449 281 280 490 481 383
114 95 51 303 302 296 343 205 406 73 271 459 170 355 182 313 199 392 239 518 243 365 117 186 42 300 249 362 84 134 101 432 272 55 179 175 406 229 215 168 60 403 305 0 136 256 393 146 1049 231 222 415 217 98 455 327 361 148 335 229 304 128 148 220 409 400 325 58 321 138 188 112 362 320 309 55 383 391 73 302 280 306 302 220 187 181 186 215 230 438 133 169 256 146 102 143 231 177 220 306 57
236 103 128 160 354 416 350 86 294 183 322 478 219 426 77 139 195 522 321 611 387 485 182 186 197 258 150 567 131 327 263 457 233 171 58 267 404 190 119 296 114 548 115 158 0 219 532 342 1048 213 346 369 100 177 473 372 196 218 278 115 362 207 243 227 494 481 152 113 520 240 22 96 515 379 382 173 555 507 191 378 235 341 229 212 108 307 348 409 95 289 40 204 391 252 53 342 178 187 440 418 215
211 234 190 236 317 254 195 99 186 294 146 340 328 302 106 297 357 332 138 376 380 343 113 94 230 103 156 538 148 304 352 286 98 279 200 285 337 377 48 216 291 467 204 242 223 0 337 387 922 405 266 200 293 288 266 206 196 115 173 208 218 176 380 29 242 286 265 259 365 248 161 109 452 288 151 185 427 375 349 255 413 180 130 372 282 420 325 308 221 263 175 431 336 301 218 349 330 65 340 321 268
327 458 477 636 310 200 130 492 392 462 207 82 575 70 386 640 567 188 207 78 412 159 332 281 421 329 441 333 312 560 425 113 244 442 503 350 85 637 423 237 509 296 488 469 496 307 0 418 623 672 415 156 540 508 108 112 428 307 450 566 175 278 603 330 151 3 554 574 143 338 458 445 230 212 161 420 460 214 495 165 796 133 418 726 651 417 348 401 568 551 426 533 383 355 547 507 716 345 351 310 437
158 186 183 439 228 281 307 412 587 84 294 392 199 443 415 464 282 354 370 566 166 387 236 233 145 398 386 234 245 44 59 454 397 105 410 142 339 352 306 185 203 247 492 192 342 356 503 0 800 374 108 441 312 195 399 393 427 259 568 441 324 180 168 344 445 550 421 223 393 135 348 294 332 302 347 220 227 310 173 334 265 335 499 302 402 40 145 79 417 622 329 208 172 73 256 5 346 256 164 172 105
714 1181 977 1127 650 769 798 1134 927 1055 740 674 1051 619 938 1197 1289 514 919 653 631 651 777 879 990 1047 1196 689 912 872 914 617 930 911 1154 744 689 1324 941 765 841 644 1273 1109 1157 803 587 942 0 1186 826 842 1096 1157 687 633 1106 854 873 1160 803 843 1185 900 661 657 1287 1112 550 731 1148 1072 612 561 738 1025 568 546 989 549 1305 736 1153 1187 999 740 801 727 1214 1200 1065 1062 837 959 875 722 1249 756 677 741 831
349 163 305 356 464 614 558 323 455 239 463 593 100 655 296 208 42 710 424 691 452 511 345 317 269 505 331 555 273 326 330 724 417 241 226 393 600 31 339 482 200 631 254 239 217 448 753 293 991 0 475 588 100 161 635 518 362 356 405 289 467 315 128 426 727 683 254 192 659 342 181 310 529 610 478 284 553 569 142 470 44 640 398 64 148 373 428 458 199 420 208 124 400 291 201 372 42 331 518 535 259
152 243 183 470 75 188 209 359 515 164 278 284 371 360 370 518 445 184 276 472 95 179 206 217 161 474 469 165 182 180 113 440 286 145 405 65 222 437 303 92 236 186 503 207 299 286 302 118 780 420 0 327 393 304 384 253 483 211 453 393 193 137 311 238 359 389 520 302 269 69 409 257 224 195 292 168 164 173 210 179 393 249 414 356 443 105 44 68 392 613 285 310 45 71 282 133 362 263 77 72 204
285 381 358 437 267 207 100 258 303 337 124 168 520 80 341 518 549 331 106 202 409 255 235 195 386 180 279 442 278 440 426 106 112 420 427 264 156 616 276 228 416 339 392 357 341 214 171 421 700 657 361 0 493 498 68 98 369 187 247 430 182 256 581 190 76 148 370 387 244 266 372 304 281 227 80 263 436 236 378 183 537 88 318 590 448 487 341 447 514 384 390 463 356 389 421 482 486 207 368 334 426
330 114 183 198 428 550 397 222 406 216 424 633 145 510 189 134 129 588 374 635 481 506 249 326 228 406 227 514 220 342 324 576 383 198 106 393 516 64 264 396 136 555 168 197 94 311 633 295 1222 98 411 414 0 125 508 473 229 286 330 178 483 317 161 282 566 660 156 109 650 290 121 204 679 554 420 226 564 612 177 425 126 559 263 122 31 409 353 372 122 404 163 184 413 354 145 392 55 304 405 385 243
238 28 118 342 345 395 371 213 381 124 407 448 60 493 236 262 146 473 316 676 390 466 242 257 139 384 284 475 210 180 184 511 341 95 221 233 414 147 286 293 34 464 326 114 157 264 544 181 1201 129 298 529 159 0 461 481 322 256 437 221 362 228 62 301 580 592 234 64 448 228 176 165 516 495 426 140 470 445 27 411 161 422 382 154 150 212 307 271 233 457 154 89 327 171 113 232 169 262 391 358 81
289 480 407 536 282 232 128 344 367 430 134 134 585 11 426 466 734 264 178 111 388 262 290 260 414 288 344 404 326 468 460 60 189 475 466 344 166 540 286 290 541 416 442 394 503 265 100 434 607 731 391 62 480 533 0 90 446 267 319 523 210 331 563 207 63 82 506 422 207 363 434 398 307 235 96 295 372 289 522 189 627 102 397 744 457 454 326 390 456 411 381 514 313 457 448 411 669 241 332 338 443
243 456 288 380 238 133 24 372 387 335 73 117 423 91 278 456 605 222 91 183 277 150 242 149 332 231 350 304 241 344 317 156 132 313 456 190 89 620 233 147 329 249 449 312 406 191 131 371 779 464 302 104 519 373 105 0 390 166 340 469 91 211 534 182 149 102 453 380 136 214 327 308 197 166 61 297 330 177 425 133 560 12 367 621 523 320 192 363 396 487 301 539 243 301 370 328 521 159 223 207 362
379 357 284 58 545 497 376 103 105 426 285 445 405 395 138 154 373 622 339 517 470 531 270 259 394 122 43 608 249 513 414 483 313 349 127 428 422 307 168 436 333 512 84 276 182 183 456 452 976 351 535 312 252 315 440 365 0 249 150 123 409 355 440 202 370 569 111 272 599 427 185 212 637 591 288 325 699 546 414 475 368 399 37 368 213 514 498 493 150 93 170 422 520 397 253 408 321 222 567 511 429
65 235 127 287 211 190 137 166 233 180 84 298 328 260 181 323 393 295 85 358 261 274 39 10 142 212 233 340 63 288 199 316 88 162 241 160 229 422 103 103 189 282 315 181 189 111 323 285 873 401 220 228 307 211 224 146 273 0 275 297 139 58 293 84 303 290 331 189 255 145 197 101 325 269 158 80 299 260 238 235 374 200 282 338 354 272 175 238 253 380 184 384 228 195 206 225 304 45 245 267 224
346 330 307 208 451 440 278 194 20 454 237 401 433 282 169 238 432 547 290 469 609 441 250 236 315 49 147 542 313 515 464 361 190 457 236 393 457 404 158 397 426 647 223 412 247 151 427 532 1084 428 534 242 350 414 292 362 125 305 0 244 347 362 516 149 287 393 234 336 413 431 238 227 589 524 248 341 704 407 418 432 461 306 94 544 397 451 413 478 286 133 267 473 555 438 313 484 399 242 453 460 449
290 216 252 41 495 441 459 123 196 313 356 521 252 420 126 33 333 572 319 683 452 524 269 307 350 214 112 681 264 360 352 527 302 335 71 380 607 245 173 372 245 524 30 257 129 194 572 427 1125 238 452 406 176 257 423 453 100 269 209 0 419 350 284 293 475 641 8 215 582 379 88 228 646 483 372 305 540 553 326 419 297 383 160 266 139 458 528 497 48 208 136 292 533 386 177 432 244 265 548 558 314
176 421 249 529 144 32 81 308 423 293 107 123 443 212 327 516 466 149 105 284 201 110 174 134 259 317 417 287 205 297 266 267 134 289 341 164 118 539 237 87 384 206 450 310 386 244 215 298 761 511 201 154 518 431 223 92 466 167 371 422 0 175 469 200 213 206 462 309 102 165 403 272 151 85 130 199 298 119 309 53 447 111 453 422 462 286 125 248 425 544 310 444 136 234 361 260 576 192 141 139 318
20 197 83 279 202 213 165 184 334 111 138 318 286 282 211 361 373 298 115 369 254 242 41 54 96 270 247 397 54 213 129 338 158 115 228 80 246 350 137 74 157 321 333 101 191 149 307 183 847 390 146 229 254 243 271 186 322 53 290 294 170 0 300 147 383 279 300 183 294 94 244 91 332 200 178 57 333 214 200 218 412 222 246 345 249 247 159 236 303 330 148 337 209 134 160 179 387 103 214 221 140
216 91 198 396 401 481 502 274 440 130 434 619 53 554 346 309 127 559 423 606 388 510 257 268 180 398 399 510 244 143 180 570 380 122 305 247 514 183 291 319 91 501 357 159 256 334 602 167 1152 158 322 440 187 67 629 537 460 344 551 279 391 278 0 322 609 518 367 133 601 292 214 260 448 403 415 189 365 507 65 399 123 467 383 111 224 231 369 308 266 468 202 36 389 204 177 173 151 340 313 373 112
173 228 181 232 276 279 189 144 210 264 116 356 312 246 124 233 425 346 89 357 420 292 101 64 236 149 165 477 130 363 262 301 83 211 214 203 239 339 71 218 216 345 234 209 192 27 353 298 978 434 275 207 259 293 209 208 177 86 151 237 213 136 317 0 215 300 288 268 317 196 185 124 394 280 148 147 428 340 247 258 459 209 202 463 346 400 290 368 284 246 168 368 289 282 228 299 401 40 264 288 274
314 540 351 487 445 226 175 332 285 458 178 242 548 75 375 566 644 381 196 157 532 261 334 239 488 251 422 469 403 613 511 63 174 452 397 386 184 595 341 305 473 353 504 433 468 228 134 552 713 555 414 84 480 611 69 143 395 245 274 531 227 323 669 211 0 143 552 446 237 447 488 329 326 310 168 396 438 298 470 292 731 123 305 685 570 456 414 420 500 352 391 583 441 397 372 515 625 250 397 384 568
287 497 436 574 265 166 160 469 413 467 170 83 692 81 380 502 766 228 238 71 422 195 377 244 370 381 478 347 311 539 449 111 229 471 496 303 105 763 429 254 521 262 479 402 543 267 3 496 566 584 351 134 530 473 106 128 458 252 360 545 190 336 643 348 154 0 496 544 155 306 489 340 231 223 167 416 450 197 547 154 641 101 447 779 591 452 259 441 555 489 496 561 307 392 539 424 748 294 346 363 524
308 214 299 37 513 473 394 130 219 316 390 480 256 429 133 29 350 564 382 600 554 510 307 310 366 247 109 633 266 405 355 609 298 351 88 361 594 209 199 467 260 637 34 273 134 200 519 419 979 239 457 372 149 248 424 484 98 270 259 8 451 292 356 250 532 484 0 237 483 390 107 238 661 550 435 276 726 531 300 555 339 488 130 284 141 471 412 462 65 193 148 315 530 393 179 408 207 307 432 431 354
149 32 88 270 321 373 338 176 315 144 339 410 129 457 195 230 160 424 290 656 362 366 136 197 121 369 199 495 135 190 175 555 323 128 159 229 488 154 183 267 35 466 198 62 94 268 489 218 1078 146 290 398 141 55 445 331 313 166 385 226 332 190 140 251 447 479 227 0 494 183 139 128 450 439 347 127 413 467 66 417 213 337 302 168 135 245 326 322 182 358 94 146 337 171 37 257 171 236 315 342 120
269 493 300 592 186 86 155 382 453 348 201 69 472 186 484 600 702 77 170 180 261 42 270 245 286 428 417 260 313 458 333 213 277 379 457 226 43 707 361 195 442 143 529 430 461 387 147 364 614 686 270 237 611 489 227 156 546 233 505 621 99 240 485 336 239 143 591 382 0 294 449 315 112 65 201 380 258 60 499 78 668 140 558 577 502 293 175 330 532 620 370 589 237 289 378 333 548 275 163 168 460
73 241 148 478 118 168 200 306 372 118 230 335 327 405 252 401 383 269 182 394 152 257 133 168 100 337 376 228 152 152 79 446 264 112 312 17 263 308 253 77 184 215 363 146 314 253 331 111 842 308 68 282 296 261 381 219 379 148 409 343 165 101 279 189 427 337 410 180 259 0 248 199 222 195 269 119 209 244 178 197 325 235 330 356 330 114 84 98 315 483 233 330 105 38 201 121 335 158 107 104 126
223 152 145 113 399 397 310 72 251 258 284 460 247 515 84 102 243 558 287 551 484 498 192 247 181 220 110 518 153 274 267 564 226 233 33 292 474 185 113 331 152 557 95 173 25 181 571 317 1227 219 324 364 114 167 406 421 168 235 222 106 424 227 266 176 470 527 91 140 438 284 0 102 507 431 365 156 495 522 177 372 262 348 147 216 102 422 310 339 74 233 64 232 435 300 86 308 192 207 392 449 241
116 172 54 193 341 314 265 121 252 182 172 335 247 329 87 227 309 334 158 410 323 294 70 98 130 183 144 413 44 283 179 418 198 157 152 187 303 263 93 220 158 424 169 116 119 119 436 285 1009 248 219 279 206 175 309 225 235 109 282 198 282 103 278 97 304 381 194 135 409 185 118 0 429 379 219 81 464 341 196 342 272 258 180 331 188 257 230 312 227 259 56 244 266 197 101 256 229 109 267 257 164
315 415 323 670 145 129 250 495 580 418 244 172 526 299 413 656 644 13 266 302 202 66 371 334 370 490 535 177 342 344 301 324 308 313 516 227 136 702 374 184 440 88 500 377 553 350 241 324 586 712 242 351 497 414 323 209 615 321 570 583 180 313 572 325 400 219 546 410 84 224 503 435 0 61 270 410 159 55 484 105 566 259 624 587 695 260 174 281 588 739 487 628 188 307 473 353 663 352 142 156 428
257 451 290 587 96 54 150 389 453 295 180 135 452 208 465 525 572 54 182 308 207 28 298 234 277 439 524 212 309 320 303 304 260 285 535 199 104 501 312 135 394 95 499 336 462 316 215 312 657 627 192 221 599 433 278 139 450 237 492 505 106 203 413 298 326 207 494 453 66 183 489 350 71 0 174 248 183 21 456 50 538 191 440 610 473 255 138 203 481 611 343 431 135 247 370 316 641 280 123 129 336
189 330 251 352 282 153 46 247 242 320 50 195 523 105 264 432 498 237 48 241 332 173 190 121 294 182 339 450 197 333 292 213 71 290 399 242 174 428 195 148 343 266 401 250 365 131 183 360 725 450 299 75 378 436 99 55 320 149 233 439 113 164 389 130 161 153 344 304 163 210 361 227 293 231 0 265 425 200 387 160 505 46 257 463 461 334 194 316 453 419 306 420 267 254 293 428 538 155 245 256 351
54 121 19 320 231 239 238 194 298 104 197 323 241 361 152 246 265 363 198 389 248 299 63 117 67 284 241 350 46 159 127 367 165 106 233 112 325 248 172 129 101 348 287 62 178 144 349 189 1007 306 190 272 263 164 392 280 309 110 268 267 236 67 184 153 354 339 263 128 380 109 198 68 384 307 231 0 405 331 157 296 335 231 251 292 206 218 194 240 298 372 112 252 230 131 117 180 324 104 271 277 104
264 446 372 708 122 200 390 528 716 259 355 359 465 407 598 547 507 168 330 384 78 211 373 406 360 477 641 35 397 261 289 418 433 309 530 226 325 524 487 262 342 98 697 384 446 531 360 257 565 610 182 504 555 494 381 341 638 316 680 707 273 367 481 502 512 393 550 496 243 266 447 385 146 163 357 368 0 169 413 198 478 330 620 560 600 223 184 183 532 626 538 544 113 224 449 214 507 449 106 128 324
273 497 321 616 117 61 166 428 522 333 218 132 548 258 378 597 512 37 224 304 161 26 265 276 275 445 534 193 296 304 298 275 246 329 459 205 113 679 379 193 423 113 601 302 450 293 235 319 633 632 178 292 596 421 286 198 493 254 416 589 126 255 398 294 296 188 551 461 61 221 422 379 49 17 202 316 212 0 379 56 560 175 462 501 605 283 134 255 487 609 437 492 158 236 419 278 513 260 147 154 398
186 50 124 342 350 335 332 285 434 97 319 502 68 458 267 266 129 395 296 687 356 385 219 247 127 338 366 378 194 144 145 523 318 78 238 201 387 152 224 296 34 409 272 74 183 264 548 195 903 185 251 392 148 24 554 379 395 254 394 285 322 223 77 245 513 485 329 81 458 223 221 185 387 401 432 173 389 379 0 373 179 383 318 126 216 206 244 240 212 519 136 82 251 175 106 175 199 245 270 346 76
190 391 326 432 126 13 107 435 459 341 183 130 536 202 369 475 508 112 156 269 193 45 215 215 299 403 358 270 288 310 286 224 176 341 396 161 94 542 324 128 356 175 452 355 408 236 200 338 697 504 179 215 511 352 185 118 516 170 407 447 47 181 400 244 298 166 477 363 81 199 358 284 123 42 175 280 214 68 357 0 500 142 384 479 456 258 122 229 450 542 318 505 147 222 315 272 457 239 127 157 354
336 187 287 394 454 565 607 302 576 286 445 660 98 658 322 298 20 646 490 707 542 697 388 469 268 469 333 617 298 270 332 695 506 274 277 422 631 77 437 472 214 671 380 214 223 432 668 357 1129 58 404 521 157 158 629 478 372 435 435 288 542 420 122 457 767 692 293 200 622 310 249 288 706 493 564 319 524 642 157 596 0 583 450 16 199 387 479 365 286 508 303 88 529 375 213 322 91 434 417 459 259
256 383 298 368 240 136 35 323 366 385 93 116 448 77 314 447 637 196 79 199 350 140 199 163 275 251 368 360 212 433 399 152 118 293 361 234 92 527 217 210 359 317 383 314 441 205 135 332 805 621 277 84 489 414 90 10 348 208 299 493 105 215 453 221 133 99 476 328 121 286 400 237 198 162 56 231 333 208 443 121 516 0 398 527 538 404 224 353 491 445 322 519 250 347 303 435 570 208 255 238 428
361 294 295 108 546 498 350 105 90 388 258 428 428 403 118 163 391 597 308 556 533 539 276 216 354 88 55 733 231 431 455 403 218 317 169 404 521 302 127 426 325 490 122 299 219 170 488 507 1079 356 405 275 305 386 323 314 35 270 79 150 353 275 350 200 378 428 118 327 475 333 180 239 468 441 274 274 700 425 373 445 416 327 0 489 278 518 470 576 220 99 220 443 402 433 211 513 361 196 509 485 429
340 143 268 415 514 553 447 309 566 267 556 709 60 616 281 255 8 616 410 819 458 593 375 382 276 444 350 559 325 222 331 732 411 221 229 317 606 91 371 395 189 572 371 268 247 349 723 339 1152 63 350 493 167 123 595 476 431 379 512 285 467 332 104 448 573 756 350 185 512 334 252 342 642 533 487 253 551 638 156 458 20 512 447 0 160 341 453 374 219 567 283 77 487 310 211 337 112 439 535 439 245
340 157 246 163 452 409 451 170 358 270 376 680 189 460 181 120 167 605 433 732 489 605 301 331 267 286 210 604 264 297 347 516 387 243 85 390 616 96 221 425 190 639 139 212 109 330 605 399 1176 141 457 529 33 160 529 454 264 338 377 139 471 279 179 259 465 596 160 165 521 384 95 216 659 448 364 272 515 573 209 464 157 503 275 159 0 421 399 437 83 300 151 207 519 307 117 421 70 334 520 553 245
195 245 258 440 186 252 366 338 561 128 306 348 241 502 407 526 355 355 371 609 122 332 289 269 143 540 459 195 235 81 91 619 327 168 465 142 419 413 369 179 253 242 415 193 362 412 424 46 783 388 86 470 321 217 473 406 476 308 514 456 254 197 261 330 589 428 507 248 344 142 432 322 328 257 389 223 192 279 234 290 410 339 526 290 366 0 164 40 417 664 321 259 132 85 316 42 386 271 161 172 131
141 346 231 451 50 117 233 304 495 161 204 248 328 273 393 391 417 181 196 317 91 174 179 163 166 348 383 175 181 233 167 401 249 205 342 67 214 447 326 74 314 130 402 203 306 303 317 173 705 463 49 291 454 291 350 223 389 208 439 437 124 155 294 221 339 276 404 239 175 89 348 260 179 117 265 158 201 135 313 147 477 263 384 438 398 152 0 116 408 481 327 396 41 112 262 148 411 238 55 50 220
197 245 238 473 135 259 290 455 481 145 265 298 316 463 390 458 388 240 316 560 95 253 214 301 167 497 495 222 284 131 105 505 350 141 399 113 297 415 412 180 241 190 533 234 386 360 422 74 842 468 62 461 352 307 377 291 536 255 581 527 270 192 300 387 547 373 540 310 277 97 425 320 299 266 374 213 147 216 228 215 330 307 562 348 390 42 100 0 435 568 343 324 81 86 346 78 488 310 108 100 157
310 189 269 116 529 484 505 147 290 322 413 529 212 576 157 34 248 683 364 666 538 640 230 282 286 239 153 725 232 341 408 639 330 337 61 327 461 169 226 340 184 660 75 251 83 284 549 345 1338 211 456 456 126 229 583 464 139 323 240 58 495 302 291 247 566 669 54 175 510 409 79 202 670 454 411 289 676 634 260 440 245 423 214 268 76 491 466 400 0 234 157 276 429 405 157 383 147 282 466 540 299
460 450 311 116 533 571 466 212 104 405 403 583 402 426 176 209 481 644 401 546 703 651 305 391 461 176 149 819 300 581 476 396 334 502 223 553 494 477 219 505 426 675 153 359 239 255 505 561 1325 491 517 342 388 475 401 456 92 376 119 193 514 411 461 227 390 440 154 345 572 504 277 342 737 547 370 411 629 589 483 553 524 386 92 508 340 661 438 682 216 0 318 511 640 568 277 477 386 271 530 551 505
168 106 83 179 327 306 260 107 280 203 280 389 228 342 78 161 274 406 280 510 435 356 126 179 159 269 145 561 91 277 256 505 250 155 76 202 393 200 98 232 132 410 170 116 49 169 484 253 989 217 284 371 168 164 396 291 194 144 304 146 352 152 235 173 368 417 189 76 496 232 56 54 499 374 259 110 510 354 187 321 289 322 214 292 140 357 304 371 120 274 0 242 356 217 43 330 197 130 317 312 184
235 98 211 367 464 533 409 308 558 198 378 548 29 583 282 283 60 547 453 611 378 485 336 292 200 464 316 525 236 171 196 650 447 177 226 279 574 113 378 405 108 548 286 200 208 409 696 258 1273 128 341 471 144 82 524 475 382 330 502 300 503 271 41 328 679 524 283 128 569 258 230 272 490 475 541 227 477 450 100 490 79 438 456 73 200 258 323 308 299 512 196 0 343 215 204 237 139 333 394 450 161
185 315 231 511 36 141 279 433 555 207 235 251 368 352 338 523 467 184 205 376 70 202 245 215 204 455 475 177 232 230 170 431 249 224 483 97 233 405 330 122 326 98 414 271 352 344 335 163 606 468 39 392 463 338 397 238 535 196 499 560 151 178 389 330 365 293 532 311 229 89 402 277 170 156 277 219 119 132 253 174 503 286 416 424 445 126 49 103 517 522 383 344 0 101 376 141 542 282 26 26 257
107 202 128 357 142 191 272 276 506 67 210 336 224 430 251 385 375 244 263 402 151 294 156 162 88 410 396 290 142 118 48 496 301 79 330 67 265 317 239 112 160 212 379 113 280 325 414 93 721 365 64 391 289 172 424 305 440 161 374 371 207 125 247 300 402 400 388 197 324 48 245 192 296 212 275 147 201 251 159 239 354 326 462 326 345 88 116 92 408 427 201 213 102 0 206 91 307 217 137 153 109
167 78 93 219 392 342 293 161 326 160 289 516 161 412 122 181 234 440 284 533 388 403 154 210 129 303 174 524 126 189 183 473 270 155 117 216 469 205 146 251 84 429 216 90 68 215 407 227 920 210 308 328 144 110 491 332 259 170 291 174 365 185 158 219 419 459 166 46 385 253 87 91 517 423 280 122 469 471 120 366 256 345 219 215 117 257 332 326 159 299 39 170 346 240 0 234 160 179 343 289 152
185 241 221 523 219 311 307 416 455 119 297 428 275 482 320 433 344 312 375 586 173 299 204 286 155 493 502 232 226 58 51 518 302 102 423 133 406 387 401 212 221 256 412 145 267 353 402 5 854 394 132 421 295 172 542 339 543 274 569 494 292 183 217 325 517 513 523 231 382 117 381 296 317 303 353 198 246 334 173 261 272 357 453 309 417 36 193 69 348 565 327 253 150 82 242 0 321 275 161 183 105
392 155 269 253 587 465 559 243 378 272 520 739 120 515 233 188 105 543 469 630 578 661 344 363 263 445 255 599 244 274 336 693 382 256 200 414 540 25 264 472 168 584 232 211 161 352 574 378 1099 52 390 594 51 143 694 505 306 371 451 192 439 329 171 427 569 726 226 183 639 344 168 290 651 654 444 293 636 580 167 508 116 474 375 94 91 457 407 475 166 445 179 152 412 387 171 398 0 398 424 560 209
102 266 142 273 280 220 138 133 245 181 114 340 325 241 133 319 325 314 107 326 282 260 65 32 164 159 201 395 78 331 229 362 86 246 191 188 228 418 77 169 193 345 240 168 167 58 306 291 892 350 264 217 252 284 291 168 202 47 247 270 208 104 341 39 259 253 246 179 260 157 169 99 299 307 141 112 393 290 304 208 439 202 210 382 253 314 238 334 301 305 156 364 284 195 159 255 325 0 318 287 273
191 311 232 556 21 147 269 450 554 208 213 286 410 392 388 540 447 147 265 416 65 138 274 271 180 376 531 150 248 212 197 463 274 256 440 100 201 515 325 123 296 99 554 286 354 363 307 159 696 537 58 283 469 361 402 272 485 262 450 430 167 203 332 319 349 324 455 301 199 136 380 351 135 121 312 208 107 148 329 127 482 238 486 503 446 153 60 112 536 503 295 430 21 123 391 177 449 309 0 0 255
190 370 267 547 20 122 275 405 511 254 253 216 435 297 426 511 390 175 273 379 70 151 238 272 235 459 395 118 268 236 159 453 331 224 407 97 220 562 298 105 344 108 495 249 374 380 363 207 621 529 69 382 497 289 304 224 580 217 419 453 150 189 391 292 438 274 492 278 210 134 448 296 138 103 246 214 109 126 360 157 516 221 430 502 398 171 57 109 415 485 338 448 23 164 401 155 564 266 0 0 209
141 101 119 395 286 312 284 230 378 36 262 418 123 401 246 341 211 409 287 512 236 377 160 195 66 345 338 413 168 90 70 549 271 27 211 131 460 269 233 208 70 399 346 73 208 279 414 121 795 243 158 385 197 80 503 394 351 227 354 275 276 145 102 304 462 443 283 107 452 142 237 202 448 345 333 108 328 371 71 300 267 326 312 230 241 127 219 167 245 391 178 161 236 96 160 100 277 206 233 292 0
