0 235 484 682 187 119 240 612 393 408 91 515 162 133 641 563 415 193 430 530 66 493 70 368 225 416 433 347 357 201 382 213 260 514 272 437 218 373 12 143 477 477 627 57 190 301 491 201 637 489 218 404 129 532 350 393 214 116 299 525 176 568 125 536 507 161 157 303 234 498 140 322 712 194 385 196 489 427 338 318 7 105 67 318 311 375 195 523 115 101 494 172 369 123 283 204 626 108 445 436 268 157 450 147 362 431 177 568 465 234 270 265 415 223 343 551 176 208 499 562 455 161 379 562 312 227 296 384 66 220 445 237 145 623 461 621 251 196 149 352 156 488 277 437 178 361 360 536 140 157 189
291 0 638 377 328 412 80 578 488 217 294 532 208 189 643 330 579 61 490 373 278 646 325 346 68 418 173 116 219 396 256 284 411 358 11 483 62 338 296 357 506 437 345 222 110 391 374 294 505 389 44 213 452 452 382 402 217 389 239 595 371 446 349 520 352 128 98 467 29 411 221 33 444 264 422 244 473 289 80 345 230 239 352 113 184 282 89 631 141 209 441 463 65 377 336 90 465 335 465 519 58 289 310 145 455 382 215 633 486 52 260 26 346 283 457 513 118 72 288 560 597 80 488 476 420 159 441 268 290 164 520 417 242 543 400 650 74 151 360 450 119 235 169 465 54 357 275 443 271 271 310
619 657 0 321 367 594 647 128 150 375 569 107 475 384 28 334 178 633 203 208 433 177 540 229 602 168 500 740 407 404 333 437 343 283 592 226 457 237 575 585 144 93 351 515 501 211 157 376 204 185 687 469 602 250 223 205 430 514 290 170 473 36 526 68 216 537 601 302 498 145 509 597 292 390 162 403 226 390 546 185 528 406 627 662 408 354 509 102 500 413 266 452 628 520 237 480 277 476 156 107 584 358 319 396 122 190 365 43 208 645 291 525 226 369 292 104 612 587 360 56 64 635 169 135 224 374 254 345 624 447 179 473 478 142 199 22 515 447 497 277 587 455 410 239 492 176 275 118 388 497 460
532 484 315 0 464 654 466 285 306 172 618 435 406 503 357 92 436 471 446 197 485 538 651 300 559 457 271 502 233 614 166 495 504 125 401 467 372 316 658 710 332 245 21 535 496 334 259 400 168 219 518 211 753 157 301 178 409 624 221 201 640 283 722 335 165 462 463 587 342 393 409 373 57 425 438 448 129 135 381 375 660 554 677 592 227 158 366 447 473 421 71 566 350 556 366 390 48 604 191 299 409 469 118 384 375 325 459 293 544 468 321 474 195 428 384 221 579 421 124 327 321 508 320 496 431 305 388 183 627 310 167 626 413 190 133 339 386 364 578 479 610 148 388 427 533 246 193 298 522 441 475
170 342 426 535 0 215 314 406 198 336 116 355 91 138 354 352 335 218 312 285 154 412 149 186 340 198 337 369 336 90 315 47 78 303 368 224 251 177 204 221 283 376 395 187 210 162 280 56 363 304 288 310 233 327 166 343 128 93 199 379 97 391 245 268 361 174 242 162 325 203 88 352 511 61 242 67 386 338 291 183 173 84 192 368 253 304 192 295 256 91 450 190 371 146 131 233 420 114 307 355 324 53 396 179 235 208 93 339 266 276 124 291 294 111 138 278 254 237 392 350 280 203 194 338 161 197 151 346 151 158 327 123 71 432 434 418 300 167 92 132 273 435 211 242 306 275 287 282 74 87 86
126 360 570 710 197 0 382 722 478 520 111 449 262 277 599 535 511 286 393 575 127 676 72 443 348 365 485 434 445 199 486 282 223 672 403 387 391 405 115 23 445 562 628 209 351 363 487 279 674 540 423 451 49 599 390 591 292 143 456 756 194 572 4 487 469 297 250 332 364 420 228 425 739 242 455 327 661 599 372 461 127 218 42 494 413 539 396 582 251 189 603 94 444 58 400 294 665 113 675 607 349 254 565 270 434 369 247 598 457 382 350 368 649 308 321 600 344 288 620 487 516 298 445 568 355 303 323 502 83 286 592 191 211 655 557 672 458 287 149 371 317 648 330 388 301 541 581 468 188 199 180
279 69 648 525 379 324 0 581 460 343 340 534 201 225 675 467 507 73 658 543 233 746 272 389 19 440 257 63 298 400 318 300 414 397 70 507 117 397 254 334 435 574 502 160 131 416 502 298 550 510 20 277 431 479 430 390 241 301 347 532 347 568 394 593 485 139 67 511 90 425 252 117 519 303 455 254 524 426 169 360 252 271 283 68 230 320 172 545 146 261 415 387 153 363 326 137 614 267 455 507 133 269 396 194 556 383 219 556 530 27 294 76 483 323 469 602 47 41 442 493 507 99 390 511 440 243 459 289 319 231 611 449 258 532 449 660 121 188 315 443 88 370 172 459 64 470 331 489 257 219 366
597 571 116 214 354 620 510 0 184 272 553 237 378 457 123 243 280 502 270 101 582 306 589 216 579 251 432 613 362 444 223 423 395 151 567 373 432 225 517 650 130 40 251 523 427 199 140 349 89 105 593 319 577 129 177 147 337 556 285 37 513 90 710 115 147 534 635 324 439 191 387 517 222 343 211 338 122 240 509 214 486 529 590 587 317 259 371 251 542 410 147 546 410 482 214 392 190 495 64 80 440 432 189 421 128 219 356 71 307 611 243 510 123 302 285 63 530 480 301 73 138 571 206 234 293 396 260 267 601 345 70 490 369 29 107 143 443 383 469 334 529 340 352 317 442 139 252 146 407 472 475
392 374 125 363 209 408 470 141 0 234 346 177 275 265 167 225 171 405 200 139 318 209 435 104 495 84 365 563 280 293 206 262 250 212 425 154 407 48 428 450 16 135 290 458 418 77 34 250 167 137 531 272 439 190 59 161 262 305 198 201 272 111 429 94 179 432 401 197 405 41 280 416 327 233 110 250 218 269 333 56 412 314 399 486 326 317 374 147 504 260 214 354 390 409 112 335 305 329 141 73 318 273 230 343 8 58 292 140 181 467 171 338 144 224 120 96 491 426 330 125 105 383 55 150 125 226 90 284 412 280 136 261 230 179 219 135 377 283 369 135 471 314 255 185 427 65 180 54 245 305 258
364 234 405 178 297 593 320 311 267 0 416 375 309 286 432 98 498 261 511 190 391 546 422 220 288 290 82 397 37 391 56 298 419 156 235 361 255 245 377 509 236 309 150 381 220 275 250 264 202 169 341 42 436 145 259 152 183 446 107 308 417 374 569 309 156 312 361 395 214 280 296 260 260 302 320 271 231 62 150 224 400 356 442 325 100 25 186 489 409 291 147 415 225 425 231 202 204 370 252 307 182 297 106 213 286 216 275 326 511 340 205 254 193 205 378 233 390 324 82 314 337 294 338 418 370 184 338 30 435 180 220 463 286 302 198 401 153 232 479 365 343 47 169 418 273 233 63 296 312 327 444
89 322 469 534 139 99 356 452 408 430 0 395 152 198 578 485 436 241 409 468 30 461 22 302 320 369 399 394 387 117 472 172 150 469 282 305 303 369 101 79 444 417 636 150 248 300 352 135 531 386 327 457 83 521 323 467 200 36 291 538 104 487 102 454 403 215 260 238 336 333 133 331 647 148 393 156 531 479 383 330 79 85 76 350 389 496 254 454 164 89 579 93 321 49 310 274 537 27 492 531 359 116 494 160 391 383 166 590 398 279 288 342 480 243 240 471 236 250 430 534 516 253 325 375 297 268 333 476 25 190 513 127 140 562 519 462 326 222 73 286 238 430 268 325 296 428 385 455 111 114 95
465 605 92 466 362 467 535 197 166 416 466 0 361 448 100 442 56 460 102 282 529 89 454 260 686 107 534 754 445 308 336 328 321 311 573 157 460 197 535 588 133 177 493 588 547 158 173 307 326 286 680 502 446 348 218 294 336 368 314 232 386 105 497 74 323 593 642 207 552 116 474 514 486 355 99 330 335 433 596 208 441 390 519 694 420 421 507 11 476 452 401 444 511 406 214 407 394 464 249 159 567 386 314 435 136 183 336 150 115 616 280 523 256 276 200 198 582 517 452 147 82 456 158 24 163 420 192 485 478 396 202 376 347 220 340 83 483 370 352 182 553 463 436 125 571 225 313 100 407 422 332
159 226 475 467 102 204 254 400 305 299 149 346 0 27 410 397 383 175 319 346 144 509 145 217 237 258 268 310 255 144 300 71 183 356 212 361 129 266 152 227 335 425 422 133 103 229 302 67 348 367 208 258 210 398 257 357 67 143 206 442 185 350 201 406 295 94 149 303 198 282 21 193 439 67 310 62 353 353 208 256 156 51 178 247 215 272 134 420 157 48 409 228 206 212 189 111 491 132 439 426 159 45 371 62 304 216 29 507 376 173 144 176 313 96 241 382 200 191 380 393 357 136 263 412 227 124 258 262 159 68 404 194 30 478 352 474 161 68 167 205 185 291 115 275 148 258 283 315 26 26 136
139 161 520 388 124 265 192 422 332 289 185 371 27 0 424 308 466 126 440 343 164 535 182 200 167 302 278 276 209 210 279 94 227 314 195 347 106 282 161 227 278 403 353 128 76 219 310 90 374 376 193 206 309 379 247 308 63 199 189 469 182 408 259 385 276 71 148 297 131 297 44 154 556 94 396 92 411 321 152 248 146 73 258 265 159 255 83 369 148 73 380 227 200 227 204 97 441 147 327 408 157 74 279 23 282 248 30 498 313 197 125 130 303 99 223 330 153 144 382 481 403 119 271 476 261 91 281 253 215 79 337 270 55 448 333 489 136 30 219 246 185 251 92 370 113 289 258 359 61 53 178
584 669 26 390 405 531 678 133 159 399 506 88 412 485 0 389 151 585 183 214 462 119 457 270 596 153 505 640 415 429 322 410 362 240 644 226 600 195 632 632 120 119 370 508 538 223 136 424 263 197 693 486 568 242 212 265 414 468 282 156 460 68 538 79 236 581 559 255 640 155 463 550 415 342 145 379 232 322 555 252 600 507 522 722 423 389 436 78 598 455 273 491 609 612 232 463 406 402 166 130 540 455 289 419 131 216 469 54 197 623 358 571 203 390 210 122 525 616 364 74 72 601 199 93 256 468 218 450 500 381 166 428 409 162 278 20 543 396 485 253 541 422 451 251 495 206 349 94 453 462 414
444 341 361 104 374 497 491 188 271 120 480 355 353 297 346 0 465 405 510 147 458 491 481 207 449 354 181 389 152 470 78 315 369 70 432 402 357 264 583 679 275 215 70 524 324 307 219 349 116 137 389 137 544 66 221 75 244 504 194 166 462 262 557 329 96 417 439 376 308 310 362 374 131 291 345 315 106 49 256 243 425 411 516 505 172 93 310 366 485 346 70 461 296 543 268 318 121 447 149 256 315 321 27 371 230 253 325 280 468 345 215 329 133 274 328 179 388 433 110 249 277 382 261 390 305 293 294 88 550 242 160 567 295 203 130 320 309 372 457 382 404 114 228 392 340 154 88 320 312 372 517
563 520 130 524 311 526 649 246 173 410 403 54 394 426 149 402 0 584 66 230 479 83 422 249 562 103 430 678 469 313 313 306 252 350 584 111 518 182 414 545 136 213 444 462 455 146 161 301 344 281 643 523 480 352 240 306 434 375 368 260 310 146 513 112 354 534 631 205 481 106 362 567 525 341 66 333 333 389 437 179 473 452 500 583 512 491 520 45 497 364 424 412 637 461 271 459 476 330 279 174 435 323 332 479 153 218 430 215 73 639 273 466 256 354 162 206 577 481 558 209 141 577 157 36 161 445 174 419 477 412 305 262 385 314 352 152 579 371 349 139 566 462 379 90 542 232 333 116 375 424 321
205 57 467 481 239 300 76 582 458 232 232 624 129 121 549 342 463 0 437 424 204 537 231 328 64 390 202 124 271 369 291 259 366 412 63 436 43 292 168 326 363 461 431 147 50 403 367 197 459 430 60 237 337 402 313 315 176 307 253 518 276 497 341 514 355 72 65 465 64 493 158 72 447 208 452 203 427 296 120 307 224 205 272 150 172 324 72 579 125 162 468 379 111 335 244 61 506 254 434 413 82 213 393 99 401 395 165 463 493 49 219 28 343 224 341 449 72 38 348 463 517 29 400 601 429 161 332 307 284 149 449 412 203 416 420 509 103 122 288 333 80 270 139 462 11 366 260 487 156 156 287
464 491 199 475 277 397 506 292 220 458 328 123 394 367 202 508 64 438 0 289 378 169 339 269 558 110 455 578 512 224 397 324 221 374 475 51 426 174 503 438 201 316 546 445 421 147 191 287 320 356 600 427 389 428 191 409 363 346 306 401 299 181 370 158 366 540 451 129 566 174 390 515 521 320 70 279 460 447 479 218 401 380 403 687 431 422 467 96 493 306 426 312 521 385 265 533 433 287 294 232 494 329 367 429 180 236 397 229 13 582 269 450 291 297 122 241 533 541 504 204 195 477 137 92 140 391 136 409 356 313 294 245 329 345 415 202 481 356 292 121 499 489 447 62 462 303 435 147 370 337 255
431 376 174 180 307 566 534 88 104 186 484 244 387 299 190 115 248 401 344 0 408 358 454 136 401 209 260 456 252 401 143 267 293 70 422 307 352 153 410 502 101 91 173 452 412 170 85 284 95 13 406 237 508 61 112 56 264 474 189 102 381 124 510 162 55 412 500 296 365 176 375 441 197 298 218 296 116 152 318 161 473 419 483 453 287 181 297 292 472 358 133 519 381 449 188 313 187 355 52 81 322 352 97 327 105 120 268 145 313 477 196 400 25 245 242 67 538 396 219 125 169 428 146 276 206 275 204 230 502 267 54 387 277 76 85 197 384 278 469 274 488 239 307 281 391 67 123 131 289 331 338
54 302 532 490 112 99 321 581 351 342 28 517 130 162 542 530 463 203 444 421 0 583 34 321 288 317 438 365 377 158 378 140 197 518 261 313 239 309 62 100 359 468 568 112 217 329 454 174 454 483 292 450 120 472 348 485 207 60 277 603 111 542 92 468 387 161 184 293 265 340 105 274 694 163 410 175 530 395 258 309 67 89 92 374 388 401 269 441 159 67 458 105 336 84 256 235 546 37 527 446 245 129 524 166 429 365 140 575 408 302 221 232 392 167 267 483 233 202 566 444 487 225 281 378 312 254 291 417 42 180 451 164 114 456 584 525 268 178 93 263 199 374 249 360 219 409 400 395 121 92 123
645 606 148 446 435 516 683 275 257 562 560 80 521 525 116 481 109 571 157 345 511 0 452 335 633 208 530 853 438 427 487 421 382 377 586 180 586 307 573 523 206 208 429 616 584 254 216 414 409 385 656 481 473 330 249 369 420 540 401 324 408 156 604 186 341 570 614 240 688 203 490 751 474 393 167 362 349 563 630 272 682 467 633 724 622 599 478 62 538 440 453 528 719 506 356 637 404 528 315 252 706 432 370 449 207 252 518 213 173 774 345 570 360 403 302 253 766 617 490 229 174 559 215 89 225 500 255 557 519 478 303 421 526 306 351 140 521 531 470 216 754 542 465 206 542 346 402 199 545 531 395
66 352 535 515 140 91 299 500 448 372 24 509 145 188 623 458 390 272 435 433 30 454 0 340 267 413 475 374 411 141 397 182 179 489 268 348 255 306 70 80 437 477 561 141 199 314 430 195 511 445 352 402 88 552 321 500 259 75 389 531 125 564 72 517 468 193 260 237 354 364 118 346 583 200 389 228 647 471 352 289 74 100 62 318 352 474 282 515 202 112 516 87 415 50 355 266 613 53 461 530 273 159 473 180 340 404 167 563 396 255 284 249 425 239 291 424 220 251 464 442 453 202 321 466 244 277 361 401 15 213 578 143 154 496 619 531 332 236 99 273 216 481 280 333 268 357 389 382 139 117 128
335 360 255 321 184 360 434 232 111 203 347 266 209 194 299 233 236 275 225 149 324 350 265 0 383 158 263 384 191 211 145 144 196 200 322 188 235 55 365 431 114 218 308 355 220 86 123 164 273 130 389 259 374 206 44 167 168 249 90 250 238 190 377 207 152 313 331 240 286 140 232 362 295 150 176 127 217 226 300 55 358 192 436 417 187 227 232 212 343 207 234 342 318 341 15 259 320 236 200 164 252 197 235 195 115 54 160 244 212 335 64 262 158 112 118 196 300 281 283 227 178 293 109 244 111 124 91 204 302 145 231 305 141 234 206 261 309 226 305 120 395 267 145 181 299 100 150 127 219 192 262
234 68 630 422 358 388 17 491 453 304 320 607 188 167 590 375 535 68 648 491 245 585 235 334 0 467 299 94 277 333 308 300 392 401 69 499 112 470 219 375 526 469 467 172 93 421 407 232 618 535 32 299 423 428 421 401 234 355 339 597 351 541 364 548 454 93 44 505 115 529 189 94 645 279 522 265 558 346 143 405 230 252 253 99 239 361 129 641 104 224 426 312 126 299 303 144 528 309 514 552 114 253 451 145 494 361 213 602 515 32 276 83 532 265 495 472 38 26 386 660 531 79 415 589 361 238 419 295 326 226 531 420 254 543 481 594 168 197 318 419 55 356 197 506 53 371 294 531 225 193 392
443 400 207 416 235 475 416 240 81 308 332 141 284 290 174 379 113 388 94 184 292 210 357 121 558 0 360 541 335 239 245 185 152 276 540 106 367 94 456 342 90 227 404 393 358 66 145 226 283 211 421 407 367 261 126 251 311 271 229 223 277 183 354 119 247 349 441 148 476 62 290 471 491 194 36 220 337 320 456 82 381 286 443 650 308 345 349 117 410 269 385 292 424 342 134 390 378 346 242 147 417 235 275 352 81 122 269 229 90 495 161 364 212 239 76 194 452 397 369 165 106 446 42 91 62 287 56 411 319 226 219 220 259 272 239 178 401 327 280 60 424 453 330 72 505 140 292 94 249 241 211
446 154 532 211 387 590 216 369 310 87 470 533 242 284 538 197 452 179 507 313 367 583 366 307 299 342 0 265 62 426 135 282 419 222 184 416 165 260 363 523 324 330 233 282 219 296 307 247 363 311 264 55 504 283 278 226 240 405 178 333 434 427 528 383 218 226 265 480 152 388 280 155 356 304 492 293 255 121 124 320 371 285 471 230 63 83 162 551 275 328 219 498 120 438 241 209 299 352 283 386 120 309 228 244 303 299 233 393 426 206 201 193 308 263 321 301 276 234 123 471 458 271 340 476 424 173 331 104 493 199 292 427 262 395 268 428 102 182 440 445 334 81 140 474 239 248 125 339 302 275 432
304 104 566 503 380 457 69 664 518 349 377 746 268 267 745 525 632 135 564 496 401 725 403 366 91 530 224 0 294 471 436 317 507 466 91 562 139 535 299 421 525 574 497 214 207 550 500 344 598 487 61 295 459 549 423 448 316 422 398 646 466 534 379 629 474 185 144 626 134 521 314 121 515 368 531 340 627 388 172 424 326 360 385 9 241 341 208 624 169 325 511 470 148 410 349 174 532 356 564 538 131 377 520 212 602 479 287 560 721 95 388 118 547 375 565 559 122 120 342 551 596 131 441 553 509 273 433 374 410 324 563 419 318 643 531 693 177 239 423 590 123 345 223 609 136 533 322 552 273 291 486
413 235 458 198 299 492 322 330 277 32 458 456 284 272 425 127 407 207 524 206 401 468 353 199 250 368 61 285 0 401 88 247 349 214 202 457 188 272 340 489 313 341 189 362 220 340 229 256 285 244 299 10 545 181 231 196 169 458 138 295 416 312 465 305 165 275 275 413 172 303 299 187 277 246 331 241 211 94 151 276 416 261 463 317 52 39 172 417 329 316 176 407 185 465 200 215 267 442 263 297 138 312 142 237 253 258 213 367 416 219 166 230 201 214 290 258 309 289 87 397 336 243 359 363 314 159 350 53 407 171 243 388 297 282 277 457 123 204 374 350 351 63 135 464 215 257 74 319 238 279 384
223 342 342 570 89 213 428 380 255 341 125 372 154 228 440 463 310 360 259 310 118 352 129 258 355 240 365 465 367 0 327 128 61 371 377 191 344 195 235 179 259 342 477 199 308 213 354 119 488 411 416 398 182 419 257 318 240 84 255 429 24 393 221 292 438 302 315 124 409 299 161 444 497 136 204 140 448 384 356 220 198 132 176 493 345 360 267 291 249 124 541 116 434 153 197 270 460 88 388 310 417 145 403 199 252 277 189 354 201 335 231 330 374 197 151 315 395 300 541 330 299 276 221 350 170 272 198 434 174 222 345 48 151 470 497 351 367 204 53 126 324 483 256 170 318 276 394 346 158 145 26
412 332 299 165 316 446 322 241 212 63 468 357 256 253 348 77 425 341 343 149 335 484 498 174 324 321 156 425 82 337 0 250 339 105 302 425 297 199 465 513 250 213 160 319 270 207 191 223 146 100 345 92 457 98 158 77 180 420 98 217 334 273 488 252 71 342 414 354 306 285 279 298 204 231 334 228 184 67 233 189 440 306 547 467 149 67 192 353 365 313 124 395 276 497 143 238 162 336 193 217 225 307 79 282 200 143 226 290 426 312 176 319 138 206 257 204 405 327 111 233 288 264 272 405 328 195 289 88 479 168 164 455 257 195 155 262 238 251 432 274 360 117 197 307 318 116 20 217 255 329 371
217 262 405 433 43 269 307 391 265 290 174 310 82 109 442 385 307 221 306 296 151 464 161 157 235 193 346 338 309 122 303 0 120 319 324 212 214 189 214 239 223 371 450 207 196 195 276 16 346 302 309 298 235 298 211 324 76 141 171 346 156 333 254 294 280 159 236 218 240 267 65 273 411 9 238 24 405 386 270 141 179 80 206 372 242 352 166 294 199 70 392 185 294 227 138 154 412 120 380 284 275 26 357 142 276 196 75 372 235 227 122 226 275 66 160 315 241 227 406 398 341 209 222 274 140 144 152 359 172 110 352 163 38 383 361 307 268 128 124 155 290 369 151 206 233 260 292 273 66 48 120
247 406 294 557 60 275 358 329 195 368 150 247 192 227 336 337 280 350 198 293 159 392 221 158 432 158 458 504 398 57 320 99 0 377 409 121 274 161 233 237 268 362 510 267 317 143 244 138 360 322 423 306 241 418 176 275 224 117 257 381 98 351 279 290 335 244 390 111 353 223 199 374 440 107 195 129 414 410 400 158 226 160 243 500 327 344 277 309 328 136 451 195 385 202 170 306 427 148 413 280 407 139 325 263 230 187 202 320 174 352 178 402 379 134 85 273 405 389 456 297 308 322 144 219 79 228 113 408 222 224 386 93 157 405 334 376 305 188 124 79 333 412 215 157 320 216 339 280 164 161 91
424 337 266 140 397 564 458 144 226 161 556 311 303 395 289 56 375 441 326 66 463 443 427 180 460 296 203 431 162 405 95 341 387 0 355 343 307 226 473 537 216 150 114 394 418 203 160 279 61 73 378 229 521 17 172 45 269 464 179 130 428 227 502 268 45 426 451 388 322 267 408 351 148 372 335 266 58 106 370 186 547 400 641 560 200 167 356 277 411 410 41 460 292 598 230 336 105 513 81 175 369 327 39 310 199 179 296 245 361 501 242 395 64 298 322 127 395 479 152 181 234 405 250 377 273 303 305 136 449 301 81 404 328 136 63 291 314 310 397 307 415 215 310 404 354 137 121 199 370 323 504
265 11 655 407 307 394 65 497 474 279 326 606 236 199 639 388 643 50 580 414 295 554 286 347 66 446 170 92 246 320 297 272 351 347 0 468 60 404 288 409 458 438 434 218 101 473 486 290 491 435 34 224 406 348 324 353 212 368 244 575 389 527 383 533 371 133 109 552 45 533 232 36 500 264 539 258 418 297 99 409 279 271 372 103 172 277 134 651 145 231 368 415 68 366 337 120 462 333 444 454 67 243 337 155 461 369 186 626 610 36 252 30 460 298 455 501 92 67 321 499 614 100 479 528 419 169 465 271 342 181 396 362 227 533 388 625 93 161 407 495 123 277 157 425 57 432 282 496 251 233 427
391 522 271 555 218 381 521 281 196 479 348 149 328 335 222 424 127 449 52 341 321 215 363 191 526 106 504 539 427 165 373 271 122 368 439 0 400 210 409 399 210 310 440 433 474 155 246 240 396 364 574 487 341 367 231 366 305 262 328 351 203 242 336 179 352 462 411 66 472 130 312 466 510 220 73 210 406 482 438 162 446 293 446 559 458 397 455 163 473 344 438 333 593 283 231 457 524 258 309 270 507 265 457 336 153 223 259 326 50 564 244 485 368 239 107 255 521 566 517 299 225 500 145 139 76 375 105 508 321 268 277 165 324 361 438 251 483 345 236 84 505 513 417 16 511 236 423 162 294 305 216
235 63 554 411 207 395 110 503 411 206 248 481 159 108 559 306 442 41 519 322 277 503 278 245 96 383 208 164 209 366 298 198 277 323 68 449 0 288 198 326 400 436 441 178 37 382 381 193 500 311 89 182 413 397 329 343 137 302 205 522 337 461 335 516 362 86 96 428 39 359 136 81 451 197 504 200 435 312 76 351 241 198 306 145 165 262 52 536 125 167 435 373 100 359 230 33 474 257 379 431 52 204 293 86 337 262 118 555 543 81 237 37 436 185 307 464 113 67 300 449 538 47 368 440 340 105 362 255 298 128 447 383 140 470 468 516 61 84 328 412 137 219 94 426 48 297 252 353 184 166 314
301 433 208 330 183 351 491 233 54 214 355 211 209 263 212 217 182 366 223 138 300 323 396 50 431 88 285 472 236 208 159 155 159 210 354 186 298 0 388 347 65 194 297 312 350 39 87 177 250 146 469 309 434 166 18 185 216 244 134 210 231 146 448 128 140 353 386 184 306 78 279 362 373 147 114 138 226 286 334 7 393 291 340 547 246 264 311 176 385 239 234 366 339 335 63 317 330 278 172 139 313 193 215 277 62 21 207 229 226 448 93 364 177 136 85 170 415 370 275 202 161 387 54 187 109 192 63 298 324 184 211 299 175 204 223 174 295 237 288 99 475 275 243 175 360 66 174 100 209 198 237
15 220 622 570 168 142 228 572 492 428 87 467 137 137 610 454 563 182 419 417 81 570 65 390 181 411 407 247 373 245 459 228 233 592 268 348 228 349 0 143 487 500 625 61 181 389 446 166 613 532 259 366 150 463 345 502 191 114 377 555 227 590 121 481 543 116 188 313 242 375 145 295 640 216 408 234 484 542 294 342 7 130 79 338 325 499 218 448 90 107 531 166 345 139 306 177 524 106 478 522 237 157 480 132 388 381 159 524 413 195 284 249 474 266 356 445 179 219 573 540 483 174 359 582 309 211 361 428 87 197 577 229 178 591 593 474 248 154 175 374 130 482 276 426 222 384 376 507 145 150 210
113 388 508 614 246 26 376 572 473 484 86 546 214 246 564 661 520 285 368 507 117 618 90 435 386 348 525 399 464 180 534 240 220 550 420 415 383 356 147 0 537 592 648 170 336 399 461 212 649 487 343 442 18 524 480 529 324 100 358 678 135 553 20 486 454 289 323 267 332 487 187 451 811 239 364 289 595 490 451 421 122 214 65 501 432 485 321 514 262 168 524 79 466 41 340 303 667 130 524 490 374 258 548 251 495 372 235 612 364 329 381 330 533 256 356 559 263 297 585 491 551 357 471 452 323 362 413 587 63 275 660 139 238 575 511 605 414 324 136 297 276 606 342 346 358 411 540 444 187 241 150
447 507 132 340 291 537 474 161 17 296 376 131 355 359 132 233 165 419 173 133 334 203 453 98 496 91 332 501 307 293 181 256 262 221 482 216 336 75 407 513 0 110 284 430 424 88 34 286 186 132 431 360 384 168 64 184 297 348 204 201 292 89 421 71 131 442 448 231 350 29 342 438 365 212 104 213 190 260 425 84 368 339 460 633 305 319 366 168 427 296 228 372 405 372 149 321 263 406 136 61 425 284 232 367 7 78 300 152 171 465 186 427 158 215 146 98 539 495 293 99 74 463 62 139 130 260 103 260 400 260 144 290 250 168 188 126 405 354 341 143 441 350 241 171 362 84 232 34 338 338 329
574 445 105 238 413 533 582 38 134 255 443 175 396 339 110 190 256 507 235 104 454 208 562 174 565 206 444 624 375 351 250 303 321 166 478 269 416 147 539 501 116 0 244 475 414 222 103 325 111 110 639 307 546 158 181 130 381 407 251 66 378 60 625 95 129 552 476 335 414 151 433 419 251 338 188 319 127 303 470 159 525 366 646 639 370 301 463 207 600 359 178 564 458 459 225 454 246 527 71 34 442 397 233 424 134 160 433 64 272 588 286 551 113 311 253 33 499 481 273 37 100 565 194 200 231 304 195 270 503 307 65 366 416 55 133 90 396 461 450 277 490 337 409 255 426 119 269 104 459 424 408
661 366 303 19 448 770 502 239 300 181 639 459 437 435 413 81 404 432 575 171 600 426 541 333 528 334 243 445 162 483 138 352 452 104 367 564 403 356 489 630 333 259 0 563 459 363 315 378 153 153 454 230 615 118 319 133 395 639 263 215 496 306 601 388 157 384 459 460 422 375 378 444 91 449 398 328 118 93 349 324 647 550 653 449 243 168 405 501 472 548 70 520 386 603 318 404 58 471 192 298 363 469 91 414 348 321 458 279 494 482 358 430 142 324 369 250 564 536 113 260 288 391 313 470 363 341 361 149 653 316 160 619 373 187 126 307 354 378 612 389 525 140 338 405 459 244 143 314 383 472 512
73 179 476 541 174 207 167 638 390 347 138 604 134 119 646 428 483 151 521 466 113 570 134 286 134 455 352 249 356 263 406 157 273 436 201 347 160 382 59 191 364 601 444 0 138 340 417 172 574 410 206 388 191 399 319 381 157 176 303 597 235 439 180 538 430 86 93 339 208 408 109 222 574 193 460 207 481 417 198 318 72 86 168 239 289 383 162 518 49 113 598 209 291 176 316 151 545 133 444 535 210 147 396 121 392 415 156 572 462 160 295 191 524 234 360 483 112 112 501 582 420 114 327 478 382 211 302 415 115 223 490 261 132 459 530 579 242 126 235 358 111 371 179 458 166 342 399 525 135 116 224
163 86 589 381 216 333 127 507 330 230 251 541 95 70 570 356 561 42 453 416 183 670 228 256 120 328 222 177 220 245 255 168 286 382 106 436 41 305 158 275 317 480 434 134 0 323 311 139 433 366 104 214 370 367 266 300 101 235 188 480 245 503 341 402 289 43 101 384 95 379 100 129 497 176 379 177 488 276 98 274 169 139 247 215 150 312 57 581 111 163 463 277 165 311 280 39 397 240 402 362 77 151 366 47 312 328 121 524 390 95 183 77 390 176 299 384 93 76 341 480 407 33 314 533 297 120 298 299 275 109 391 363 151 505 366 509 116 71 304 357 112 240 111 477 65 311 237 474 129 130 279
358 390 194 365 186 431 478 219 61 297 357 184 222 253 216 251 160 402 153 171 330 237 371 72 359 72 364 422 327 178 233 194 167 236 410 129 360 30 413 391 90 205 389 310 361 0 91 171 261 201 380 320 349 248 51 185 228 290 144 223 249 183 458 141 170 379 456 149 357 69 254 436 379 169 101 183 271 263 396 28 316 263 363 461 292 281 251 179 431 292 335 340 345 388 91 261 392 266 207 175 348 200 227 273 67 60 183 201 149 352 111 404 180 159 73 145 426 380 296 177 148 297 24 169 77 227 45 345 283 231 216 229 185 249 237 214 330 250 220 75 446 297 229 150 335 95 234 100 234 248 197
387 429 132 243 307 442 493 117 31 217 439 152 295 267 174 198 222 434 244 92 357 250 445 111 445 122 316 536 241 317 188 270 223 171 471 225 428 68 485 421 28 80 230 382 322 96 0 274 156 80 520 266 479 135 63 127 224 379 165 151 326 104 522 76 112 332 516 283 342 80 312 394 322 238 161 275 157 268 352 79 463 369 535 534 294 306 368 171 507 369 208 424 390 423 137 399 242 420 110 60 335 325 190 377 36 73 272 136 205 488 183 463 92 248 193 75 531 470 292 83 78 379 89 172 171 212 140 249 369 229 102 326 245 126 129 135 372 286 349 172 434 327 240 180 429 51 223 73 258 316 367
202 246 383 489 58 284 247 348 232 266 167 325 56 97 383 304 346 209 344 250 160 473 201 131 266 256 317 290 218 126 223 15 127 327 241 292 188 184 218 230 278 393 349 178 167 176 256 0 432 279 281 297 285 304 206 263 75 121 175 463 141 300 214 352 309 142 206 214 220 234 76 234 521 13 227 20 390 363 201 150 184 75 239 347 223 296 160 371 185 84 420 200 292 198 131 177 418 145 324 301 265 30 303 125 265 216 46 396 283 240 94 198 286 54 182 368 276 246 377 381 278 186 175 359 159 119 158 342 185 83 379 194 25 379 405 381 261 115 180 164 240 306 122 289 217 258 233 273 48 56 142
625 529 232 145 400 685 608 98 225 227 585 295 388 354 246 134 355 489 347 77 529 352 572 242 554 259 350 625 239 502 195 398 451 73 498 347 472 197 528 624 203 121 170 556 417 280 174 357 0 80 485 258 514 68 201 102 382 445 252 69 452 186 589 204 81 404 528 424 430 265 383 406 158 428 348 396 24 160 345 223 546 497 657 489 345 239 420 326 477 514 70 581 408 613 283 384 131 474 46 152 449 355 125 463 224 218 418 166 370 580 295 425 63 274 352 126 538 469 243 151 221 409 232 319 305 359 279 233 525 306 54 423 442 63 16 186 359 356 494 327 606 280 368 417 485 144 181 202 479 406 527
473 357 224 170 349 628 417 131 146 175 480 236 282 313 220 140 245 349 360 12 387 328 514 129 522 213 240 426 183 359 103 261 321 65 373 363 353 167 445 496 120 95 190 527 421 153 84 263 96 0 519 254 589 50 145 37 239 427 154 123 366 170 515 188 37 414 422 378 349 156 379 426 232 327 216 318 107 186 366 181 486 393 515 598 213 180 351 310 468 366 110 508 376 566 183 368 170 371 58 113 294 280 116 302 124 118 318 171 266 370 178 437 18 204 222 74 433 492 179 127 157 348 164 256 265 235 254 204 444 249 52 485 289 95 75 181 333 364 463 270 485 195 250 257 440 80 155 181 371 337 430
235 56 517 402 380 339 22 501 493 304 357 647 238 169 646 428 603 67 560 483 257 617 306 367 43 515 256 74 294 418 307 337 407 403 35 505 89 351 214 352 487 494 516 218 102 400 465 293 526 435 0 299 454 460 413 474 200 335 290 626 433 568 330 516 478 109 89 456 88 493 238 71 508 305 569 241 520 399 122 420 231 247 334 73 208 302 169 619 123 273 407 406 110 386 321 111 564 279 532 474 115 293 449 183 504 371 193 520 542 21 320 63 489 268 417 540 84 62 382 497 623 80 393 496 496 194 493 332 360 255 476 361 271 628 581 587 131 196 445 397 87 278 186 453 56 427 289 571 290 225 316
351 197 461 185 299 483 250 376 337 41 369 428 267 257 443 129 469 239 444 234 414 581 440 219 266 304 53 275 10 357 121 275 330 187 219 422 168 306 434 505 279 382 214 391 240 321 319 273 270 243 268 0 432 216 231 172 213 350 135 297 357 381 477 418 180 231 284 509 186 284 314 211 266 251 409 243 224 105 124 248 455 323 483 354 47 51 157 524 344 289 202 454 151 466 253 184 260 331 261 320 133 245 162 231 288 228 225 357 442 276 217 201 265 218 346 293 287 270 93 382 396 208 371 479 352 162 286 66 443 189 284 517 302 299 294 434 134 226 470 385 347 55 167 362 277 268 98 362 269 268 338
168 460 597 648 207 45 326 641 452 513 97 417 260 277 479 524 437 368 433 464 134 617 82 316 330 355 497 408 437 193 426 250 210 633 451 345 405 456 178 19 499 491 554 237 347 406 517 271 683 617 402 447 0 523 395 445 284 104 362 695 159 550 50 561 556 266 349 281 430 385 246 488 677 224 430 282 605 586 363 363 150 201 88 450 483 462 335 569 243 219 715 50 441 44 323 287 720 94 488 563 421 227 482 234 400 346 285 602 431 384 374 412 536 308 274 569 350 376 555 626 574 277 427 473 333 315 363 544 70 330 517 156 219 536 702 567 414 254 109 314 260 608 389 328 301 515 426 449 186 252 155
423 426 267 128 326 628 451 141 154 186 541 295 316 329 242 68 356 417 355 64 431 349 501 201 438 252 273 448 184 361 106 322 350 14 475 349 359 221 552 642 175 136 141 460 417 195 171 276 62 43 427 195 479 0 160 41 334 437 148 140 433 191 600 254 37 392 449 413 316 188 361 373 151 356 306 298 61 127 279 230 458 416 646 589 256 155 370 289 524 451 58 612 348 486 235 341 135 501 74 157 330 378 62 320 173 152 308 212 408 451 194 383 46 234 281 120 522 433 186 159 200 433 240 299 335 270 263 184 448 297 63 417 398 106 54 271 309 333 401 290 422 194 300 325 380 111 133 189 399 394 389
336 351 208 270 202 467 360 215 54 238 369 230 248 248 203 216 225 306 218 144 298 296 375 38 455 118 332 397 241 259 188 172 203 214 397 214 297 18 400 352 61 182 292 300 254 62 63 177 200 112 353 256 450 174 0 155 210 262 130 224 306 183 386 133 156 370 404 206 373 83 289 389 368 160 157 158 209 277 313 27 320 271 417 486 277 219 306 242 325 250 236 318 372 404 56 307 323 294 185 133 296 221 205 241 76 2 226 192 220 448 109 368 153 151 140 148 443 384 275 159 148 398 64 194 114 210 84 264 321 174 150 297 237 169 216 225 359 234 280 118 429 286 223 214 314 50 179 118 227 246 302
443 393 232 155 342 599 441 176 147 136 474 296 279 302 222 94 321 423 324 49 484 333 396 178 482 250 206 537 190 425 89 321 349 45 438 302 347 145 427 586 167 150 128 482 396 207 125 265 110 47 468 155 469 35 153 0 250 458 131 139 347 214 580 234 5 436 373 385 286 200 307 344 222 260 280 266 88 130 270 191 395 403 456 531 227 174 314 271 474 348 106 500 302 484 147 350 156 483 90 149 299 319 59 312 138 120 317 193 324 394 161 338 47 246 239 141 487 383 147 184 216 373 208 262 246 223 267 162 483 261 83 408 338 124 97 216 297 287 376 277 380 203 245 278 400 100 84 189 291 311 444
199 222 336 423 121 325 198 388 263 202 214 321 59 62 429 254 378 139 412 253 174 491 257 156 215 278 217 285 206 184 186 94 180 300 225 316 110 222 208 268 263 351 320 152 126 212 249 69 389 287 221 193 346 287 214 288 0 186 100 358 228 324 301 327 269 154 219 262 142 289 82 173 475 90 316 65 388 300 174 187 216 127 262 294 169 257 79 403 200 126 372 258 175 252 133 102 356 205 336 299 139 89 278 70 237 211 35 381 399 188 97 146 266 58 183 354 206 197 296 329 342 148 272 383 224 44 235 276 275 13 293 264 61 387 290 349 173 58 219 231 240 263 58 356 162 242 179 256 76 97 182
132 368 506 561 91 141 310 472 357 376 45 412 148 189 460 491 417 238 346 428 52 479 67 241 294 281 427 427 384 78 390 136 114 518 326 269 324 316 131 129 345 418 547 140 218 288 357 129 592 411 390 458 121 471 350 426 235 0 349 583 64 463 135 449 379 224 270 197 330 296 132 310 554 134 301 163 433 415 352 304 125 100 111 417 306 393 250 451 184 85 558 81 329 73 279 271 520 21 458 451 297 107 484 185 361 327 179 412 310 352 205 295 391 173 208 478 303 253 499 446 375 226 286 344 243 246 277 435 69 201 439 84 154 555 543 527 335 196 49 227 224 517 238 298 292 394 414 319 129 115 48
294 237 316 291 228 383 271 236 177 119 340 288 154 149 331 185 338 214 399 179 349 461 353 91 289 201 153 388 107 311 98 177 207 155 250 309 188 121 387 366 203 212 204 307 220 168 191 141 263 162 328 132 451 173 141 152 137 342 0 302 279 260 354 270 142 254 266 355 188 200 191 226 294 185 308 146 242 155 195 122 285 253 344 355 130 141 153 382 321 230 226 433 243 391 92 206 233 287 197 197 228 168 135 168 215 140 160 269 283 243 71 226 189 106 236 201 348 249 230 297 268 285 181 282 228 97 179 158 375 112 183 369 159 204 216 295 171 180 295 219 294 153 102 279 264 123 82 248 206 172 326
621 501 167 246 448 671 522 37 207 255 472 265 521 483 180 219 326 571 368 124 610 332 657 288 592 299 369 675 374 427 209 407 364 133 496 339 533 213 517 685 206 75 187 649 444 294 131 415 83 129 522 361 559 126 207 156 367 548 284 0 536 136 553 198 153 477 548 427 486 185 445 510 180 374 232 437 105 248 405 221 575 516 547 735 352 316 362 271 675 541 128 501 493 629 273 477 196 457 64 108 527 458 172 522 176 184 477 125 300 644 348 549 115 351 322 82 570 571 249 104 177 604 222 273 282 353 310 259 492 324 61 532 436 36 92 186 512 409 571 358 499 302 357 387 600 185 209 182 411 495 408
211 425 489 628 87 162 371 479 331 348 117 299 200 242 428 447 361 380 282 359 111 365 141 257 371 246 495 407 474 30 371 117 81 392 441 232 314 268 201 157 365 418 475 224 310 260 287 168 549 436 383 366 137 465 264 431 192 68 269 446 0 342 200 326 408 263 337 129 325 320 159 436 607 156 313 170 487 536 326 225 216 127 206 407 372 415 330 308 264 147 518 96 460 108 272 278 519 86 427 400 327 137 449 202 267 302 187 473 247 356 255 297 432 223 155 407 312 338 574 473 317 334 293 308 202 304 179 478 149 228 509 40 165 410 461 356 419 276 27 179 377 531 288 224 313 376 364 309 171 157 15
478 552 36 313 322 589 661 79 99 335 466 105 439 409 58 322 170 536 192 134 444 175 570 185 589 156 463 586 409 376 290 311 326 240 483 259 487 165 481 639 110 54 343 547 473 179 87 335 200 162 483 380 574 203 196 168 401 391 300 116 389 0 505 57 170 552 604 342 485 104 364 510 278 346 158 335 195 304 462 162 509 383 471 635 446 338 432 115 621 485 252 551 445 432 248 404 340 484 117 58 542 351 290 419 118 182 367 43 180 638 268 441 154 263 243 66 542 587 342 16 37 588 169 142 214 386 189 408 566 401 114 371 422 135 175 39 531 435 375 206 561 450 401 230 451 127 311 64 402 462 422
129 374 689 704 220 4 399 527 528 527 104 603 238 285 553 634 424 351 404 505 118 596 83 365 385 403 491 368 498 201 519 291 213 650 372 347 334 360 142 23 412 544 713 203 321 354 448 260 578 464 338 436 38 564 390 576 278 106 449 607 172 528 0 576 592 291 254 328 343 400 249 459 768 295 500 295 744 562 448 457 133 163 39 464 453 460 393 486 203 173 584 94 503 53 333 351 615 111 588 479 394 203 479 309 500 467 275 558 360 301 322 410 583 263 317 539 346 300 646 525 464 266 390 443 379 335 330 479 67 346 631 170 273 598 564 501 388 254 156 327 319 577 369 440 301 517 474 511 222 210 168
566 494 83 379 311 609 540 115 79 378 386 96 331 429 89 322 130 496 171 169 419 156 444 172 526 111 462 710 352 346 276 325 260 262 493 167 402 140 525 529 74 86 395 436 382 132 92 342 184 156 561 360 491 185 118 215 371 454 222 179 369 53 564 0 227 499 531 267 479 66 333 466 324 326 95 270 242 321 461 136 547 427 480 702 424 304 468 111 457 355 237 488 506 447 184 397 355 384 156 74 418 305 228 457 69 118 324 83 169 470 255 422 187 252 197 89 518 450 395 74 16 484 92 81 160 313 124 389 450 338 149 315 353 161 200 49 407 322 390 147 626 415 334 193 465 136 254 27 372 392 406
528 421 267 173 361 558 443 145 171 142 492 292 271 286 246 106 353 356 363 53 493 320 394 147 388 271 234 438 180 329 73 316 285 52 385 324 339 134 392 534 138 124 135 414 313 185 114 237 84 30 432 212 494 38 119 6 293 421 141 133 356 211 538 179 0 331 463 395 319 209 391 366 208 258 242 297 96 123 321 179 492 324 481 553 182 179 315 303 382 339 91 563 290 550 148 352 165 418 81 147 349 302 70 358 176 153 325 239 338 348 157 384 45 230 240 130 429 407 195 187 216 363 195 326 295 221 229 153 540 230 84 429 338 117 85 199 345 250 396 235 482 224 235 294 424 85 109 209 334 374 371
163 143 525 554 230 272 125 459 331 303 224 447 119 81 521 383 530 80 432 435 169 667 212 283 107 412 275 193 313 307 274 170 310 373 139 439 69 291 123 295 461 511 470 90 39 343 384 181 467 444 133 311 303 388 369 324 117 230 215 530 293 518 223 467 320 0 77 328 133 445 113 165 495 185 433 181 548 354 143 367 128 119 190 176 221 283 99 491 68 117 440 288 160 236 253 76 577 177 505 509 125 147 373 63 442 367 108 454 451 100 228 113 374 205 329 471 81 74 428 425 423 42 413 567 334 165 361 309 182 120 403 335 123 509 492 586 164 96 250 294 82 353 137 474 85 375 252 391 110 145 215
173 111 507 462 309 339 68 595 433 329 212 497 162 131 590 385 618 59 472 444 227 630 264 340 43 399 309 155 273 323 380 250 349 531 91 544 115 327 175 317 436 528 558 96 90 441 458 229 524 389 93 266 346 446 451 386 213 262 308 654 291 610 319 515 396 69 0 488 114 514 162 117 650 249 464 266 563 393 156 339 190 167 277 157 218 319 140 554 58 171 454 339 148 287 364 114 520 232 483 576 144 200 492 133 480 416 214 522 463 67 248 83 445 253 408 518 11 34 435 504 476 46 442 552 397 220 368 373 232 210 462 403 211 455 522 574 142 139 291 340 23 299 210 418 52 467 393 534 196 162 291
278 485 290 443 158 338 445 389 199 492 259 220 290 295 340 475 154 382 127 348 290 254 293 194 414 130 451 591 396 130 388 204 109 339 413 71 385 220 335 341 253 288 463 364 398 163 280 220 351 360 491 451 245 418 203 420 325 191 334 393 160 315 347 273 405 390 377 0 444 206 311 505 604 222 139 253 481 437 482 173 298 234 293 634 391 508 412 212 380 227 521 221 469 243 246 428 545 229 332 318 400 202 462 373 222 229 256 381 117 541 214 490 414 263 98 283 382 495 581 272 265 440 141 166 88 286 125 483 315 241 364 125 214 396 445 331 446 340 186 104 390 512 379 82 482 279 440 253 235 242 143
302 34 472 358 249 422 100 533 375 209 285 587 165 149 518 338 585 61 521 447 276 648 307 278 107 369 153 123 200 392 268 249 384 326 40 532 47 318 234 391 377 488 420 208 98 358 392 241 488 372 68 207 368 324 344 311 174 318 235 542 416 461 426 447 385 103 122 413 0 378 214 25 486 215 435 216 470 245 44 356 256 231 332 117 144 273 91 494 171 261 369 346 61 335 307 61 481 288 384 388 24 212 299 140 472 372 190 615 487 77 252 29 374 225 338 438 118 99 308 483 472 78 372 600 409 148 335 209 294 145 494 426 202 425 474 604 51 115 347 351 130 258 115 415 54 365 235 389 248 249 308
492 530 112 318 270 447 477 180 42 345 331 103 297 285 160 319 126 406 145 139 435 221 461 116 487 49 430 609 350 287 248 225 175 205 432 136 374 87 443 460 39 157 296 386 411 65 71 285 247 186 512 292 428 182 85 169 284 333 186 222 327 117 485 67 196 466 481 212 487 0 293 465 418 199 76 264 262 299 335 78 396 354 508 608 359 283 397 107 520 374 244 450 510 337 145 323 389 340 163 104 388 260 252 359 35 74 286 163 138 469 177 443 158 188 114 115 538 414 381 126 72 421 41 111 138 260 76 273 371 256 186 325 244 166 246 104 344 364 271 104 431 376 320 122 470 110 287 29 335 268 318
116 222 409 539 107 224 211 437 323 308 145 447 22 47 395 410 350 183 310 312 121 527 116 231 205 251 243 263 278 169 271 90 144 403 229 328 138 252 115 249 275 364 408 97 99 282 361 78 411 398 228 270 235 375 276 337 103 141 211 453 155 371 223 421 347 120 143 293 233 333 0 204 584 93 324 79 406 394 192 221 136 27 176 292 249 282 159 462 129 26 487 214 291 195 190 129 547 118 409 340 168 47 397 55 339 268 43 423 321 199 143 157 338 94 248 337 170 181 428 427 419 120 231 429 223 136 214 354 169 118 387 224 36 407 421 452 187 73 151 220 162 354 137 286 151 271 309 337 19 19 163
306 32 602 340 338 473 98 559 389 225 301 572 242 194 591 307 638 72 547 398 345 556 292 355 112 423 152 109 205 410 235 256 323 436 39 545 83 420 272 438 483 409 352 197 100 350 455 220 387 431 76 161 372 420 379 379 192 346 204 538 437 519 385 459 369 148 140 425 23 404 206 0 405 301 512 244 489 253 58 357 285 223 369 129 152 207 108 601 195 256 410 409 32 445 348 83 376 282 486 451 41 287 379 138 467 301 184 592 589 84 231 41 351 268 390 425 133 118 280 522 589 117 441 590 408 196 367 208 372 182 439 491 246 501 459 498 45 151 423 480 141 241 127 557 77 382 237 515 245 268 317
676 543 346 57 498 834 633 243 287 207 707 409 431 533 356 137 444 515 589 244 522 431 588 347 498 405 273 501 282 632 227 401 500 134 547 587 530 303 669 793 320 228 89 551 559 436 296 499 153 183 625 289 720 134 335 191 406 581 320 219 690 353 735 327 166 542 606 577 507 312 563 491 0 457 396 525 108 186 473 415 621 557 631 663 311 227 445 449 604 533 94 738 419 600 371 529 33 630 168 306 428 486 177 497 313 279 402 269 447 582 416 503 170 393 404 256 637 581 194 263 301 488 414 516 479 339 404 186 679 415 185 566 495 230 166 390 432 437 702 491 525 244 362 528 468 324 221 334 543 515 580
186 238 310 480 51 285 283 372 234 307 187 343 77 99 392 373 329 237 277 312 174 471 203 140 304 206 335 347 258 121 223 10 120 272 237 241 188 173 214 231 207 378 451 165 184 142 206 12 402 262 324 267 264 267 181 309 74 143 172 416 136 281 267 262 279 197 216 189 214 216 73 261 506 0 286 18 356 358 241 181 214 79 213 313 242 267 142 331 196 77 386 199 327 227 134 173 473 129 296 294 217 40 293 134 241 163 71 330 261 298 101 254 304 48 137 319 286 276 355 370 343 235 163 323 143 129 183 271 192 75 360 176 46 395 307 411 266 120 138 139 286 309 157 246 272 230 254 234 66 59 114
489 456 136 499 281 462 482 222 95 408 379 97 357 364 142 329 62 399 71 222 390 178 359 176 502 43 373 598 424 247 279 270 180 265 523 93 391 126 423 476 115 224 420 393 408 88 137 246 337 272 482 415 452 316 168 307 309 285 303 270 235 152 370 106 290 419 431 156 509 79 388 497 439 256 0 289 287 448 428 111 489 293 466 673 359 390 374 98 545 301 380 314 572 366 183 373 347 299 241 152 449 268 348 342 124 131 280 178 64 479 226 413 288 250 101 189 550 488 490 157 112 496 93 64 100 280 83 465 361 270 262 304 253 273 345 163 382 311 293 99 517 410 327 69 515 176 328 84 323 277 294
185 271 334 457 81 236 236 385 220 292 203 321 65 101 410 350 326 207 270 230 152 409 229 130 277 217 301 325 282 135 249 23 128 291 232 230 162 171 235 269 272 323 400 204 162 152 199 16 393 231 246 207 297 270 184 282 69 180 132 394 172 332 287 276 301 161 264 196 209 207 91 262 442 17 254 0 416 335 188 182 177 105 245 297 246 238 143 378 188 92 335 242 308 197 100 145 439 150 352 324 240 54 249 129 254 150 50 374 286 255 79 251 313 31 136 295 222 240 305 330 309 213 202 346 158 111 147 317 195 77 368 225 36 332 386 347 237 97 145 184 264 345 100 221 224 210 256 223 58 72 155
604 471 239 111 403 584 589 126 236 189 461 279 480 424 234 119 326 444 433 115 481 438 593 284 520 333 271 503 257 423 176 412 474 66 452 461 384 282 553 533 249 149 113 557 487 293 180 436 29 89 474 247 553 59 201 97 358 512 257 112 518 228 598 245 94 476 604 485 378 259 372 465 131 372 323 312 0 136 330 225 617 408 714 511 274 222 349 365 544 497 55 540 355 549 292 398 96 520 86 154 466 427 94 432 193 202 412 193 389 498 275 399 87 361 317 133 487 458 190 206 213 463 318 353 398 353 305 200 488 351 67 519 378 88 24 222 374 395 487 373 585 265 381 421 433 176 194 245 363 395 537
424 327 418 105 352 551 400 255 292 69 490 367 377 363 367 54 482 321 479 160 412 428 481 274 339 389 149 412 93 378 76 319 468 95 307 398 294 282 556 479 270 274 95 385 348 319 211 291 171 190 351 87 499 129 277 133 239 479 150 280 411 284 613 341 140 329 413 415 283 272 325 250 177 373 330 278 140 0 254 314 488 418 541 443 152 52 255 391 454 443 125 535 232 457 253 298 147 404 213 253 271 318 60 312 286 207 287 385 395 363 267 335 141 291 347 275 341 328 52 283 298 359 333 402 416 250 360 51 435 254 183 497 351 268 146 344 272 286 538 392 381 78 250 421 308 215 74 324 393 366 380
326 79 474 383 322 367 165 447 348 164 368 536 175 147 565 245 586 103 487 311 287 560 358 265 128 456 117 199 133 345 185 274 312 331 93 500 78 337 267 463 417 469 340 221 126 303 345 208 372 345 142 138 384 330 314 302 138 307 156 512 351 469 359 484 274 142 141 394 56 385 208 50 479 238 438 211 352 233 0 276 253 258 384 178 72 188 74 486 189 256 359 457 40 357 259 93 433 289 339 394 29 216 266 162 312 297 183 513 448 109 201 68 304 242 372 451 186 132 213 460 407 107 340 484 427 142 358 166 304 129 405 345 192 352 406 530 4 119 318 388 208 184 121 486 114 290 175 363 191 244 310
381 316 236 383 174 450 483 214 52 209 304 221 220 272 184 288 205 295 232 170 263 300 331 44 378 101 343 470 233 236 170 141 189 197 451 173 331 7 422 456 70 177 361 298 266 29 84 189 260 136 463 274 358 188 29 160 222 317 125 273 285 154 353 119 153 304 355 184 369 72 251 428 332 163 122 143 256 238 324 0 343 280 344 513 289 311 280 222 344 209 308 353 388 381 56 323 311 238 173 125 294 225 206 234 78 30 197 229 175 427 95 406 199 162 90 142 436 362 362 150 167 291 51 204 111 220 76 306 291 178 208 262 221 215 250 227 319 214 311 90 420 295 258 158 360 96 172 119 258 261 264
8 287 569 571 186 116 228 645 366 483 82 556 134 146 606 496 492 233 393 548 68 611 65 344 240 345 419 343 386 204 442 184 229 522 272 397 237 341 8 158 485 475 599 63 158 315 416 195 616 532 226 382 174 534 362 425 198 110 382 587 187 607 111 493 406 146 164 333 222 449 118 242 724 174 479 233 595 511 294 345 0 118 89 320 343 411 239 524 119 95 631 151 273 97 362 236 685 102 497 551 310 142 436 147 383 360 204 594 507 256 263 236 569 204 337 502 196 198 535 459 461 190 414 442 297 212 302 440 82 228 521 261 167 572 588 540 281 168 178 331 166 407 218 463 215 466 432 509 165 119 185
122 250 425 502 100 182 204 458 310 367 88 390 56 84 468 461 366 178 326 368 82 431 120 210 220 330 353 320 274 139 282 82 185 468 268 281 152 217 120 175 310 463 486 90 142 264 374 75 427 419 210 350 223 413 257 323 102 87 222 535 139 401 168 443 355 106 186 251 196 348 31 230 590 105 339 109 400 370 239 246 110 0 179 358 283 364 159 441 147 2 428 169 278 139 235 174 490 95 396 461 237 56 359 93 271 235 72 424 354 187 202 186 349 119 216 398 187 172 356 361 463 155 264 380 198 131 214 402 123 127 359 200 66 499 438 444 263 120 143 239 200 401 142 291 164 284 267 402 30 30 142
72 343 493 599 211 42 350 553 484 403 78 608 224 211 525 489 510 303 448 469 82 576 59 359 324 377 458 415 492 181 559 220 238 628 360 339 252 443 82 65 494 559 630 130 300 400 413 253 675 559 284 406 81 524 412 531 309 109 391 682 171 602 43 500 561 204 216 290 390 411 190 390 635 262 447 275 691 569 422 383 87 155 0 387 435 445 315 521 188 181 658 122 360 65 302 271 744 109 672 584 391 196 514 205 525 444 270 633 412 312 324 335 556 242 376 507 238 314 611 480 451 276 443 483 382 362 420 555 49 298 607 174 235 511 538 651 348 255 131 296 253 492 297 426 257 412 486 495 202 223 157
309 114 773 470 465 495 66 559 516 310 418 589 318 231 758 455 574 139 693 500 365 775 332 457 91 613 287 7 323 518 441 357 531 432 101 538 180 455 262 477 592 562 447 238 195 439 623 391 518 458 76 341 529 525 529 447 295 449 418 615 486 593 379 630 470 181 140 574 132 627 260 122 648 363 505 313 608 439 192 515 344 337 408 0 308 385 183 705 193 325 449 509 164 412 429 202 472 394 650 509 152 307 520 203 633 409 313 626 728 102 376 150 466 305 440 557 121 110 428 632 679 137 518 639 517 258 509 380 327 322 566 452 337 548 499 732 159 217 382 565 125 337 253 563 143 547 369 645 313 335 505
339 180 389 239 261 445 263 339 302 94 396 438 216 221 457 183 490 208 543 281 351 450 341 223 261 341 52 251 54 316 147 232 293 222 156 383 125 262 297 428 328 400 284 245 158 329 328 206 300 248 214 54 426 210 284 195 132 410 108 420 413 393 421 391 209 185 209 466 124 367 211 145 317 215 398 181 317 146 73 280 379 245 428 288 0 86 115 456 304 299 296 407 106 470 192 131 334 375 334 299 101 259 194 168 292 271 177 386 475 195 161 141 267 200 342 299 275 203 143 408 360 219 309 430 381 103 357 112 361 147 311 420 204 358 302 476 96 175 409 341 307 90 117 352 182 257 121 396 234 252 413
385 302 378 176 385 629 305 279 329 27 381 462 300 303 390 99 518 287 457 200 401 540 399 257 387 383 79 361 46 418 78 347 390 130 271 449 273 261 497 579 281 342 142 440 232 274 238 302 190 209 305 52 487 156 277 155 234 462 120 306 417 336 463 388 143 263 340 402 232 332 309 218 232 262 346 260 217 53 201 231 374 330 547 303 86 0 200 445 406 364 150 539 194 465 203 227 209 363 245 335 214 343 108 316 336 232 304 437 458 326 186 222 221 243 372 268 363 365 62 295 306 301 285 394 374 214 371 11 515 201 263 482 271 294 189 411 182 241 425 376 348 31 190 442 279 245 70 337 294 372 428
228 111 482 332 211 390 141 450 366 177 304 480 104 85 532 323 528 96 518 327 251 626 248 202 167 404 167 188 157 321 191 149 266 343 111 372 41 241 227 334 307 368 403 205 65 284 320 158 357 309 128 186 373 302 285 261 93 267 164 372 295 469 315 429 330 107 141 389 77 297 139 115 448 182 339 136 394 267 67 256 198 166 276 197 103 204 0 492 189 178 313 350 108 359 182 28 454 292 363 435 75 160 246 74 317 259 107 514 488 128 147 83 275 123 257 335 174 116 258 360 462 101 331 496 336 73 343 225 264 76 329 383 157 350 359 501 68 57 307 339 156 228 41 345 110 322 172 398 176 145 276
492 563 98 399 378 588 677 219 171 461 448 9 448 509 76 408 57 631 101 233 462 76 551 264 547 114 427 745 496 362 406 364 302 372 610 155 560 185 599 534 139 212 502 511 461 202 182 353 295 275 656 446 516 305 217 314 440 466 342 241 318 144 594 107 330 506 585 254 599 106 408 617 388 372 99 378 284 412 575 224 447 421 506 700 473 447 541 0 553 471 327 375 634 422 294 445 354 387 281 196 609 383 397 466 149 247 385 138 137 654 360 587 288 372 191 196 541 494 530 134 88 559 173 30 168 450 202 411 424 393 244 339 406 235 298 104 552 413 353 193 572 485 430 164 488 198 313 101 394 418 412
107 144 658 476 264 194 108 643 393 330 182 565 132 120 611 507 578 117 559 551 166 710 155 351 103 404 359 197 375 333 324 238 321 443 141 482 158 364 101 256 520 550 541 57 121 331 431 189 529 458 145 323 284 467 442 508 166 209 259 508 308 497 258 567 486 61 67 465 162 514 140 177 566 239 416 234 580 383 209 334 97 171 219 193 252 362 198 598 0 159 455 312 225 210 334 158 593 187 587 504 162 219 389 104 526 397 196 559 500 133 263 123 553 228 370 536 69 90 464 511 574 87 386 496 409 244 453 444 176 186 590 314 172 537 520 608 197 147 301 320 52 324 218 499 125 417 325 489 158 179 275
91 260 497 415 101 176 234 463 327 307 90 441 44 70 440 347 429 159 380 334 83 482 97 184 202 338 372 306 347 145 340 71 135 343 276 322 185 219 126 188 338 371 469 89 138 249 366 77 485 365 238 314 202 375 240 326 106 116 259 430 122 369 165 323 369 135 189 277 232 315 27 280 548 90 301 82 414 364 257 254 131 2 155 278 222 394 140 421 132 0 426 179 277 154 200 141 491 78 471 382 195 55 357 88 305 309 88 397 342 196 161 229 369 121 233 395 188 184 453 445 452 179 260 377 263 154 267 323 108 121 396 183 47 466 489 456 213 121 119 253 194 383 176 268 169 310 329 331 28 33 141
570 453 321 85 425 738 511 186 263 192 536 396 450 352 355 54 442 386 362 142 523 492 537 232 536 312 228 514 209 530 134 341 477 46 423 456 421 247 498 693 249 200 74 433 421 334 184 355 77 120 539 249 620 67 206 90 361 561 249 171 529 250 696 318 103 434 480 382 358 289 408 434 95 393 396 372 51 131 387 297 517 427 537 543 227 172 402 417 503 375 0 642 382 618 274 400 60 449 105 200 368 452 64 416 281 262 345 274 481 416 280 451 86 301 300 191 484 513 160 211 302 432 320 319 321 275 284 174 584 340 112 525 330 132 64 274 362 406 543 412 457 180 365 381 369 183 166 247 436 440 500
161 433 556 745 186 81 452 592 424 457 95 478 202 218 507 539 391 340 317 462 100 561 90 340 328 307 462 399 476 132 487 225 183 459 404 322 297 395 164 65 347 581 552 182 298 340 492 193 593 554 371 486 51 520 339 496 241 63 401 631 101 492 90 485 541 288 330 231 342 391 192 437 613 248 302 249 577 587 460 289 176 173 121 460 406 442 350 475 244 182 499 0 454 47 372 336 605 96 538 428 464 210 581 264 386 374 221 456 379 329 348 357 489 237 225 509 376 333 586 458 402 289 287 375 239 278 273 466 94 309 560 84 240 630 563 423 416 236 59 264 359 473 309 302 382 413 493 461 197 179 85
364 58 472 359 366 499 159 443 372 179 364 651 230 206 522 353 473 112 529 354 301 690 385 298 150 489 108 154 188 356 269 293 426 385 69 533 102 406 306 499 471 401 360 252 162 369 339 318 445 393 98 138 474 391 346 349 226 326 240 474 388 538 405 521 346 187 187 464 60 412 236 41 438 247 548 286 386 286 47 402 303 244 443 128 102 175 135 600 249 250 321 413 0 382 309 130 458 408 375 408 50 283 323 178 424 367 224 625 472 121 299 82 328 295 477 438 171 132 271 535 550 143 461 473 447 193 427 204 338 200 409 461 228 393 403 590 49 203 455 443 178 177 136 552 103 362 198 445 254 271 461
120 405 622 709 177 60 293 581 390 523 44 437 192 239 590 518 360 309 385 533 77 518 45 336 361 352 456 427 511 146 450 181 166 453 365 292 363 399 112 46 425 570 533 169 232 282 387 225 557 462 364 528 40 523 392 530 270 67 324 574 96 436 65 515 424 264 285 276 403 445 159 374 778 177 430 186 533 459 356 368 118 155 74 472 400 537 358 553 203 151 497 56 393 0 287 338 719 76 615 553 384 158 537 240 446 331 202 475 308 304 313 284 451 282 252 426 316 264 536 604 485 250 413 431 256 265 298 458 36 251 607 150 205 470 488 573 401 212 101 295 255 552 275 335 363 451 398 506 154 174 103
362 344 249 311 138 377 312 249 124 198 254 266 192 170 277 239 248 296 260 147 240 349 323 11 315 135 299 451 227 239 155 112 178 230 314 224 283 60 303 325 150 241 317 252 221 68 122 122 250 162 324 204 415 176 55 149 150 266 88 238 226 241 402 217 171 252 353 239 263 156 178 335 344 123 200 126 244 218 249 55 310 199 389 368 239 231 187 283 284 221 225 279 354 289 0 225 315 290 216 205 266 157 245 211 132 51 133 298 268 298 51 309 154 95 134 184 378 370 304 255 225 299 114 241 123 131 92 243 260 137 181 283 142 223 246 266 277 159 271 116 316 285 143 183 313 85 162 161 180 161 226
192 81 541 408 229 369 129 403 369 243 270 466 126 70 580 309 475 65 504 289 255 525 260 251 108 392 163 170 190 274 214 195 254 300 110 450 29 241 223 370 359 463 381 166 29 275 311 144 426 354 132 196 325 367 331 299 100 248 180 432 255 440 370 377 319 81 129 344 69 403 121 82 463 156 452 136 392 316 88 279 204 156 274 178 157 243 26 414 125 183 337 363 114 250 199 0 468 258 414 366 62 158 303 65 355 332 115 413 393 106 196 78 307 166 283 354 116 89 305 506 431 62 363 530 369 105 308 261 267 114 374 363 124 360 403 451 76 53 297 345 137 276 72 395 85 350 229 341 138 169 256
666 462 286 43 417 768 566 183 315 214 594 420 480 420 350 102 435 474 561 206 617 470 660 358 510 397 246 618 268 528 153 415 566 97 499 470 384 296 702 710 272 236 60 655 533 366 264 390 118 186 572 219 768 138 340 171 452 666 262 163 497 311 655 368 135 497 565 517 466 377 511 419 29 452 428 479 89 158 335 275 660 452 635 520 266 210 379 387 584 474 68 620 365 704 354 382 0 515 166 264 467 525 104 404 291 344 447 284 535 482 297 529 143 430 444 252 526 449 154 288 278 560 297 418 452 312 397 195 536 334 143 655 419 177 130 375 395 406 628 371 563 226 411 511 457 232 227 354 492 502 507
112 336 467 504 109 126 291 417 380 373 31 448 121 139 548 393 395 299 294 447 36 467 48 288 301 262 408 356 331 95 378 125 123 499 332 266 269 305 124 133 407 538 600 140 187 268 318 124 555 369 274 343 100 400 294 395 218 21 252 505 77 489 123 407 472 187 243 198 326 340 116 298 527 121 281 173 548 533 356 281 96 97 100 386 348 369 213 389 185 80 432 80 315 64 235 228 548 0 468 476 360 103 423 193 360 324 158 447 280 314 273 297 382 182 236 479 304 290 563 524 409 255 351 448 250 269 300 444 63 183 409 100 114 447 538 408 329 201 72 234 223 441 278 250 279 394 361 404 115 102 61
571 425 170 217 372 508 480 66 140 271 509 218 357 339 185 157 283 437 343 60 458 339 590 233 455 220 284 494 303 479 197 340 346 97 514 368 361 178 587 539 147 71 188 433 417 213 131 358 52 53 506 239 673 61 157 92 283 498 184 70 370 133 526 176 98 467 489 401 404 184 402 420 166 285 270 276 83 173 354 185 524 393 601 521 304 233 375 229 489 470 128 571 360 607 251 400 182 502 0 74 405 381 132 356 146 147 320 119 318 488 255 428 51 256 239 62 593 429 248 107 181 511 176 249 317 355 262 259 522 264 4 450 335 30 41 205 352 323 477 284 519 316 332 270 526 106 187 175 457 455 480
558 412 81 270 337 573 613 73 86 311 434 179 394 357 99 204 182 498 269 102 464 234 509 156 521 138 371 677 292 395 206 301 318 176 512 236 392 158 575 456 76 34 253 552 396 141 59 275 129 91 472 267 510 134 132 158 290 461 224 120 370 65 492 74 118 415 598 265 480 99 370 488 276 296 188 337 167 287 382 151 428 395 593 539 365 307 352 166 455 425 169 519 449 484 187 438 271 382 100 0 486 290 201 357 75 123 374 91 231 593 212 469 96 250 253 21 487 423 269 39 72 419 124 161 232 268 213 254 427 284 82 402 333 78 115 113 478 370 408 183 597 325 364 198 551 103 240 75 376 421 441
312 51 484 388 293 433 130 446 376 205 349 539 202 146 568 283 554 74 499 343 313 599 346 319 121 390 154 136 143 388 218 265 397 354 66 541 53 283 239 372 445 376 326 179 88 315 413 202 417 374 92 157 454 405 367 333 177 352 205 397 403 482 342 415 339 123 133 376 21 475 204 33 463 209 490 220 372 290 30 364 252 255 337 142 126 242 59 477 178 231 389 393 54 424 315 69 348 303 416 373 0 225 302 114 441 342 161 493 489 92 191 48 331 205 345 428 120 101 279 471 400 109 393 504 350 132 323 229 287 164 450 400 204 484 441 464 20 131 321 413 146 185 100 400 91 359 202 427 232 203 293
183 263 394 418 51 222 312 421 277 297 140 311 51 71 372 306 404 237 301 311 128 491 153 183 283 268 345 351 312 121 271 32 145 308 218 282 203 226 187 190 268 415 498 131 180 228 295 27 441 280 312 322 218 294 188 274 102 109 180 392 155 428 208 314 308 125 234 203 258 232 49 302 558 34 323 49 467 322 236 174 184 50 177 391 226 356 142 378 202 43 459 210 247 186 146 136 535 94 401 384 239 0 359 108 250 239 47 480 282 272 150 262 282 73 185 394 205 234 330 342 396 182 214 360 178 141 168 310 161 104 425 190 21 358 384 420 262 108 133 215 197 344 162 281 207 224 288 276 26 22 107
499 407 311 124 332 509 465 172 196 109 422 396 369 300 354 26 425 345 405 124 488 422 428 232 469 328 195 459 156 414 61 364 361 50 427 353 310 228 417 554 257 182 104 469 356 284 216 341 120 114 425 156 504 60 226 72 264 422 164 169 489 215 510 284 57 353 369 430 384 269 342 308 131 300 340 310 117 70 289 222 494 448 493 473 184 112 300 348 509 424 72 494 266 570 247 296 102 388 127 201 267 329 0 317 216 228 312 229 373 344 227 382 102 287 303 157 485 372 101 209 238 400 246 321 368 242 323 88 463 296 114 430 275 185 90 315 264 356 469 349 497 156 278 421 378 132 100 262 356 395 391
159 133 404 482 141 279 158 420 277 267 170 484 51 23 475 291 441 102 421 354 150 555 175 239 137 331 275 222 271 237 233 117 251 410 174 381 77 292 157 238 282 360 367 120 45 241 356 105 353 326 156 248 253 381 260 293 73 170 175 410 219 451 263 439 315 54 127 336 128 388 64 175 518 142 411 122 444 349 156 301 171 84 216 253 190 288 90 484 104 77 361 286 174 209 191 75 496 196 392 453 153 87 282 0 344 291 55 416 457 152 170 115 372 120 309 454 150 144 310 499 478 75 343 417 245 97 313 273 206 93 422 270 93 357 365 503 155 22 264 268 126 294 85 363 123 338 212 316 79 70 244
456 429 155 281 243 516 473 148 9 282 327 144 289 319 153 209 153 369 162 136 372 223 360 114 432 93 413 563 330 285 231 275 188 189 456 209 323 62 423 425 7 99 272 460 382 76 44 273 197 150 425 350 419 160 60 149 248 342 173 210 300 104 419 68 166 367 453 209 447 35 312 423 302 222 96 235 257 244 390 60 434 323 439 522 329 300 276 175 475 297 252 331 365 443 105 364 273 356 171 85 433 262 209 353 0 74 258 167 186 427 166 350 156 179 129 84 522 489 353 113 73 418 57 141 121 230 98 258 372 227 132 282 281 142 203 110 354 292 305 129 450 383 254 148 439 65 227 41 251 285 324
367 393 172 340 172 486 479 194 57 251 359 234 259 213 205 236 181 389 195 140 366 330 321 47 422 117 335 494 265 210 188 156 185 170 380 175 362 19 427 455 74 163 245 302 310 53 71 169 181 139 379 266 450 164 2 152 182 325 145 222 296 162 414 141 153 367 371 202 341 100 262 373 357 171 136 189 250 281 304 28 352 311 346 506 237 273 244 245 415 253 246 368 347 310 51 253 310 355 143 130 274 218 194 270 71 0 210 213 192 359 111 376 124 144 116 124 469 431 337 158 171 376 73 204 114 212 84 258 371 169 182 310 234 155 225 166 317 272 344 121 416 273 203 156 370 60 169 118 210 217 231
181 178 353 373 103 266 209 358 236 268 167 451 29 33 480 283 375 169 304 273 164 489 200 151 215 290 237 297 222 196 276 77 187 284 241 342 127 192 174 288 298 363 455 149 125 239 277 47 379 305 229 224 257 352 189 258 32 192 153 407 186 384 309 372 294 111 169 299 167 244 52 195 433 59 348 58 346 321 174 232 207 85 249 277 171 230 91 369 194 82 318 214 246 210 151 125 472 160 300 308 184 55 347 56 258 241 0 459 337 197 111 195 268 55 241 369 176 166 382 430 371 150 253 434 239 87 206 254 200 52 363 226 28 378 325 427 183 52 194 249 198 248 80 350 148 260 221 296 43 52 168
559 500 33 304 363 617 525 71 169 389 511 135 435 502 66 328 167 583 226 175 477 179 485 269 594 184 442 602 403 446 284 359 385 202 549 293 441 229 647 548 135 72 350 566 441 259 134 420 200 174 525 355 563 183 186 203 400 436 343 131 410 48 636 112 200 626 608 300 600 163 435 550 332 426 210 338 233 376 495 245 658 511 573 790 399 360 423 147 542 511 225 472 494 504 307 455 274 461 142 90 523 473 269 528 160 231 417 0 232 507 331 590 174 322 247 106 586 524 342 48 72 469 217 154 259 422 267 391 594 386 116 442 419 111 168 64 512 449 491 263 693 355 469 290 528 161 298 118 467 479 481
429 453 233 479 217 405 626 338 201 474 330 134 339 423 176 462 60 504 15 293 402 164 340 208 519 107 580 594 489 254 395 255 216 417 612 43 462 206 491 459 167 256 486 490 430 164 216 315 380 313 482 396 385 340 207 320 340 347 363 299 242 233 405 146 374 408 489 115 513 152 357 540 472 253 79 280 443 486 495 162 419 371 458 703 451 529 475 136 446 330 384 307 589 311 235 383 489 366 327 248 479 268 399 413 154 201 307 286 0 634 291 500 355 308 121 231 491 526 582 211 166 482 139 84 124 402 150 406 377 328 363 211 299 365 340 205 413 411 312 128 528 576 325 47 470 242 331 142 368 339 289
211 51 573 435 283 363 29 625 378 301 286 563 180 197 580 378 628 39 618 382 250 611 280 375 27 405 230 76 276 327 327 311 408 429 41 588 66 397 186 358 492 534 402 180 99 362 439 240 563 383 19 221 436 480 368 349 206 351 240 524 360 646 367 610 373 99 72 449 82 412 239 87 534 312 478 287 454 315 142 431 244 203 285 102 204 332 127 618 133 222 414 320 102 305 314 105 576 316 417 584 100 257 401 138 480 368 237 584 608 0 269 53 486 217 464 490 62 35 320 594 494 60 434 619 466 209 492 283 274 241 434 448 203 595 546 530 120 154 306 374 79 308 175 490 30 345 325 430 214 248 378
322 246 318 335 140 408 356 312 166 205 272 277 158 160 316 209 343 207 251 214 268 343 324 61 255 175 254 415 164 200 147 117 193 208 235 265 227 91 324 346 193 297 357 219 179 121 158 98 286 172 293 214 361 193 119 177 85 275 68 332 199 267 376 240 172 252 280 222 259 184 151 292 330 79 208 79 263 226 219 107 264 163 352 406 150 218 169 266 320 147 282 342 288 271 51 151 317 256 244 258 223 113 244 163 194 95 130 329 237 309 0 206 231 51 145 251 253 276 297 251 218 214 159 244 157 80 151 250 312 76 261 221 103 259 284 254 207 165 238 181 286 245 113 214 263 120 128 220 167 159 215
220 28 614 386 319 328 74 451 389 269 279 572 157 170 560 298 614 38 497 350 233 651 328 298 73 450 186 120 178 400 313 273 315 323 38 408 33 308 272 330 473 531 473 194 60 378 444 206 477 366 66 224 343 334 357 385 181 271 236 477 373 513 323 540 371 104 93 483 27 506 166 39 437 240 488 193 404 331 70 408 247 208 357 129 165 262 86 542 166 179 480 355 81 371 306 70 418 258 390 463 47 231 333 138 427 383 150 472 452 49 277 0 342 200 345 411 89 70 285 476 457 60 377 578 434 166 358 282 342 191 408 341 200 553 449 488 68 109 300 453 111 266 141 420 32 318 305 491 173 194 380
475 406 230 199 360 488 429 100 142 215 465 253 290 349 223 130 247 409 374 23 451 379 550 163 477 268 292 502 222 409 143 285 361 52 386 319 400 189 475 465 154 110 176 427 424 187 109 331 67 16 440 255 570 44 151 48 245 472 144 98 350 183 607 163 36 391 437 308 428 177 383 369 214 345 281 273 76 159 307 194 535 413 462 571 254 212 317 261 495 432 82 428 349 588 158 315 174 367 47 117 404 371 94 339 168 140 295 181 376 518 208 385 0 247 264 82 451 472 182 131 193 445 182 249 244 258 233 211 568 292 40 456 382 76 47 214 303 313 430 277 446 192 326 339 480 74 157 154 382 391 443
212 264 324 333 97 344 246 356 183 207 234 356 76 114 311 326 326 187 326 237 198 444 259 87 293 227 211 358 214 161 201 49 132 324 239 245 197 159 206 291 204 289 330 220 151 146 201 43 293 205 288 194 249 299 129 214 50 190 106 367 162 350 326 324 206 200 232 213 235 208 123 283 474 51 271 30 290 250 194 152 211 105 320 299 214 232 148 282 237 136 345 303 249 256 81 176 423 164 343 281 188 80 306 116 215 170 60 309 297 261 49 217 237 0 149 280 272 203 342 339 261 221 198 336 177 88 159 295 224 53 298 230 74 331 320 320 227 101 185 165 272 268 109 209 227 215 202 233 100 85 153
334 433 252 393 119 332 454 276 124 338 248 225 187 273 280 330 154 400 122 267 239 281 311 120 410 85 399 533 303 124 240 124 75 329 482 104 359 113 329 359 122 270 373 356 343 58 163 176 382 289 485 358 340 266 112 308 184 224 202 293 162 215 393 171 288 304 426 81 351 126 250 408 489 146 97 177 291 368 378 82 344 190 339 455 383 381 345 214 416 186 323 255 407 249 101 350 448 226 294 253 313 199 304 301 149 126 240 320 139 379 129 424 303 138 0 236 474 443 432 251 172 364 91 156 6 258 29 352 240 189 273 197 208 255 276 272 337 282 207 12 416 373 251 101 422 155 318 171 228 185 203
497 436 101 277 342 526 524 55 95 288 514 190 413 431 126 183 242 399 304 76 460 299 528 159 559 164 389 609 275 386 201 348 290 152 534 253 355 144 479 577 92 28 236 496 425 181 79 283 100 79 583 316 474 124 156 103 352 507 236 74 467 70 587 94 122 516 491 288 480 126 440 383 232 294 176 259 137 208 412 149 542 356 608 669 357 281 430 216 539 451 188 539 451 470 184 398 188 492 65 23 379 370 195 450 95 138 299 97 248 454 219 431 84 285 248 0 560 571 253 66 104 485 168 183 271 303 186 300 476 324 48 362 308 58 115 117 378 414 375 228 475 309 297 244 452 82 203 111 359 310 350
189 109 555 460 251 265 57 480 400 328 248 659 167 150 516 457 538 74 635 445 238 653 268 390 38 441 320 120 355 379 419 244 344 478 102 415 120 382 168 363 522 519 580 128 82 455 430 252 573 475 84 286 282 536 444 399 173 306 352 571 311 563 337 536 406 88 12 430 109 484 188 136 660 271 530 218 526 422 148 353 179 220 256 115 246 346 161 688 77 174 573 392 157 336 339 106 587 288 463 479 156 256 486 123 532 378 179 667 453 65 281 80 552 278 426 515 0 36 408 588 513 66 463 556 468 193 413 379 221 188 555 436 222 483 554 499 162 175 304 389 19 299 199 507 53 452 402 512 187 190 276
194 85 606 422 297 286 49 594 445 309 293 516 186 140 689 409 468 35 481 382 202 733 254 312 28 520 227 118 295 362 384 284 399 470 63 513 87 362 184 317 475 535 506 142 72 418 417 203 485 406 47 240 381 413 430 434 192 269 260 583 344 617 284 437 380 67 35 433 86 460 168 119 570 251 472 225 445 319 137 432 210 213 288 127 186 344 124 651 96 217 426 382 164 324 375 99 550 285 509 510 118 239 372 106 425 410 208 519 528 27 293 58 395 276 437 530 35 0 323 470 464 43 425 471 466 210 341 285 307 203 574 425 192 563 430 631 139 128 311 439 51 319 164 486 29 446 322 416 214 167 270
536 279 422 140 453 503 331 317 272 95 495 508 327 349 363 88 525 365 464 239 486 611 585 311 321 345 121 394 103 436 122 356 506 144 326 570 292 275 460 533 350 328 94 391 286 355 287 355 233 238 354 112 635 146 259 191 328 536 173 251 517 338 545 361 165 330 421 545 271 374 362 266 210 329 376 308 171 52 198 302 453 375 532 406 153 68 266 484 394 435 140 623 268 561 272 292 180 412 217 265 265 421 130 346 303 309 363 393 422 378 276 314 228 272 342 249 366 418 0 330 354 341 335 446 390 215 374 55 544 287 268 477 322 268 200 369 268 275 442 368 373 56 253 451 288 224 111 381 382 412 559
572 473 48 334 318 635 601 72 111 350 495 153 340 406 68 238 164 514 211 141 513 179 461 210 598 151 482 684 360 334 218 311 272 223 593 281 416 196 458 561 110 47 330 578 532 181 96 355 151 120 494 376 642 188 151 201 341 498 268 107 429 16 503 67 165 415 551 336 493 97 396 570 278 329 140 286 213 347 521 161 541 439 646 740 398 315 439 135 625 417 260 435 462 564 220 480 245 518 97 47 549 365 202 488 120 143 336 42 238 621 265 498 150 349 268 55 482 564 386 0 52 555 146 141 197 331 211 339 557 403 120 392 392 90 178 59 513 444 445 253 537 323 437 220 492 145 261 74 437 413 482
472 586 52 300 287 472 613 108 104 300 503 89 385 446 70 266 121 562 182 142 397 183 426 201 646 121 474 641 417 331 233 361 244 250 585 221 462 151 506 566 70 94 363 432 459 123 97 355 226 144 492 401 442 213 151 203 381 349 274 182 374 41 608 16 216 422 477 271 519 72 381 459 377 333 104 332 244 295 520 171 568 399 504 698 381 400 473 97 606 441 258 502 425 540 215 396 371 378 150 70 471 398 292 465 75 167 309 76 154 559 212 478 188 310 212 95 620 466 418 60 0 411 108 90 223 325 142 362 511 361 171 385 366 137 200 47 515 447 396 223 507 391 368 206 555 152 275 48 429 381 395
198 81 504 529 251 257 90 502 390 296 201 540 128 90 616 326 455 26 566 436 220 567 252 302 78 380 231 139 287 328 281 227 270 472 78 422 60 352 148 274 451 414 417 99 41 398 393 215 513 356 77 251 334 413 299 398 136 224 204 530 320 519 256 410 363 36 42 430 88 443 144 91 468 209 479 169 461 292 142 336 175 174 288 133 228 346 88 514 75 183 406 317 129 289 262 70 496 263 514 540 111 213 422 78 418 360 154 631 410 67 236 64 427 189 302 443 55 42 368 546 427 0 394 434 362 176 332 344 211 135 479 356 161 512 512 601 113 106 308 396 63 269 156 504 34 416 303 452 135 164 269
392 422 152 399 172 436 511 233 56 316 379 157 268 287 155 300 131 353 134 171 300 243 392 107 449 43 350 483 328 247 266 202 176 225 366 141 412 50 351 468 64 176 353 345 351 32 97 236 271 183 490 312 332 249 71 179 258 329 167 250 287 171 479 105 168 330 487 166 406 37 266 475 350 176 84 180 290 270 408 55 330 247 401 524 346 313 269 176 358 316 298 296 448 347 102 285 295 298 202 120 339 257 222 280 46 75 264 175 146 409 176 381 189 205 93 128 475 432 417 150 139 439 0 142 72 209 44 274 411 263 208 263 224 245 261 142 352 258 240 75 402 409 280 104 416 126 235 66 268 241 256
485 502 130 465 269 555 676 199 168 480 474 20 339 444 96 441 30 452 97 263 368 100 467 262 678 90 483 558 392 285 320 355 295 378 559 125 475 213 525 443 158 175 442 503 523 171 165 358 292 260 511 479 489 335 219 271 314 344 333 287 313 124 451 80 257 467 568 175 611 100 405 482 387 266 62 356 289 349 582 190 515 405 448 564 496 468 439 26 604 380 388 472 579 479 275 414 366 334 238 160 568 320 306 414 121 206 348 146 92 554 300 581 236 311 194 219 663 620 408 146 96 474 152 0 165 335 139 386 493 345 284 294 299 260 255 102 526 393 395 165 528 475 366 116 605 200 407 107 391 332 312
345 421 268 470 158 330 433 256 111 359 283 205 197 223 257 353 167 347 129 247 238 290 276 120 463 75 343 478 360 150 305 177 92 314 372 86 355 90 377 352 147 247 457 284 305 79 198 148 295 273 418 358 309 264 121 260 195 237 205 302 162 235 338 168 242 298 339 83 450 100 244 386 460 134 85 153 316 423 330 111 359 225 300 518 341 358 329 201 398 265 318 253 367 240 137 370 419 219 275 223 318 200 278 303 129 124 195 264 108 469 173 415 289 137 6 248 409 350 420 207 173 370 79 156 0 222 32 326 321 246 268 195 206 335 337 234 326 229 232 2 381 334 244 85 406 177 246 163 230 245 202
216 165 407 316 178 352 213 390 254 155 261 351 107 92 475 240 333 145 323 245 206 525 254 128 226 296 146 263 149 228 176 127 220 268 214 296 118 226 222 325 245 328 351 187 136 237 285 125 299 226 219 159 339 222 220 257 41 260 80 320 249 299 302 356 199 170 199 350 162 265 143 177 451 100 357 90 322 263 120 215 227 156 285 254 98 197 77 335 234 139 255 301 155 334 134 91 336 268 271 276 151 131 232 91 262 190 78 358 323 207 101 168 299 81 219 258 191 176 218 394 362 167 209 315 277 0 223 189 274 33 293 275 109 280 315 351 115 70 311 266 229 201 22 290 175 182 144 311 146 126 286
309 398 187 406 148 423 398 246 115 352 297 152 202 218 189 290 150 368 146 235 332 261 281 91 426 47 435 590 333 161 264 141 122 311 445 112 376 83 336 381 93 224 448 294 288 36 144 163 251 214 516 308 389 298 100 242 193 254 230 249 224 201 335 160 204 351 416 135 386 103 212 437 473 147 86 161 337 388 395 67 315 217 403 587 277 370 269 155 365 229 366 305 385 300 114 280 364 250 226 175 410 195 325 284 94 104 190 266 122 490 171 391 240 166 29 234 425 343 389 212 177 373 48 161 35 244 0 295 315 214 243 179 240 271 311 195 416 296 223 33 428 385 297 81 374 140 293 136 243 250 221
374 305 376 148 346 501 298 315 242 36 503 422 257 335 426 101 452 333 416 234 399 564 486 238 292 323 114 401 61 481 90 353 354 154 293 492 257 270 496 544 311 322 116 383 297 312 258 329 200 193 331 69 546 150 238 150 272 422 132 265 486 337 492 336 169 367 393 500 212 361 306 250 249 279 384 316 187 39 212 299 498 381 465 381 101 11 185 425 431 411 138 533 188 441 276 285 193 504 240 316 215 367 121 297 301 272 275 331 436 274 190 258 169 279 395 242 358 282 55 386 396 262 350 403 378 213 364 0 524 217 224 459 265 286 205 389 205 224 426 319 373 35 207 480 340 221 84 312 362 312 459
82 297 570 605 155 73 301 518 352 487 29 427 164 206 493 525 457 235 448 554 35 503 12 296 255 338 483 421 396 144 470 195 197 520 315 357 249 370 76 61 456 593 611 121 248 325 416 199 595 523 316 368 79 574 377 492 221 65 314 517 119 549 60 521 506 205 213 312 364 407 152 336 766 210 414 203 505 459 317 383 85 105 49 331 378 444 267 514 194 103 565 95 362 30 338 239 650 62 556 446 375 140 438 192 425 374 178 600 375 318 304 321 534 276 274 500 213 311 442 512 501 204 349 495 271 313 270 450 0 241 453 157 200 470 641 443 334 230 104 307 242 446 293 380 247 401 356 420 159 156 100
217 203 421 329 152 346 223 400 253 218 189 416 80 66 430 277 407 164 400 292 238 414 212 124 232 257 218 259 201 212 178 89 229 265 198 277 130 192 220 342 255 322 305 164 109 202 287 70 365 295 208 212 327 251 158 229 13 192 97 317 204 316 277 281 276 137 224 326 180 222 87 208 419 84 275 69 367 254 165 180 197 139 289 341 154 185 79 331 215 126 324 259 204 314 112 91 400 185 348 268 145 84 222 74 268 191 55 359 314 200 68 188 269 56 241 258 253 168 257 309 361 176 197 316 189 26 227 230 269 0 323 302 64 351 301 440 158 66 230 247 188 201 42 290 156 217 162 251 97 96 215
540 442 159 171 390 592 483 54 141 205 467 272 330 321 179 137 273 445 298 57 509 346 457 212 476 237 273 617 279 423 178 300 376 88 395 327 428 193 520 576 145 64 165 547 448 239 103 335 62 55 541 262 611 83 153 85 274 407 227 64 454 108 616 170 86 497 432 339 491 157 408 378 195 382 277 270 84 210 330 222 618 353 561 507 304 234 421 258 460 354 132 495 361 512 230 409 184 526 4 81 348 363 158 357 154 167 307 143 338 532 223 446 45 273 232 58 516 499 213 122 137 413 203 214 320 347 241 262 474 347 0 391 349 32 45 151 414 338 481 278 569 301 276 296 418 99 177 129 449 424 415
231 416 397 532 109 198 436 465 273 435 131 399 249 214 364 417 305 403 262 354 173 366 168 306 369 225 420 558 490 42 358 171 100 464 401 182 418 289 255 184 333 434 567 239 371 260 302 171 511 399 424 449 122 432 277 375 280 109 288 577 42 449 197 357 400 260 373 146 470 288 196 436 564 208 287 173 464 423 442 234 250 185 167 487 435 513 312 324 323 204 557 90 493 114 243 346 557 118 456 359 434 155 423 285 362 279 199 443 259 408 302 402 399 259 156 415 408 435 559 378 353 300 285 316 157 329 237 457 137 296 446 0 172 417 416 398 475 302 58 178 312 569 331 240 332 325 383 377 217 193 57
163 267 365 397 73 287 239 381 236 264 128 407 28 60 459 324 379 187 326 328 121 436 174 171 205 226 266 327 297 173 236 35 164 327 245 277 168 219 196 248 294 354 414 164 127 228 298 28 361 363 212 251 264 326 226 306 76 134 197 359 154 328 281 360 335 135 209 232 195 240 41 207 560 46 256 35 381 303 179 173 150 50 199 291 249 327 134 376 197 53 434 178 297 185 164 136 381 140 306 326 191 26 377 73 245 196 33 480 324 200 136 205 314 74 198 327 198 180 404 415 376 160 205 351 222 96 211 287 170 84 362 205 0 370 433 404 238 93 174 196 213 278 102 283 191 252 252 335 27 27 162
600 537 164 234 340 604 466 37 171 249 458 227 404 379 188 187 308 514 296 74 472 274 551 254 548 274 322 641 300 422 193 366 319 105 420 353 385 207 636 635 160 60 212 500 459 257 124 330 62 94 621 297 676 88 191 124 372 466 222 31 416 126 565 160 123 478 457 349 409 188 359 537 225 383 273 350 79 255 464 236 620 384 536 683 367 227 361 226 509 399 118 480 419 643 242 457 200 512 28 82 510 369 182 479 156 199 381 123 309 613 301 452 88 306 332 62 528 492 316 84 128 464 228 237 326 387 272 232 636 362 29 503 427 0 75 143 419 449 507 304 479 309 378 310 453 128 191 139 463 347 480
616 410 242 162 359 591 508 117 225 221 452 263 381 333 269 126 295 513 426 74 525 362 608 219 472 261 292 552 268 441 162 362 413 62 454 375 443 220 636 558 183 98 130 539 486 289 161 421 15 77 575 243 677 53 186 79 347 457 240 78 545 206 548 185 71 531 556 363 395 202 476 395 142 355 260 329 27 153 384 261 530 430 610 506 322 180 320 286 549 502 65 556 391 525 274 386 108 503 53 136 385 454 110 438 210 185 354 166 355 504 282 424 50 270 284 98 440 486 208 152 225 528 216 330 321 327 278 202 543 360 46 424 381 75 0 248 416 421 559 330 532 226 309 342 431 143 201 235 414 460 464
541 644 18 325 349 669 650 121 156 378 573 85 375 490 22 371 155 479 180 196 545 149 581 220 567 169 542 660 351 439 345 320 312 279 556 193 486 165 598 587 141 97 371 536 520 191 159 428 194 229 541 371 605 262 215 232 446 500 344 181 471 47 610 67 267 509 491 255 560 131 389 518 385 358 132 393 265 403 522 214 561 489 668 655 383 367 475 98 613 464 271 486 613 595 252 490 376 484 160 100 554 334 263 507 122 183 418 53 218 606 278 550 188 345 240 134 646 497 346 58 47 488 174 92 207 437 218 389 492 437 198 423 451 146 195 0 485 409 421 236 524 375 386 215 642 209 323 80 468 472 409
329 69 471 378 329 373 166 381 384 186 368 568 183 141 444 282 517 82 454 350 282 592 344 313 167 434 124 181 142 417 200 241 349 323 85 519 61 328 308 405 431 369 329 203 123 375 391 230 419 309 138 139 389 350 295 320 162 281 205 442 314 434 371 396 313 146 176 474 51 333 208 49 360 236 506 200 431 247 5 269 269 267 319 150 78 185 75 506 211 214 342 378 44 315 255 71 355 297 361 361 19 272 297 152 326 279 196 529 420 133 212 66 390 195 374 467 141 131 264 533 500 122 340 471 323 138 396 166 354 143 389 426 198 417 412 447 0 130 323 408 171 193 88 487 109 340 229 413 214 242 361
170 136 426 415 140 275 165 407 302 226 195 371 58 33 422 292 406 104 399 352 166 576 198 206 172 365 223 242 230 223 210 127 197 284 155 378 95 227 162 336 287 400 443 134 69 221 260 95 357 349 191 219 300 310 272 343 57 198 182 408 264 455 302 397 268 84 151 277 146 326 85 145 532 106 302 108 376 277 120 219 159 103 264 271 186 293 65 461 165 110 395 297 180 286 180 49 483 201 338 426 122 108 267 21 343 229 43 453 447 157 122 134 322 93 270 376 167 125 306 370 345 113 314 436 281 66 311 271 202 61 372 294 88 414 337 387 144 0 220 296 176 294 67 378 139 239 242 312 90 86 215
168 342 489 669 116 153 318 427 270 389 85 426 189 177 520 537 326 272 276 474 91 460 94 223 341 277 448 504 387 49 474 151 121 472 321 223 365 290 180 138 369 450 595 188 290 238 407 151 577 438 321 477 122 452 303 459 203 37 332 581 22 360 149 404 420 282 266 158 372 310 143 428 542 155 332 168 459 520 397 312 197 123 135 487 406 400 268 399 223 128 503 62 395 86 288 248 503 58 434 364 367 143 393 233 330 267 172 474 235 301 226 350 385 194 196 439 272 349 565 393 449 279 255 358 195 259 218 392 114 259 530 45 184 493 465 503 366 226 0 176 323 463 310 218 286 387 400 392 145 146 21
318 475 223 388 165 293 405 259 151 316 228 214 206 233 273 383 163 395 127 281 297 230 334 114 434 73 376 545 294 142 263 162 84 289 375 85 341 108 336 337 135 288 459 302 340 65 183 161 299 228 447 401 337 266 122 314 194 235 198 307 147 259 311 178 237 366 445 93 378 135 263 392 487 170 106 162 320 400 411 88 297 237 325 599 344 395 346 210 441 199 359 237 433 295 134 337 498 243 266 197 425 213 311 300 126 133 224 259 101 449 173 418 288 184 10 260 401 408 405 234 163 399 88 152 2 262 28 427 283 188 283 168 223 302 270 194 330 249 205 0 462 373 233 93 351 171 261 163 186 225 168
183 134 546 614 317 274 85 675 478 391 262 589 213 180 582 416 565 75 630 515 176 666 252 387 54 416 250 131 351 346 397 231 306 560 136 495 132 359 130 316 453 599 532 117 109 478 537 221 547 504 105 327 311 549 453 465 220 304 291 697 280 555 315 586 467 84 19 519 144 435 172 136 649 292 583 290 637 418 203 445 163 164 274 135 284 318 159 582 54 166 558 345 172 236 308 136 605 280 523 453 177 228 527 155 441 357 180 595 585 68 308 111 508 250 470 529 23 50 413 605 487 78 476 639 473 259 403 361 223 236 456 365 244 558 612 618 204 142 292 458 0 365 182 527 90 465 317 515 219 182 345
520 272 476 197 395 646 337 351 316 50 440 417 304 260 422 144 569 324 501 276 440 623 523 275 350 447 63 336 57 430 117 372 369 214 236 559 266 348 434 608 371 292 151 352 276 349 264 281 277 257 290 60 568 193 313 183 269 481 193 316 478 351 594 398 170 278 323 493 268 317 390 220 245 326 389 350 209 76 192 269 479 348 460 349 104 28 193 536 430 412 208 584 170 587 252 209 212 409 239 295 240 300 139 264 373 308 326 435 496 299 243 289 217 274 437 349 373 310 44 339 390 340 364 423 329 188 410 39 517 203 246 565 336 290 205 459 214 254 453 426 363 0 216 393 294 241 109 381 318 301 498
234 155 467 306 209 356 222 422 256 156 294 399 121 88 491 281 367 129 445 284 232 524 267 165 177 307 139 222 146 258 156 167 273 321 165 387 100 249 255 371 316 378 304 191 87 218 235 140 326 233 179 159 366 245 249 259 53 246 120 368 270 410 388 369 283 148 155 301 112 320 113 147 385 128 380 132 394 206 119 245 235 167 315 229 90 200 50 406 207 163 319 352 168 260 177 71 318 278 369 303 103 164 259 85 327 231 99 357 341 199 127 120 281 103 248 282 165 171 242 388 424 139 271 353 236 25 248 214 238 57 353 364 107 382 353 348 112 59 282 285 194 179 0 351 130 274 151 372 130 154 252
334 475 197 464 189 395 590 276 194 434 290 137 326 301 253 420 89 457 56 241 346 210 339 178 538 86 535 605 441 224 394 259 139 379 543 22 482 170 450 334 167 290 425 352 442 140 176 230 341 278 552 486 408 334 209 275 271 320 270 303 250 228 368 143 342 436 477 73 427 127 326 430 549 268 73 215 358 402 526 185 451 277 451 542 424 396 353 155 405 322 447 257 531 370 227 380 523 262 313 196 401 283 430 399 176 188 285 296 37 435 263 402 287 208 90 258 452 526 420 271 207 393 128 134 70 278 102 461 365 287 270 242 238 324 389 234 412 383 222 68 512 449 401 0 413 206 416 176 281 269 258
188 57 562 488 238 323 53 508 407 280 230 614 162 140 611 372 469 10 448 365 262 658 286 268 45 457 228 115 279 318 278 208 397 442 53 405 49 334 196 317 366 520 473 146 61 394 475 187 497 354 58 246 322 427 344 323 177 273 254 490 371 487 365 418 444 84 53 487 56 417 160 72 477 266 499 219 541 321 126 404 214 173 297 125 184 308 91 651 103 223 501 364 116 263 308 72 470 264 451 432 88 203 328 94 472 305 145 556 554 38 271 35 474 237 403 402 57 27 388 510 502 35 377 626 333 147 392 335 272 181 481 392 196 543 471 468 117 100 364 363 81 316 151 436 0 425 316 485 207 199 326
467 362 164 279 233 511 461 164 80 196 415 212 297 304 189 159 263 393 303 63 331 262 372 77 487 164 247 474 196 340 153 264 254 117 338 274 330 64 490 445 78 129 239 424 367 115 42 232 134 76 399 217 452 122 58 89 190 408 150 156 351 155 399 137 86 403 374 279 323 120 340 325 258 254 187 218 141 193 283 79 481 356 459 568 251 213 258 218 399 287 185 367 313 388 92 323 267 300 133 109 356 220 169 322 66 53 284 190 231 470 135 417 77 214 160 104 456 355 231 147 143 371 109 193 169 211 144 221 463 200 93 335 264 127 142 204 334 269 329 200 483 222 223 197 426 0 164 94 235 276 310
379 320 366 160 307 433 390 211 179 48 353 314 234 242 295 99 370 318 368 140 362 384 409 148 397 319 152 436 88 388 18 258 355 106 332 314 232 171 394 498 213 226 185 370 238 226 204 252 195 153 312 97 541 125 150 94 173 414 70 245 344 288 421 255 104 316 343 369 288 288 308 217 213 253 291 189 159 84 214 183 413 263 533 411 103 83 189 408 328 254 166 451 231 437 184 255 186 399 188 211 217 275 79 249 231 191 223 271 395 283 135 303 142 218 301 185 337 357 108 274 260 261 248 325 325 149 221 76 394 182 203 463 269 250 177 323 183 224 363 285 340 104 164 343 293 143 0 286 300 315 364
499 432 91 325 260 451 515 144 45 332 393 102 302 387 105 275 138 426 194 121 401 182 367 127 511 74 448 561 281 349 265 262 240 191 570 187 403 117 413 414 40 112 337 412 388 88 68 309 193 171 501 326 464 220 110 201 299 428 221 182 293 69 473 26 206 462 420 201 396 29 369 510 328 297 97 305 261 344 469 116 447 367 500 684 389 387 426 118 543 394 287 454 435 497 144 449 304 358 164 84 377 262 244 431 38 101 278 138 158 508 205 460 148 243 153 85 464 456 349 83 44 426 70 113 135 252 126 316 463 292 159 286 273 160 201 82 385 401 349 160 580 405 375 154 391 114 298 0 320 360 318
126 242 453 400 78 245 288 474 300 316 124 350 27 69 472 356 358 203 298 285 110 516 114 219 211 279 325 336 316 133 321 54 169 377 220 266 194 252 166 206 252 362 457 122 121 262 316 47 387 330 281 290 190 407 227 355 87 106 182 501 143 396 197 312 309 115 163 221 207 343 20 235 494 56 345 74 429 349 253 218 125 26 212 321 210 316 172 344 150 25 386 219 245 178 207 122 429 116 373 331 228 24 346 72 278 242 57 380 332 258 135 198 364 103 199 367 190 225 418 406 405 148 272 380 213 111 233 320 172 116 390 206 22 470 389 369 204 80 160 205 199 386 118 308 174 249 314 355 0 0 138
141 241 368 506 86 255 262 465 263 266 112 442 30 62 456 426 347 209 311 381 115 449 133 215 203 285 328 287 295 134 312 63 174 406 206 311 191 235 137 190 281 386 478 124 152 230 260 43 434 304 288 277 233 404 272 327 90 137 184 436 154 445 196 308 310 115 169 220 246 272 25 215 506 71 275 58 379 357 204 234 163 32 163 314 275 315 171 379 148 32 379 205 287 189 152 138 397 107 362 334 248 22 335 75 254 216 45 454 376 258 132 197 340 93 208 333 190 226 438 463 363 137 222 325 180 108 227 294 159 114 342 211 23 401 420 360 211 82 151 234 216 348 131 245 220 284 274 301 0 0 133
147 333 467 515 70 167 325 431 320 339 81 311 178 218 363 523 296 294 263 345 128 354 101 214 397 283 427 385 335 29 407 112 90 407 319 246 316 267 215 136 287 372 512 242 296 247 355 143 539 404 405 443 122 469 234 360 241 53 275 455 20 423 189 309 378 287 275 136 314 299 165 342 611 148 296 163 498 509 324 222 153 106 167 459 311 494 238 373 262 123 522 82 463 101 208 251 545 68 466 385 315 106 422 212 339 235 179 382 305 306 209 356 467 166 170 353 371 338 535 482 351 257 212 351 197 219 207 390 124 183 490 51 169 404 406 451 306 223 21 162 274 516 267 228 279 306 342 355 111 130 0
