0 428 99 170 320 133 492 234 376 374 151 349 56 121 299 144 411 299 405 320 278 500 201 191 300 297 494 353 96 406 229 108 503 360 244 254 154 412 299 219 213 71 296 283 380 212 265 290 348 323 78 369 273 396 360 230 51 375 278 329 206 295 210 279 420 239 241 441 189 36 291 200 499 240 147 260 80 318 75 400 503 466 204 461 80 448 339 293 288 222 35 369 218 43 173 393 157 360 469 276
394 0 540 250 148 333 38 383 58 363 309 231 409 354 503 220 210 159 199 180 194 185 429 197 104 334 172 343 294 177 492 249 194 50 271 134 386 411 373 188 195 282 125 311 322 187 342 367 182 29 459 399 178 194 62 210 324 235 170 394 231 248 279 133 46 555 288 297 260 401 380 359 207 170 283 243 384 209 360 37 177 215 394 177 418 134 317 102 55 636 427 198 594 398 280 95 584 268 250 443
112 491 0 275 416 200 497 175 507 423 158 475 119 243 381 239 492 433 634 355 340 625 178 295 377 308 557 412 129 564 135 164 560 454 355 322 241 482 229 290 337 160 424 392 353 300 298 308 371 502 101 381 366 615 501 329 150 527 298 349 247 329 296 435 434 137 219 557 260 141 302 296 569 328 270 343 192 378 145 557 564 619 337 479 27 634 365 335 401 139 109 420 143 122 260 499 61 387 488 473
147 254 258 0 214 225 291 331 243 259 230 351 182 81 285 43 193 146 307 144 238 384 337 206 205 327 427 215 189 417 424 179 313 213 65 189 122 228 304 218 64 130 147 137 343 59 307 169 332 257 251 470 174 287 318 70 104 389 161 424 91 101 84 148 318 392 285 243 34 127 151 99 304 176 30 113 96 141 126 278 307 347 139 340 284 312 388 189 246 433 186 346 380 143 14 228 383 341 336 181
320 162 412 237 0 221 184 255 182 370 186 122 398 309 509 225 320 192 283 238 54 294 285 115 52 143 331 485 236 116 342 192 360 132 288 83 378 379 256 63 185 268 166 331 181 200 178 394 52 100 422 222 50 374 150 193 252 111 121 209 135 242 383 157 151 340 144 335 287 224 471 357 314 71 279 315 263 232 203 185 266 358 352 104 364 253 151 80 159 475 344 124 385 320 281 224 435 139 159 405
171 316 174 192 221 0 373 92 324 392 4 264 253 225 482 206 369 311 403 331 141 505 104 114 192 131 464 486 56 262 174 54 432 344 288 217 306 482 107 128 197 120 218 426 171 184 108 445 177 346 229 291 133 394 373 266 159 251 194 193 184 305 346 257 344 191 88 517 218 132 375 331 546 190 187 305 176 369 118 423 519 510 317 261 186 482 175 203 337 242 189 263 208 135 197 395 211 293 273 483
494 38 471 311 227 352 0 399 83 333 331 266 394 383 467 317 219 134 135 175 240 140 514 256 157 301 141 396 331 242 565 377 126 92 248 169 348 449 406 259 213 331 142 358 317 248 401 395 208 85 561 410 245 156 77 245 332 222 209 362 251 235 356 170 82 636 328 216 228 343 386 451 220 198 361 264 432 191 335 27 106 221 452 269 424 115 410 157 70 539 440 273 634 400 329 78 504 315 258 409
190 384 180 332 273 106 523 0 466 541 93 265 299 300 533 266 435 359 590 503 224 581 23 223 336 175 514 471 124 413 80 154 486 457 373 288 407 564 68 245 275 215 298 469 225 330 108 448 246 354 287 251 235 609 476 320 212 365 263 165 314 451 403 382 397 154 107 499 304 175 402 468 515 274 265 423 247 430 224 511 592 532 445 300 155 516 151 364 371 157 236 301 143 249 330 463 158 275 320 561
344 58 407 233 195 328 76 464 0 257 322 340 424 279 387 185 163 90 155 128 173 190 469 240 135 265 163 304 335 272 564 263 168 24 214 96 382 276 379 192 160 326 86 275 413 169 295 435 243 77 468 429 178 159 107 142 318 275 131 404 152 167 296 74 106 566 318 197 209 287 378 354 162 172 205 149 349 135 307 87 151 175 365 277 371 122 389 100 35 506 394 312 460 369 269 35 562 333 284 392
431 359 480 255 401 447 352 482 215 0 467 586 411 327 211 242 95 198 173 131 412 263 594 408 362 453 327 68 474 498 617 379 268 247 155 304 273 80 519 331 243 317 287 95 520 223 484 214 373 285 445 605 371 219 412 249 327 577 316 678 306 117 187 251 369 635 550 90 202 416 216 224 154 353 238 118 261 123 394 348 261 198 195 476 447 211 631 342 246 686 409 472 592 319 269 271 505 541 496 147
139 353 213 231 195 4 411 92 333 526 0 262 237 210 517 196 391 243 495 350 140 430 95 112 215 135 520 457 66 335 138 69 548 310 301 223 255 510 108 127 196 138 282 414 180 231 101 450 187 290 252 252 164 432 395 255 155 249 218 140 182 292 276 308 279 215 86 441 240 146 325 321 489 159 190 367 197 362 101 398 417 545 321 237 163 465 159 233 296 242 172 292 189 137 247 304 211 237 310 384
402 256 473 389 147 256 289 295 305 469 214 0 471 409 640 327 509 357 392 389 183 488 230 239 222 143 382 515 358 107 312 262 402 265 443 236 462 606 190 157 362 346 262 579 101 327 148 515 111 212 492 112 201 415 261 338 392 61 225 146 304 475 405 336 194 475 151 429 416 352 494 506 433 249 377 404 382 475 370 250 411 416 468 62 470 491 101 234 282 424 372 43 481 423 437 370 391 39 41 561
70 473 105 167 365 200 403 257 377 392 229 495 0 126 271 174 359 364 457 283 321 469 294 240 395 377 610 308 132 538 225 171 605 428 275 282 154 309 273 315 231 130 286 284 407 248 290 225 405 435 24 496 327 462 455 261 81 420 310 342 217 305 196 365 450 271 278 414 226 90 189 206 435 319 154 367 105 366 118 491 469 485 181 505 95 525 440 342 361 233 45 423 271 89 179 372 198 457 415 321
119 329 250 77 335 205 314 309 289 240 258 446 118 0 252 118 270 217 416 198 240 436 361 227 335 368 416 229 146 477 379 185 371 302 136 235 62 238 372 261 122 91 185 226 450 109 268 164 298 326 125 516 240 359 443 165 65 476 224 431 164 156 86 178 414 376 330 345 116 115 156 106 331 201 47 188 35 209 93 393 476 440 90 450 200 407 363 249 290 366 106 423 321 95 66 270 278 478 371 228
295 480 433 246 536 472 463 642 407 163 506 715 314 254 0 322 290 333 335 229 465 450 568 375 453 586 443 145 362 583 511 422 431 382 169 460 204 117 643 394 327 365 399 152 697 275 593 73 502 475 290 704 484 325 557 260 268 546 420 606 372 206 173 319 443 583 501 267 262 398 101 170 377 470 271 229 275 269 334 454 396 318 155 675 446 476 696 462 449 539 292 549 542 380 290 407 474 730 716 51
160 231 280 50 195 208 295 293 177 252 216 339 209 101 341 0 180 127 333 165 177 360 280 138 212 266 309 250 169 333 313 124 305 164 128 134 133 242 347 149 39 104 118 174 338 21 249 261 208 208 220 392 183 261 319 67 93 357 106 314 66 118 145 114 264 311 259 297 67 140 191 187 286 113 48 163 105 140 122 322 314 310 192 363 244 278 252 194 174 398 140 330 331 132 56 232 307 329 393 240
375 192 479 173 313 326 229 426 167 103 448 462 403 219 261 216 0 106 93 45 261 196 550 306 222 375 204 138 327 356 587 278 221 145 142 216 218 200 523 323 181 269 142 114 545 222 506 262 335 255 459 619 291 141 248 175 296 371 234 507 206 107 152 137 232 557 351 62 132 310 274 191 120 273 224 52 283 65 339 217 205 128 281 455 368 193 535 244 158 550 393 467 583 312 208 138 488 393 409 239
248 136 379 111 182 248 166 364 74 231 245 286 324 194 375 141 125 0 190 75 190 223 331 189 131 321 273 259 289 287 423 243 189 84 135 84 265 258 401 201 98 259 33 187 309 86 279 336 244 123 376 492 146 194 195 77 268 317 96 394 127 118 182 5 203 403 255 184 96 281 244 235 200 141 158 89 207 93 246 182 212 191 253 329 399 171 378 139 97 412 288 289 496 230 144 94 451 366 330 277
435 199 572 317 297 491 176 480 152 179 413 481 393 343 318 334 99 162 0 147 353 73 600 294 254 417 125 256 474 364 707 419 108 191 227 263 335 311 631 311 242 444 188 244 582 239 511 421 385 185 579 579 312 24 225 192 458 397 291 603 290 210 333 165 257 603 432 100 257 380 371 300 43 278 279 180 324 151 359 202 107 40 378 352 560 74 470 262 187 597 471 367 661 413 250 115 710 448 447 333
282 171 431 147 287 351 214 479 116 156 356 394 303 200 253 167 51 80 118 0 280 223 428 242 189 407 270 159 290 413 460 288 196 152 95 178 256 207 425 233 152 231 117 121 508 159 353 212 285 205 363 455 271 144 232 116 273 337 152 419 151 66 184 84 220 491 322 104 100 273 235 171 149 182 157 33 248 21 266 242 204 150 197 302 374 181 351 177 162 597 256 422 596 267 182 147 552 427 448 189
218 184 301 197 49 131 264 272 185 365 138 142 335 239 454 170 300 182 335 305 0 328 234 60 88 111 385 435 205 150 334 147 300 183 241 84 344 422 219 27 145 217 133 410 193 143 123 360 66 161 374 287 24 384 191 203 209 126 97 189 127 314 346 202 155 366 119 422 213 243 335 301 335 70 239 249 261 242 182 184 327 364 323 131 250 293 139 96 171 371 254 137 383 256 235 216 414 175 150 366
599 184 558 370 341 571 172 661 203 201 526 415 486 369 436 381 178 209 86 237 380 0 540 403 325 539 61 274 528 445 640 399 38 223 330 288 414 327 598 323 357 397 242 267 508 313 432 379 363 223 504 568 334 47 249 278 507 406 279 573 312 276 351 209 223 620 539 170 307 551 374 456 106 292 433 263 432 241 492 160 45 80 406 405 661 50 539 322 219 675 446 425 684 405 415 120 680 509 489 381
234 433 191 370 243 114 530 26 497 478 125 254 292 288 490 327 575 378 544 470 223 703 0 220 318 126 529 492 162 396 100 196 647 403 360 311 453 483 47 185 361 234 395 427 208 304 106 550 209 381 257 274 276 579 479 367 245 294 299 135 289 486 389 412 466 163 100 663 312 210 495 416 663 314 329 513 253 420 182 479 545 597 479 356 182 582 158 376 333 207 245 288 154 232 382 395 190 282 251 509
203 187 229 158 122 122 259 191 252 408 87 222 295 188 464 138 312 164 302 252 62 410 222 0 108 147 442 417 120 206 255 64 400 203 251 120 268 406 187 31 113 136 152 326 214 124 116 307 115 184 271 273 50 377 264 180 170 235 105 174 77 287 220 195 215 305 95 347 188 158 313 307 349 59 176 239 188 252 132 241 405 390 291 218 260 405 190 129 214 374 242 209 339 179 177 278 270 190 230 400
310 107 447 239 54 222 154 283 135 386 210 167 357 336 499 169 259 153 247 208 82 307 363 128 0 205 241 423 212 181 436 193 304 108 220 58 331 430 256 112 153 255 107 380 270 173 215 366 94 61 352 312 63 244 109 176 239 137 82 235 115 243 277 142 109 446 187 284 247 257 350 314 305 70 269 227 320 225 266 141 281 266 360 130 374 226 254 17 87 479 279 163 478 320 249 178 392 186 190 440
239 257 314 285 125 144 318 166 306 560 103 113 297 381 539 237 469 259 507 394 110 418 152 118 187 0 429 589 214 214 214 181 414 258 400 228 440 568 111 112 277 216 231 486 86 234 41 413 105 281 297 162 158 507 266 294 313 190 235 71 191 433 404 332 266 310 46 480 290 218 500 464 466 189 275 416 316 412 201 364 436 450 433 152 258 500 39 183 248 334 348 132 272 234 320 333 355 178 139 556
546 194 536 426 358 535 132 540 175 311 422 449 534 392 509 324 236 281 98 256 335 58 687 377 302 495 0 354 457 383 731 508 18 177 340 250 530 417 618 370 326 390 217 311 474 326 492 444 425 204 587 576 347 93 212 288 498 316 278 506 392 319 444 222 188 650 502 238 348 529 532 374 135 301 362 242 410 222 435 138 22 133 390 321 643 49 541 276 227 713 504 399 792 560 342 135 720 373 347 405
326 377 415 243 413 384 404 625 279 62 442 550 352 254 118 219 147 212 241 173 420 298 541 428 421 547 323 0 458 477 483 439 341 251 121 369 194 36 548 413 264 337 257 59 646 282 491 143 510 373 426 633 391 267 422 217 341 533 350 508 308 112 132 232 351 661 515 156 213 383 162 154 177 338 242 118 284 148 323 355 361 215 206 589 415 282 580 360 281 649 304 511 490 292 210 281 537 595 581 83
101 288 117 165 253 75 352 160 358 430 60 358 170 182 435 141 373 224 392 275 159 562 136 121 248 201 561 407 0 374 172 56 490 275 267 247 259 354 203 144 174 53 214 373 299 185 140 336 209 358 150 371 158 512 382 178 105 332 182 241 160 310 232 257 358 195 158 465 234 57 302 260 411 202 151 339 127 348 50 368 455 526 266 289 117 523 233 216 252 203 118 338 173 77 151 409 211 382 375 363
445 181 521 383 131 274 197 376 224 467 354 92 546 485 583 367 363 304 433 353 163 352 364 211 171 229 403 473 407 0 509 310 305 219 369 196 444 570 298 187 324 414 287 418 185 360 288 631 109 167 513 196 201 362 176 330 407 37 261 240 314 420 412 314 170 530 242 526 368 357 617 565 449 244 344 427 488 357 357 203 326 370 485 35 462 330 228 169 240 471 430 66 491 473 398 282 493 59 66 561
187 441 145 404 361 162 538 88 417 508 163 338 268 361 579 381 482 395 540 412 261 705 94 224 449 226 625 634 204 451 0 199 560 474 455 334 438 529 124 273 368 245 383 529 264 324 160 456 324 442 284 350 266 646 533 382 246 399 367 190 305 443 389 461 418 55 222 666 398 235 442 467 658 296 389 447 293 519 236 486 701 602 493 387 144 624 215 411 516 83 229 445 74 222 371 616 132 425 403 604
109 262 167 142 203 67 339 185 237 343 59 234 174 183 373 124 294 206 376 322 125 478 169 79 201 160 393 326 54 292 226 0 417 272 277 150 282 372 173 112 128 74 165 347 226 158 160 378 212 293 235 310 131 454 292 170 101 277 165 250 102 217 268 196 312 258 143 344 164 95 329 258 426 141 170 317 123 257 79 301 472 358 288 270 155 368 223 223 287 263 170 313 212 96 182 305 261 241 241 365
487 157 599 318 354 433 143 519 153 227 511 414 473 369 406 346 235 258 107 240 316 37 593 349 280 402 18 362 541 406 614 460 0 188 320 284 413 406 608 349 286 486 232 328 432 360 503 409 416 223 511 485 292 65 210 269 393 376 319 568 368 272 368 192 219 662 429 214 348 554 442 479 126 266 352 206 457 268 507 133 7 122 450 408 561 28 559 289 185 605 563 345 676 549 354 135 765 470 417 375
340 56 437 195 159 328 89 442 23 232 300 282 384 242 374 204 165 71 191 151 186 188 419 227 112 277 215 339 346 202 431 218 149 0 187 89 296 344 454 195 146 277 77 297 297 152 281 411 177 75 434 379 168 155 128 141 304 279 98 362 136 172 269 77 94 582 341 216 184 322 389 296 190 116 202 172 322 145 291 95 187 213 288 208 383 147 349 71 11 617 395 261 533 358 209 75 546 259 273 342
255 318 292 84 290 275 257 458 233 175 276 395 229 107 191 135 124 149 274 110 242 264 469 235 266 347 295 159 244 389 392 281 317 226 0 203 114 182 367 249 117 198 136 90 449 132 358 147 386 320 225 566 247 275 295 106 210 442 181 426 134 33 53 147 333 410 381 224 54 223 145 110 252 247 116 83 176 75 202 299 307 218 105 443 294 268 365 268 214 503 183 461 467 227 72 265 389 506 501 133
314 124 345 150 107 204 138 297 100 268 231 264 303 275 444 116 187 86 218 189 115 291 336 109 58 205 277 338 256 207 348 152 223 84 189 0 285 359 285 87 85 217 43 260 293 95 225 323 125 86 313 357 81 253 147 90 206 234 37 268 83 205 260 87 146 432 244 265 149 271 373 323 313 44 152 172 192 163 231 139 295 295 317 236 334 225 285 51 73 459 263 257 461 253 193 141 425 251 256 347
160 404 253 115 334 305 383 325 313 243 319 566 118 66 197 180 285 261 407 250 377 449 335 263 381 341 476 202 217 546 381 231 393 284 134 318 0 203 454 346 201 155 217 162 405 200 443 88 458 322 162 515 365 447 459 189 149 445 220 494 188 167 68 226 422 447 372 364 134 155 73 41 331 276 105 198 102 185 177 464 376 381 37 501 251 421 490 368 351 422 124 514 376 137 120 310 354 574 422 127
352 427 477 238 435 521 412 511 362 82 493 675 359 240 112 306 171 287 242 170 368 310 520 385 442 620 357 33 458 497 670 359 330 347 167 358 251 0 620 401 249 332 350 74 645 273 535 152 415 350 410 787 408 264 387 247 327 641 376 710 297 160 157 254 425 562 518 202 232 323 167 168 258 381 251 174 295 158 374 479 362 260 196 576 455 380 497 450 332 536 341 529 594 308 238 324 471 504 598 79
223 423 238 308 281 108 451 64 400 594 111 202 370 303 574 268 488 340 471 446 216 627 41 184 262 110 652 518 159 285 122 182 620 448 393 272 460 611 0 199 344 237 367 510 155 332 82 517 209 328 278 183 207 634 468 376 299 295 302 103 294 501 497 355 414 201 108 632 400 241 439 442 562 268 327 415 326 428 223 449 490 662 495 295 263 519 114 299 388 189 334 256 239 292 307 396 223 294 273 541
231 205 311 222 65 136 230 234 210 377 128 172 303 214 466 173 301 198 303 217 29 432 225 31 107 101 408 438 169 188 281 109 404 194 290 85 278 478 177 0 121 171 147 319 209 129 116 363 84 148 267 270 30 330 235 149 188 201 87 216 83 297 240 193 182 294 133 331 219 189 421 361 335 53 220 256 195 210 191 275 310 363 282 163 263 375 135 99 164 317 245 186 381 201 209 262 283 186 224 343
192 215 278 75 201 203 260 308 156 299 228 340 228 153 351 38 191 72 255 136 156 322 345 134 146 258 288 271 184 336 337 121 320 166 130 91 195 318 348 122 0 145 76 189 300 18 256 267 229 170 232 379 143 231 208 34 152 326 63 352 30 130 130 89 266 442 261 229 85 179 238 199 268 89 99 164 129 120 152 239 257 332 195 284 238 260 294 126 169 398 228 291 405 171 99 208 303 303 333 300
76 371 175 126 259 133 333 233 321 352 137 308 123 118 317 114 339 234 437 254 162 506 217 120 269 195 518 332 65 370 239 67 387 314 179 206 155 409 226 146 127 0 223 283 338 143 174 275 289 263 125 340 171 408 333 185 42 297 152 323 127 243 196 256 305 248 203 352 166 30 250 218 414 175 101 242 88 263 4 357 460 400 195 393 119 487 275 266 265 261 74 364 236 38 132 356 195 346 329 262
278 138 342 132 150 220 158 338 98 238 218 294 288 211 327 135 187 31 228 105 126 259 367 129 98 232 257 243 264 309 462 173 268 74 140 53 282 312 348 164 84 221 0 213 344 105 259 324 214 114 339 401 113 223 150 84 249 257 54 284 74 156 238 30 167 516 274 207 121 241 290 273 222 83 178 124 223 123 235 187 220 205 320 229 324 193 338 85 63 538 282 294 462 246 145 139 422 258 241 262
355 275 407 156 376 414 345 418 268 77 443 543 335 196 149 207 115 179 215 135 308 291 516 303 355 532 396 46 293 516 551 351 332 264 77 273 157 87 478 290 227 245 195 0 624 223 484 119 415 318 316 623 355 270 437 161 242 432 264 512 204 89 104 188 419 543 415 144 144 331 137 123 197 270 208 98 195 118 296 304 282 219 149 456 410 249 556 290 282 577 306 522 621 260 151 264 551 555 521 90
352 344 327 359 219 181 345 235 311 640 205 87 443 376 553 346 430 389 552 460 204 560 208 232 271 85 575 495 233 169 264 279 434 396 461 290 471 683 119 170 311 290 381 575 0 317 116 614 159 343 490 72 205 529 328 377 361 143 288 51 315 456 427 364 279 363 126 523 403 353 464 478 582 273 377 426 324 463 362 408 529 510 594 171 314 434 50 290 318 353 359 149 304 322 356 407 403 141 122 511
164 192 315 65 163 227 217 288 204 260 211 382 235 132 333 21 202 92 233 146 162 328 356 113 177 289 291 276 156 321 378 132 305 166 116 128 149 256 310 145 19 135 87 172 349 0 259 282 216 201 217 451 152 300 298 31 125 325 94 328 46 121 117 104 230 343 257 289 59 143 208 174 279 109 73 157 129 118 149 297 271 280 227 307 274 294 311 179 170 368 200 349 405 157 57 215 342 380 309 221
216 288 273 310 187 100 309 125 289 451 83 154 355 322 573 259 390 281 525 416 117 467 105 137 251 47 487 552 183 208 177 149 517 328 394 260 358 606 70 143 291 229 251 455 119 223 0 498 123 278 278 168 161 411 333 300 270 187 243 87 249 410 382 259 340 213 19 569 370 220 383 416 466 159 304 376 288 442 181 375 427 587 401 232 234 415 59 243 322 251 304 194 272 235 263 401 281 191 172 427
310 472 357 175 371 367 385 516 343 219 412 659 241 143 92 218 289 337 355 252 381 463 527 408 448 536 401 169 350 600 557 392 531 414 130 335 89 141 547 364 280 319 310 149 657 219 466 0 462 423 284 719 361 329 445 281 208 532 308 586 267 161 104 302 518 520 530 302 162 311 24 81 382 413 215 233 197 263 308 507 468 318 60 618 305 433 608 429 399 551 238 606 441 276 164 359 404 671 660 62
300 216 323 313 44 199 241 263 234 502 220 87 350 288 564 250 310 265 348 269 76 394 212 133 110 122 394 440 251 113 295 195 372 171 383 142 415 489 258 81 249 258 203 475 143 196 136 451 0 177 449 194 74 407 180 237 317 86 134 150 168 288 426 221 179 376 130 385 256 312 493 374 356 119 323 380 282 314 262 188 301 387 476 90 302 320 128 116 170 463 383 104 426 261 293 292 377 88 116 440
390 33 510 294 110 260 80 356 74 285 265 269 411 329 507 213 225 147 218 226 169 263 339 191 76 287 237 379 341 159 425 292 175 69 263 113 371 471 384 173 176 341 116 305 338 231 300 475 174 0 451 390 127 249 61 200 317 177 131 300 164 298 367 147 45 569 247 289 259 284 397 391 243 132 302 263 290 235 319 68 197 266 366 150 425 160 243 55 64 474 355 233 586 391 239 123 495 204 232 369
76 420 115 250 412 260 562 305 493 455 260 461 25 132 386 229 423 384 499 358 297 557 302 245 324 309 668 401 175 511 284 238 607 420 295 352 186 440 283 331 224 141 291 356 471 221 297 231 340 490 0 486 324 593 569 230 124 504 336 388 283 338 254 399 521 218 345 446 212 95 274 218 569 271 206 384 118 386 142 459 642 500 235 558 79 542 369 426 405 226 71 428 227 115 201 398 172 424 503 337
481 368 474 530 245 329 413 237 384 658 236 97 542 510 654 485 526 441 618 573 227 660 253 249 257 172 565 691 401 227 306 334 487 412 560 341 572 727 197 243 445 358 335 606 79 386 203 696 165 294 561 0 241 608 321 423 378 191 390 116 329 564 465 404 390 373 195 650 457 361 594 513 551 365 432 455 500 548 409 363 474 578 637 201 467 443 108 293 440 500 426 154 447 488 489 392 519 124 148 602
273 149 328 221 45 161 209 233 179 434 133 158 283 242 410 133 279 145 345 262 21 409 254 54 60 152 367 342 157 171 360 136 345 136 228 73 263 462 218 33 134 196 111 314 210 134 151 393 85 121 382 288 0 376 173 158 208 180 66 188 108 267 306 133 192 335 134 335 227 234 327 312 340 42 204 236 215 246 207 220 356 388 385 145 321 342 146 87 170 423 230 161 339 228 190 208 344 153 163 388
509 161 478 289 328 472 171 651 123 195 462 429 421 367 348 287 116 213 30 162 289 54 540 412 267 443 97 216 502 431 707 433 68 147 276 254 453 291 515 313 283 375 223 295 558 270 403 398 352 230 460 513 324 0 213 282 372 453 232 539 301 257 364 210 260 682 459 106 295 482 409 409 71 285 310 158 441 186 391 163 77 40 333 417 477 55 422 228 192 651 521 421 605 391 273 115 575 424 368 311
387 57 465 280 177 368 77 437 136 395 331 270 430 367 433 309 250 164 219 263 203 215 382 277 114 297 225 368 395 140 587 347 183 99 325 164 475 462 354 182 247 377 162 358 279 223 368 436 199 48 420 348 215 256 0 252 324 201 179 357 225 334 321 172 17 466 298 344 275 426 423 480 309 167 306 294 444 262 329 49 204 310 461 156 514 166 292 118 121 535 501 184 501 345 368 135 550 216 184 526
209 227 326 64 171 203 255 392 140 209 243 302 251 138 279 50 154 57 235 104 187 259 305 164 157 277 261 209 180 317 405 191 270 170 107 101 181 243 362 166 35 154 75 182 331 36 319 261 264 213 311 459 175 253 221 0 186 301 84 316 64 84 134 79 243 408 301 256 46 202 241 192 207 102 85 87 166 91 151 204 319 257 225 276 316 220 355 177 167 384 208 298 473 211 73 162 427 375 306 230
49 319 156 117 273 168 354 247 351 402 160 379 93 80 354 113 304 273 347 234 207 504 283 180 267 280 516 277 86 480 277 112 485 271 209 221 115 345 292 188 139 39 237 288 394 119 262 269 270 366 96 467 202 450 424 147 0 413 230 310 134 191 175 196 395 325 264 366 146 37 187 191 373 178 80 269 33 219 51 406 511 375 154 405 136 367 262 285 260 279 51 349 305 19 109 353 234 389 413 272
418 225 463 380 130 283 214 353 258 554 241 58 495 409 560 306 455 275 461 408 153 475 275 217 136 163 421 544 280 45 392 290 351 223 462 223 560 539 256 149 273 314 243 471 166 284 231 530 92 157 432 195 186 361 196 297 442 0 240 200 299 385 505 331 189 409 234 531 324 364 481 496 488 197 337 394 453 404 377 196 411 421 443 7 463 349 183 191 196 528 402 24 517 398 332 250 441 36 26 598
254 155 376 124 99 192 175 272 154 322 202 236 299 191 348 110 235 98 239 174 115 290 251 103 90 234 257 298 208 268 346 148 255 111 167 32 285 342 299 104 75 188 54 236 318 75 237 286 161 151 295 332 87 310 167 79 198 197 0 329 43 165 198 75 187 416 214 325 151 189 308 242 308 35 148 179 181 159 170 191 302 276 267 246 352 266 205 68 121 388 238 214 419 184 125 154 374 211 231 350
294 317 333 377 228 183 429 148 453 658 185 150 364 384 532 313 503 386 487 435 203 492 137 176 272 68 535 567 222 271 251 251 463 374 497 339 487 523 100 186 274 241 310 444 52 382 88 607 154 335 402 138 219 560 329 416 305 219 257 0 258 518 382 330 327 317 82 511 397 266 565 531 556 273 412 499 391 425 323 448 483 512 449 230 350 480 43 258 380 326 332 154 313 336 420 471 328 188 152 494
200 208 314 109 123 168 235 279 190 281 161 320 213 147 375 61 204 127 265 195 115 395 261 94 127 193 296 308 139 306 337 117 340 183 147 70 208 337 294 88 41 104 86 280 325 41 234 309 165 210 263 407 104 261 240 69 153 239 46 314 0 168 173 94 220 426 221 320 105 154 272 250 296 61 92 168 145 169 139 230 354 310 272 303 273 340 270 141 145 357 209 248 419 132 104 237 362 323 314 336
293 238 406 95 314 318 250 428 162 152 339 449 229 180 208 127 87 106 210 67 229 244 403 257 274 360 266 139 288 359 389 224 279 185 29 208 139 159 392 225 119 237 134 91 495 103 314 206 343 295 261 467 263 232 287 104 189 460 176 393 176 0 75 112 254 566 377 141 52 282 154 133 173 243 114 48 149 58 232 266 244 225 148 376 316 282 352 203 170 510 280 425 503 209 95 171 409 472 491 167
185 301 338 95 292 272 389 362 250 196 331 477 220 106 192 120 202 163 322 159 261 327 343 223 291 394 439 135 272 470 358 225 433 276 55 239 60 150 473 290 166 222 192 94 467 123 437 126 309 313 216 513 300 352 411 118 139 466 253 435 203 87 0 168 410 502 395 247 70 168 93 42 262 268 83 154 118 132 179 380 381 262 69 401 322 383 408 275 317 507 190 489 385 182 77 318 314 483 437 128
256 153 324 153 189 305 181 325 92 233 240 357 329 226 351 136 150 6 177 79 173 209 414 155 114 268 202 243 279 290 381 243 223 80 138 75 242 284 331 176 84 249 32 171 405 101 319 321 211 119 374 414 181 190 198 75 265 286 77 350 98 122 165 0 191 424 326 169 124 254 281 221 212 138 134 90 243 88 247 163 232 214 258 295 397 187 278 101 88 445 310 315 469 233 166 117 506 290 265 306
465 43 474 285 125 293 67 416 116 372 305 244 407 350 495 295 246 192 261 269 189 260 350 242 100 236 211 345 388 164 549 328 172 118 298 152 410 385 429 182 202 369 137 319 323 230 304 399 142 46 478 316 177 209 18 218 319 165 159 288 245 331 397 158 0 545 269 283 286 381 513 409 254 165 309 254 412 289 340 57 193 268 419 165 481 174 276 98 103 614 431 183 460 357 262 159 468 174 175 527
230 510 154 448 373 217 670 140 555 624 233 422 295 372 543 355 571 512 690 552 365 814 146 292 461 283 726 638 181 479 55 287 688 557 449 466 389 646 202 293 339 277 483 476 342 383 220 567 348 551 216 388 364 739 476 479 278 439 350 314 359 473 417 546 584 0 251 636 373 261 444 513 649 333 411 561 315 450 278 516 691 696 416 382 166 667 279 442 568 43 276 410 27 294 391 510 106 473 508 623
215 314 230 313 157 76 300 124 370 415 70 192 257 258 495 243 442 339 391 327 122 504 122 97 226 46 479 530 135 248 173 109 507 321 407 224 352 509 99 118 204 218 294 420 134 226 16 389 147 311 302 168 148 530 264 312 270 188 231 99 181 389 350 243 275 251 0 539 276 180 456 423 454 147 298 369 247 384 213 289 449 455 350 188 225 506 87 210 327 320 276 180 266 246 314 395 312 226 195 506
453 223 461 300 403 487 238 539 171 77 498 527 435 337 309 271 82 197 96 128 436 177 631 358 277 513 221 135 385 397 518 396 211 252 222 232 273 191 489 310 279 410 223 161 579 300 533 338 372 292 536 608 372 117 304 253 377 510 242 561 316 187 247 180 314 606 424 0 186 458 270 248 51 269 270 127 304 133 428 251 214 80 307 447 425 162 602 300 259 568 386 411 677 362 292 182 576 505 479 216
218 227 362 35 278 235 258 386 203 212 247 389 206 109 228 64 164 126 254 120 236 345 340 195 259 352 374 212 245 433 392 188 353 222 47 165 122 222 429 196 68 152 131 112 375 62 376 198 323 232 251 482 197 249 350 57 133 393 150 355 114 65 88 122 244 426 259 214 0 163 193 103 256 151 74 99 123 105 145 278 296 314 129 331 284 303 308 205 223 415 196 404 440 180 50 222 379 349 390 209
39 314 128 140 306 113 338 173 314 331 154 422 108 109 395 116 388 234 436 304 197 506 207 159 242 253 415 307 67 410 247 84 408 351 230 244 155 353 267 203 185 34 260 341 331 173 243 295 314 324 94 406 236 456 345 166 33 365 230 266 152 246 213 242 315 278 200 388 168 0 262 215 397 226 121 299 78 276 29 420 489 384 205 371 91 439 302 241 305 253 53 399 209 20 118 315 174 353 351 276
279 363 279 171 430 372 458 517 301 191 324 498 189 133 117 210 218 231 325 210 376 488 440 368 412 533 470 149 356 531 417 317 384 348 156 306 71 144 419 343 253 270 270 154 586 197 416 19 428 385 208 651 403 434 443 228 186 467 274 461 267 168 91 294 482 418 501 275 172 234 0 61 295 317 201 200 164 195 282 438 478 391 36 561 266 446 466 322 369 445 245 595 399 205 171 419 361 611 480 78
226 310 278 126 318 318 336 446 304 245 313 468 156 103 172 138 237 253 320 198 367 413 480 298 387 381 402 157 219 542 435 300 426 283 107 273 43 164 391 348 222 211 242 113 481 188 346 67 403 352 196 577 286 394 428 152 180 508 249 522 187 116 50 202 425 404 367 296 134 207 44 0 291 237 135 155 139 181 231 359 384 358 26 489 263 402 408 299 352 421 151 475 447 201 91 320 372 483 441 115
458 202 492 272 344 535 192 492 182 125 457 415 446 410 280 304 118 188 44 152 313 111 602 345 346 503 147 198 511 482 643 459 138 226 211 239 305 228 485 357 306 368 205 227 462 328 559 324 469 218 580 557 313 63 314 231 436 438 246 583 269 192 250 207 311 649 521 60 269 433 393 275 0 277 306 172 365 134 443 204 123 31 319 458 617 96 467 314 243 776 505 432 673 405 250 140 625 433 462 290
202 177 292 178 76 166 235 261 166 292 173 190 327 245 387 129 286 113 275 166 66 350 257 59 63 168 270 354 169 196 318 108 308 139 185 46 303 430 279 48 104 188 96 249 239 102 180 396 134 145 315 339 39 316 159 135 184 208 31 265 69 193 205 115 178 319 153 349 192 173 353 290 314 0 189 199 232 179 198 227 320 354 280 223 305 259 193 64 110 366 227 210 406 202 171 175 374 192 209 400
129 331 283 34 287 202 289 272 261 270 228 445 147 46 244 42 239 169 315 157 206 381 274 174 204 246 394 272 156 350 328 141 421 245 87 155 112 271 364 207 90 96 145 202 322 71 303 220 325 248 214 514 231 281 280 80 92 386 148 384 88 104 82 135 366 358 238 242 59 135 196 114 336 163 0 176 53 170 105 352 348 370 143 405 229 380 285 245 205 360 145 343 351 113 18 238 352 324 325 202
332 227 431 110 277 327 202 480 163 105 344 488 298 235 265 145 56 103 149 33 276 264 434 265 262 337 287 119 312 404 502 278 275 170 75 191 187 175 422 292 124 221 117 107 461 145 357 229 336 198 398 599 232 155 322 87 272 410 183 411 196 49 139 94 236 569 385 115 83 267 225 203 148 212 181 0 229 12 245 227 260 191 229 344 445 199 473 224 154 477 275 403 464 280 153 161 472 403 412 168
79 386 204 97 330 201 327 307 273 333 167 416 109 31 267 84 285 184 336 233 257 509 277 167 252 262 408 323 126 356 336 147 371 242 142 253 84 319 300 203 122 87 180 258 323 135 285 188 364 276 132 428 237 447 443 169 35 460 222 367 140 206 129 183 421 275 258 310 114 76 175 126 372 213 52 256 0 220 65 329 455 362 155 450 186 458 344 286 293 271 71 337 286 50 74 278 245 428 395 254
331 177 460 113 261 349 242 499 164 139 346 373 271 194 269 135 55 93 173 19 272 241 433 236 205 357 283 134 294 382 408 251 234 154 81 166 187 207 468 260 147 241 113 128 494 139 402 247 283 208 299 426 268 161 280 86 255 345 167 479 140 61 157 76 280 451 397 130 81 254 200 152 154 167 139 15 212 0 234 246 229 176 190 423 430 207 350 206 153 550 245 343 587 308 149 150 486 400 367 196
77 285 177 123 210 126 417 192 305 398 136 358 140 118 331 101 304 208 429 295 194 491 244 142 233 256 392 328 58 382 248 76 461 293 204 183 199 408 247 139 127 3 197 250 287 112 214 292 271 310 134 389 164 423 386 180 42 304 187 318 133 196 190 231 334 260 163 387 172 31 238 221 403 167 118 261 78 247 0 370 402 409 212 357 110 468 258 247 269 229 92 401 239 31 135 351 246 349 320 350
375 42 583 298 181 385 26 482 97 292 421 279 508 349 520 234 258 152 188 186 234 174 514 261 149 273 150 368 434 242 613 357 140 75 269 163 395 469 462 207 218 370 177 398 384 217 311 478 210 56 545 452 198 178 51 209 376 215 199 385 270 236 337 187 59 655 367 266 252 460 416 399 259 198 362 284 395 239 410 0 141 199 417 212 503 155 310 111 103 593 488 258 595 451 301 91 504 280 299 487
543 154 700 340 330 481 113 661 151 270 418 481 555 402 516 381 202 182 83 236 352 43 574 375 220 403 28 340 539 334 608 480 8 151 272 236 444 370 536 328 315 427 263 334 514 360 433 494 337 193 500 591 315 75 218 259 446 334 261 492 311 255 429 206 174 788 495 157 350 541 505 443 121 319 327 236 418 215 401 142 0 89 483 307 593 20 399 236 188 586 468 346 569 429 299 103 590 411 351 424
421 247 601 288 360 512 177 596 157 177 414 536 540 385 313 298 144 194 31 154 344 71 612 395 292 453 138 196 513 381 724 458 111 233 256 241 380 242 509 371 323 442 267 257 623 248 589 425 337 228 456 587 300 42 236 282 416 471 278 550 355 230 346 206 304 701 435 80 229 502 311 348 33 306 349 170 415 201 470 232 89 0 362 372 505 103 598 253 220 680 473 517 763 485 270 131 661 449 453 295
187 361 255 149 443 353 422 409 336 224 388 499 176 119 146 216 281 217 307 229 352 497 441 300 366 443 496 188 263 593 394 251 448 303 122 263 42 170 428 304 202 188 270 136 496 212 453 60 364 401 191 502 300 422 482 169 147 547 325 459 220 145 60 228 394 384 391 294 148 243 31 29 391 296 140 224 148 186 198 438 507 430 0 437 329 456 396 362 308 421 164 504 474 216 144 296 352 464 499 97
459 211 439 418 124 280 233 320 223 422 284 64 434 402 604 301 343 317 397 392 155 435 318 212 135 174 416 448 309 35 413 278 354 223 357 222 512 598 272 177 320 360 283 466 164 314 189 543 86 182 442 157 137 449 188 326 395 6 240 210 239 454 386 274 182 511 236 525 360 357 495 439 376 222 385 419 379 322 361 250 357 381 556 0 431 303 187 158 194 438 404 35 543 411 392 330 463 34 40 515
72 470 31 282 295 137 446 201 482 446 145 344 114 205 394 208 406 329 523 351 336 541 199 270 407 265 675 456 100 461 178 193 497 365 271 331 233 518 208 269 277 119 293 460 377 257 212 364 347 445 102 391 298 564 460 323 122 422 321 282 230 342 263 387 462 167 224 427 327 114 284 312 616 336 226 364 178 405 139 550 486 483 272 402 0 512 274 424 343 150 118 389 136 129 265 475 90 469 437 454
447 138 618 317 343 514 121 608 142 222 466 446 591 465 431 343 173 177 82 176 336 53 559 365 280 385 42 261 512 305 701 357 27 133 286 240 425 364 469 304 279 398 220 326 492 292 524 484 305 161 543 539 338 42 163 251 370 404 288 480 300 229 313 221 204 571 393 163 246 500 372 435 95 302 396 241 370 222 453 131 25 95 436 381 576 0 446 230 187 585 501 447 622 475 284 100 687 340 430 370
300 332 323 305 158 135 383 170 304 534 129 117 367 425 553 253 532 386 533 395 142 466 170 154 226 43 448 538 225 175 235 172 438 350 377 231 443 630 122 176 295 289 297 420 43 267 62 557 105 274 390 133 161 496 272 279 304 154 216 51 273 368 394 291 289 302 71 527 416 262 452 514 498 195 334 387 319 426 262 354 462 545 534 141 345 429 0 222 281 333 315 149 325 292 366 381 395 141 159 589
340 102 402 210 69 264 157 302 111 346 258 191 343 247 428 176 232 133 217 172 99 306 368 132 17 235 299 376 294 181 464 233 227 74 273 48 336 408 274 98 147 231 91 361 270 132 267 445 102 56 385 343 71 254 102 139 265 171 68 307 104 239 309 131 111 514 240 272 184 247 338 280 248 64 246 214 254 173 212 136 275 271 360 191 358 216 242 0 76 506 300 167 487 287 212 169 409 206 221 420
331 46 506 244 142 323 73 434 40 269 258 254 429 250 468 216 194 74 170 171 152 209 335 204 87 268 202 269 341 248 494 267 216 10 237 76 347 373 374 165 163 284 74 309 315 149 348 420 190 60 391 404 138 183 99 150 346 247 88 334 138 184 283 95 96 520 327 206 211 308 399 287 192 109 268 198 312 159 290 87 177 218 391 257 466 149 351 69 0 447 306 243 465 276 217 87 543 291 233 384
255 569 123 413 497 233 654 159 644 615 249 478 275 393 612 397 501 530 617 450 389 773 169 300 455 327 640 601 227 581 79 267 756 561 415 447 338 636 249 377 429 277 504 529 399 430 244 460 490 558 264 421 370 722 579 420 270 490 451 281 359 499 381 485 526 32 317 760 478 286 516 393 785 358 408 495 364 477 286 661 703 753 505 481 153 636 384 532 564 0 273 436 18 301 354 622 84 501 433 546
27 420 113 158 283 152 455 233 399 329 157 444 46 99 301 142 320 316 505 284 297 465 297 190 328 269 562 297 132 387 228 147 541 386 204 277 152 395 327 247 213 70 231 250 334 190 255 226 338 332 56 399 256 433 442 206 46 445 215 391 201 231 175 298 352 278 278 355 221 60 240 176 490 233 128 271 77 305 78 399 416 446 181 448 104 396 370 266 376 252 0 421 217 36 154 338 192 468 461 276
416 247 404 360 132 312 245 325 315 599 262 37 469 373 635 310 421 340 410 349 171 431 287 216 152 161 362 511 272 53 324 235 402 291 482 252 569 608 258 192 301 348 306 509 121 369 178 480 85 229 464 151 145 452 231 278 382 27 215 164 294 429 442 318 186 450 206 479 393 312 624 471 435 243 376 451 456 444 319 247 397 528 455 29 468 333 139 165 259 515 416 0 516 328 421 340 439 7 8 542
205 575 143 413 456 219 556 142 486 580 195 371 216 308 590 302 562 544 623 470 388 764 180 353 394 283 760 525 221 534 62 250 735 597 446 394 442 504 220 318 343 282 453 503 385 315 256 483 434 481 237 378 340 576 582 420 253 408 340 311 334 486 465 417 564 30 271 560 429 206 523 369 701 405 398 456 325 432 289 520 606 578 385 535 147 682 368 440 444 21 283 397 0 265 425 484 78 445 397 489
44 315 128 155 255 123 346 218 310 370 166 381 89 85 313 113 370 267 383 238 234 433 225 184 274 269 416 392 76 404 276 121 488 343 182 237 144 343 288 228 163 34 202 276 353 154 201 226 345 360 114 430 244 473 361 199 23 379 191 326 165 224 192 252 393 239 240 381 178 17 233 166 447 210 121 228 54 272 32 417 488 407 206 332 126 432 311 242 329 262 39 435 254 0 110 322 225 394 443 305
147 300 242 16 215 242 257 307 197 201 227 444 194 64 240 58 189 132 265 187 195 319 322 172 253 342 365 211 174 458 388 150 331 229 69 156 92 242 327 198 91 129 139 189 396 70 347 213 272 273 194 463 214 321 336 85 100 425 174 413 108 112 82 132 296 377 255 292 44 160 154 124 297 148 23 142 65 121 138 315 334 328 140 382 279 356 363 258 205 426 131 441 427 133 0 265 302 371 373 223
395 98 500 202 195 316 65 417 44 202 307 324 418 365 369 226 144 107 96 120 268 128 516 225 190 312 109 240 352 286 574 285 133 76 220 127 311 317 413 212 201 309 103 260 445 182 354 430 272 112 513 445 196 105 123 201 350 297 151 478 229 193 259 115 156 518 337 197 216 316 323 354 122 169 311 164 383 170 284 79 91 147 352 319 440 86 358 144 85 528 327 332 537 346 229 0 474 300 330 315
139 527 61 319 372 207 645 179 526 527 234 488 189 269 438 320 608 400 586 421 344 570 189 325 413 288 693 451 183 501 149 223 723 467 456 463 270 595 262 317 365 226 373 450 350 373 291 463 459 514 173 445 397 549 572 400 245 481 440 311 360 428 402 395 554 102 294 589 323 157 411 341 607 355 328 463 273 492 203 638 679 596 397 506 96 684 304 445 416 81 194 437 78 168 290 587 0 558 427 410
457 255 502 406 137 291 262 286 327 512 288 43 478 390 554 374 459 360 444 355 156 451 299 197 181 132 395 602 361 59 355 275 338 237 493 238 529 639 274 219 270 319 318 469 114 312 199 554 111 199 528 133 164 388 224 388 343 28 257 187 324 365 435 298 191 447 194 517 381 409 510 536 470 248 439 470 478 432 385 262 375 479 452 36 490 446 161 222 227 419 371 8 482 428 377 364 455 0 0 577
397 246 465 383 121 297 322 300 247 570 278 38 530 428 610 382 367 371 444 435 172 485 296 256 161 162 385 643 356 54 440 299 342 250 378 213 512 591 222 216 309 357 279 465 143 306 200 562 95 204 555 138 157 452 180 347 449 26 275 205 313 400 421 290 196 413 192 471 407 340 555 503 459 206 378 435 397 375 303 274 340 430 553 39 434 329 147 218 297 524 363 7 534 347 401 282 426 0 0 614
310 357 417 178 431 376 379 467 308 139 373 603 278 227 46 233 209 279 327 187 406 449 533 431 435 462 403 106 384 568 506 378 350 353 138 398 132 90 487 359 287 275 269 80 614 246 475 68 479 376 308 757 451 337 523 259 278 649 364 657 351 143 104 320 382 480 475 252 187 313 72 93 322 410 222 182 214 233 286 388 376 299 122 644 386 340 542 453 387 624 316 620 452 336 206 395 533 614 499 0
