     0.000      2.685      0.598      3.686      4.171      4.888      6.751      0.454      2.253      4.116      2.996      4.859      2.831      1.766      1.692      0.458      0.656      2.880      2.347      1.116      5.894      3.706      1.479      3.426      3.711      6.310      5.062      5.877      5.468      2.893      4.365      1.969      0.630      2.047      0.397      2.500      4.888      2.776      6.173      6.351      4.828
     2.815      0.000      2.255      1.391      2.223      1.897      3.693      2.384      1.583      1.737      2.203      4.045      2.667      2.863      0.824      2.111      1.978      0.659      0.562      1.781      5.289      3.433      2.643      0.869      3.480      5.873      2.504      3.534      4.918      1.823      2.318      3.109      3.114      1.554      2.411      2.237      5.623      4.975      4.821      3.794      1.917
     0.733      1.992      0.000      2.737      3.746      4.416      5.225      0.686      1.869      4.045      2.726      4.230      2.809      1.578      1.407      0.552      0.227      2.318      1.691      0.785      5.236      3.250      1.456      2.636      3.701      5.341      4.407      4.491      4.194      2.311      5.045      1.527      0.947      1.884      0.360      1.935      4.067      2.662      4.852      4.517      4.096
     3.405      1.456      2.942      0.000      2.490      2.528      5.244      3.304      3.222      2.478      4.450      4.933      2.240      4.530      2.010      3.518      2.401      1.970      2.112      2.661      5.872      4.222      3.055      1.863      5.999      7.176      2.293      2.908      5.663      2.808      1.676      4.844      3.952      1.651      3.449      3.684      6.509      5.233      5.641      6.181      1.581
     5.728      2.032      3.587      2.787      0.000      0.203      2.651      4.246      3.284      1.323      3.679      4.186      4.472      4.636      2.987      4.771      3.875      1.817      2.415      4.699      5.002      3.968      4.444      1.824      4.573      4.501      0.628      1.500      6.166      3.050      0.881      4.763      4.993      3.712      4.669      3.452      5.639      5.505      4.773      4.748      0.979
     4.650      2.036      3.839      2.334      0.220      0.000      2.776      5.137      2.875      1.216      3.119      4.936      3.679      4.212      2.736      5.115      3.520      1.584      2.162      3.751      4.598      3.562      4.806      1.753      4.647      5.314      0.618      1.750      6.082      2.439      0.693      3.970      5.037      3.225      4.703      3.226      7.006      6.042      4.845      3.834      0.905
     6.445      4.470      5.876      5.343      3.239      3.447      0.000      5.827      3.579      2.288      2.874      2.380      6.258      4.094      4.016      6.502      6.263      3.970      4.090      5.694      1.156      1.879      6.265      3.743      3.277      1.553      3.741      4.907      3.018      3.267      3.802      4.068      6.128      5.847      5.330      3.251      4.190      6.115      1.857      1.807      3.979
     0.573      2.309      0.745      3.403      5.097      3.993      6.900      0.000      1.992      3.855      2.651      5.995      2.277      2.169      1.796      0.090      0.477      3.357      2.059      0.624      6.299      4.405      0.945      3.261      4.510      6.317      5.542      5.331      5.463      2.516      4.637      2.389      1.002      1.561      0.629      2.222      4.735      3.334      4.904      6.235      3.735
     2.297      1.586      1.413      3.045      2.788      2.684      3.206      2.511      0.000      2.139      0.981      2.883      3.612      1.326      0.959      2.084      1.545      1.386      0.949      1.872      4.483      2.540      3.237      1.071      2.144      4.674      3.416      5.022      2.848      0.659      3.015      1.659      1.994      2.478      2.106      0.885      3.251      2.913      2.942      3.365      3.366
     4.001      1.918      3.435      2.809      1.633      1.390      2.217      4.580      1.992      0.000      1.976      3.356      5.236      3.351      2.248      4.538      4.285      1.190      2.270      3.581      3.201      1.978      4.573      1.413      2.901      3.378      2.000      3.056      3.745      1.793      1.801      4.138      4.024      3.371      3.301      2.278      4.179      5.347      2.540      2.950      2.028
     2.599      2.629      2.008      3.308      3.601      3.068      3.329      3.465      1.072      2.304      0.000      2.300      4.058      1.255      2.161      3.112      2.960      2.222      2.227      2.963      3.528      1.250      3.482      1.528      1.535      3.402      3.682      4.546      1.907      0.898      3.751      1.537      2.430      3.819      2.608      0.613      2.655      2.538      2.247      2.141      4.331
     5.459      4.108      4.771      5.316      4.975      5.146      2.498      5.887      3.121      3.650      2.374      0.000      7.184      2.797      4.945      5.688      4.533      3.317      3.728      5.132      1.395      1.296      5.476      4.273      1.964      1.433      4.692      5.649      1.107      3.048      4.570      3.868      5.239      6.866      5.652      2.795      2.264      4.242      0.680      0.716      6.295
     2.691      3.138      2.797      2.009      3.869      5.021      6.994      2.164      3.782      4.003      4.135      7.017      0.000      3.954      2.582      2.402      2.718      2.923      3.160      1.753      6.772      6.802      1.404      4.058      6.429      7.784      4.946      5.784      6.206      3.454      3.536      4.320      3.567      1.171      2.791      4.404      7.315      5.959      7.456      7.951      4.320
     1.712      2.604      1.708      3.401      4.543      4.802      3.909      2.432      1.243      3.432      1.196      2.914      3.556      0.000      1.834      2.258      1.627      2.294      1.855      2.599      4.779      2.826      3.433      2.046      1.809      4.428      4.479      5.110      2.447      1.800      4.640      0.398      1.650      2.842      1.727      0.637      2.613      1.754      4.029      3.163      5.302
     1.706      0.799      1.375      1.979      2.636      2.692      3.797      1.455      0.901      2.770      2.371      5.137      2.625      2.219      0.000      1.582      1.356      1.015      0.355      1.169      5.176      3.015      1.962      1.350      2.882      6.379      3.175      4.698      4.548      1.747      2.859      1.860      1.867      1.573      1.586      1.875      5.347      4.385      4.901      4.242      3.268
     0.470      2.498      0.712      2.922      4.596      4.688      5.932      0.099      2.291      4.235      2.654      4.737      2.431      2.282      1.635      0.000      0.484      2.784      1.938      0.616      5.585      4.419      0.951      2.915      3.577      6.662      5.630      5.067      5.283      3.243      5.087      2.193      1.156      1.527      0.519      2.642      5.076      3.425      5.440      5.488      4.220
     0.570      1.777      0.213      2.706      4.140      4.309      5.061      0.485      1.882      3.750      2.721      5.588      2.047      2.015      1.385      0.526      0.000      2.280      1.665      0.567      6.514      4.403      1.319      2.076      3.162      5.799      4.825      5.660      4.685      2.443      3.753      1.842      1.027      1.708      0.357      1.776      4.339      3.152      5.081      5.499      4.488
     2.778      0.775      2.175      2.150      1.653      1.872      2.941      2.698      1.140      1.386      2.284      3.773      3.739      2.868      1.230      3.284      2.565      0.000      0.720      2.669      3.640      2.210      3.415      0.295      3.058      5.157      2.194      3.306      3.900      1.035      2.397      2.497      2.716      2.135      2.798      1.845      5.222      4.167      3.935      3.811      1.718
     2.451      0.487      1.739      1.843      2.450      2.202      4.382      1.865      1.028      1.893      2.310      4.327      3.254      2.006      0.456      2.357      1.419      0.731      0.000      1.355      5.236      3.158      3.005      0.888      3.563      4.852      2.975      3.889      4.118      1.178      2.916      2.111      2.614      1.758      2.038      1.521      5.354      3.329      3.690      3.904      2.729
     1.067      1.604      0.655      2.032      3.772      4.110      5.995      0.608      2.031      3.748      3.235      6.126      1.707      2.529      1.006      0.528      0.584      2.490      1.353      0.000      5.277      3.905      1.124      2.654      3.561      6.963      4.136      4.800      4.706      2.886      4.501      2.640      1.355      0.869      0.854      2.164      5.183      3.428      5.085      4.697      3.584
     5.270      5.201      5.048      5.731      4.614      3.805      1.440      5.743      3.611      3.655      3.184      1.434      7.589      3.658      5.533      7.118      6.295      3.758      4.067      6.781      0.000      1.614      6.520      4.052      3.323      0.602      5.042      5.857      2.936      3.618      4.641      4.951      5.904      7.307      6.706      3.856      4.475      5.088      0.689      0.711      5.848
     5.001      3.653      3.452      4.209      2.926      3.461      1.753      4.626      2.323      2.205      1.582      1.321      6.581      2.849      3.776      3.923      4.187      2.937      2.865      3.575      1.698      0.000      5.022      2.738      1.742      2.445      4.194      5.050      1.689      1.488      4.058      3.050      4.348      5.311      3.501      1.847      3.381      3.511      1.362      1.187      4.810
     1.284      2.294      1.398      3.331      4.569      4.931      7.645      0.962      3.037      4.654      4.010      6.981      1.508      3.525      2.115      1.019      1.306      3.410      2.404      1.066      5.983      4.494      0.000      2.961      4.148      8.255      5.826      5.397      6.334      4.107      5.603      2.736      2.109      1.126      1.539      3.080      6.606      3.918      7.010      5.952      4.714
     3.115      1.080      2.321      1.932      2.260      1.611      3.339      2.869      1.170      1.333      1.684      3.161      3.477      2.662      1.406      3.191      2.557      0.263      0.822      2.263      3.681      2.658      3.099      0.000      2.866      4.456      2.581      3.839      3.900      0.830      2.322      2.458      2.573      2.158      2.980      1.583      4.259      4.563      3.028      3.643      2.460
     3.784      3.192      3.542      5.459      4.929      4.318      3.524      3.874      2.165      3.455      1.494      1.727      5.671      1.548      3.852      4.103      4.088      3.821      3.120      3.504      3.058      1.733      5.318      2.856      0.000      2.911      5.799      7.110      1.160      1.987      5.269      1.919      3.015      4.071      3.762      1.430      1.260      2.232      2.069      2.240      5.517
     5.871      5.101      5.791      7.145      4.301      4.925      1.502      5.807      3.966      3.141      3.105      1.460      7.278      4.908      6.276      7.021      5.914      5.430      5.282      7.340      0.566      1.999      7.465      4.415      3.221      0.000      5.212      6.211      2.401      3.420      5.021      5.950      6.107      6.997      5.848      4.250      4.219      5.688      1.015      1.041      4.947
     5.408      2.459      4.564      2.473      0.515      0.653      3.552      5.083      3.044      1.881      4.707      5.019      5.045      5.668      3.249      5.656      4.723      2.358      3.378      3.603      5.390      3.912      5.980      2.769      6.144      5.862      0.000      1.147      6.468      3.484      0.389      4.993      4.993      4.425      5.289      4.878      7.331      7.148      4.560      5.069      0.771
     5.741      2.870      4.836      2.493      1.610      1.741      4.227      6.167      4.814      2.652      4.614      6.332      4.725      4.959      4.763      4.755      5.265      2.981      4.239      4.770      5.041      5.300      6.351      3.789      7.260      5.767      1.151      0.000      6.649      4.380      1.216      6.573      6.823      4.027      5.899      5.127      8.458      8.002      6.020      6.018      1.426
     5.249      5.128      4.278      6.328      4.518      5.460      3.212      5.585      2.979      3.895      2.441      1.112      6.046      2.830      4.641      5.222      4.193      3.673      4.406      5.067      3.010      1.865      5.232      3.878      1.141      3.022      5.596      7.000      0.000      3.354      5.691      2.905      3.772      5.404      4.391      2.731      1.231      2.425      2.182      1.623      6.101
     2.936      1.948      2.480      2.620      2.902      2.915      3.329      3.105      0.526      1.761      0.853      3.031      4.212      1.932      1.477      2.938      2.169      1.033      1.263      2.510      3.589      1.571      3.905      0.953      2.448      4.313      2.888      4.401      3.463      0.000      2.939      1.950      2.747      2.749      2.439      1.032      3.289      3.722      3.083      2.958      3.376
     5.646      1.996      4.678      1.818      0.724      0.761      3.607      4.099      3.324      2.042      4.263      5.063      3.723      5.361      2.806      4.733      4.875      2.364      3.202      3.628      5.370      3.834      5.378      2.101      5.070      5.716      0.415      1.031      5.337      3.333      0.000      5.514      4.330      4.171      4.591      4.533      6.244      6.761      5.434      4.591      0.445
     1.539      3.127      1.436      4.873      4.119      4.695      4.003      1.879      1.894      3.687      1.365      3.278      4.125      0.407      2.029      1.767      1.521      3.303      2.554      2.434      3.937      2.865      3.197      2.476      2.254      5.762      5.251      6.011      2.582      2.110      4.251      0.000      1.032      3.234      1.410      1.190      2.874      1.587      3.945      4.340      4.434
     0.612      3.116      0.838      4.190      5.516      5.273      5.614      1.027      1.951      3.656      2.338      4.591      2.867      1.311      1.895      1.063      1.158      3.186      2.127      1.552      6.184      4.056      1.733      3.366      3.570      6.329      4.713      7.089      4.091      2.390      4.333      1.178      0.000      2.189      0.644      1.843      3.340      2.085      5.664      4.250      4.175
     2.161      1.606      1.594      1.853      4.188      3.036      5.029      1.566      2.761      3.769      4.043      6.881      1.091      2.955      1.306      1.452      1.568      2.355      1.521      0.849      6.363      4.497      1.142      2.797      4.000      6.305      4.281      4.237      4.922      2.606      3.346      2.768      2.483      0.000      1.560      2.826      5.114      5.340      6.914      6.171      2.857
     0.403      2.380      0.376      3.211      4.848      5.019      5.212      0.648      1.621      3.660      3.019      5.283      2.453      1.512      1.417      0.537      0.370      3.100      1.747      0.863      5.111      4.694      1.514      2.773      3.223      5.276      5.589      6.528      4.563      2.087      4.468      1.783      0.682      1.539      0.000      2.186      3.733      2.897      4.661      4.661      4.949
     2.111      2.071      1.540      4.075      3.292      4.035      3.566      2.249      0.796      3.071      0.555      3.005      4.343      0.558      1.741      2.758      1.712      1.900      2.064      2.611      3.845      2.284      3.118      1.991      1.771      4.107      4.866      5.002      2.581      1.078      4.666      1.033      2.092      2.657      1.859      0.000      2.714      2.178      3.609      3.178      3.496
     4.527      5.041      4.456      5.746      6.333      5.570      4.476      4.533      3.855      5.308      2.325      2.125      6.972      2.440      4.722      5.018      4.625      4.264      4.877      5.226      3.573      3.016      5.176      4.612      1.255      4.462      6.819      7.248      1.196      3.514      7.464      2.816      4.274      5.044      4.179      2.843      0.000      1.973      2.834      3.035      6.995
     2.701      4.487      2.876      6.429      5.678      5.206      6.096      2.883      2.884      5.399      2.670      3.552      6.186      1.587      4.242      3.639      3.261      4.189      3.392      4.173      4.504      4.424      3.976      4.538      2.309      5.537      6.755      8.487      3.221      3.209      5.864      1.393      2.610      5.143      3.250      2.318      1.944      0.000      4.179      4.523      5.951
     6.271      4.995      5.444      5.657      4.373      4.600      1.498      5.259      3.645      3.436      2.585      0.749      6.824      4.171      4.326      6.249      4.278      3.697      4.721      6.068      0.712      1.291      7.464      3.722      2.236      1.110      4.278      6.402      1.869      2.508      4.562      3.330      5.684      5.241      5.632      3.177      2.780      3.719      0.000      0.000      5.711
     5.406      3.979      5.612      5.858      4.835      4.375      1.835      5.014      2.996      3.106      2.336      0.635      5.984      3.776      4.177      5.860      5.406      4.252      4.774      6.136      0.758      1.208      5.994      2.983      2.476      1.245      4.989      5.713      1.969      3.357      5.387      4.377      5.255      5.399      5.892      3.090      3.615      4.199      0.000      0.000      4.499
     4.969      2.191      3.345      1.753      1.188      1.086      3.552      4.282      3.518      1.988      4.007      5.855      3.495      4.376      3.142      4.373      4.145      1.811      2.846      3.118      5.338      3.803      4.284      2.396      5.603      6.462      0.814      1.349      7.075      3.311      0.461      5.288      5.025      3.062      4.317      3.571      6.871      6.682      4.439      6.032      0.000
