0 211 55 305 415 443 486 47 196 369 293 405 196 190 169 40 56 296 187 104 533 406 96 228 376 524 543 588 465 273 419 184 49 145 38 175 380 251 458 440 438
275 0 204 131 183 180 379 211 125 198 214 349 217 260 78 192 206 73 49 175 497 289 254 81 348 486 233 289 367 165 211 296 291 131 211 184 478 351 449 412 181
55 148 0 268 401 363 491 72 156 276 226 483 222 147 112 61 18 194 130 58 421 303 129 221 337 483 346 482 346 183 439 159 88 126 32 140 425 261 469 433 374
291 122 267 0 253 223 512 261 287 258 311 500 234 303 206 280 224 166 192 220 631 366 240 223 474 564 211 245 514 308 161 322 373 136 310 366 669 481 500 496 156
433 192 362 228 0 21 323 377 294 137 342 454 347 353 286 365 405 175 270 365 418 268 382 198 391 449 58 119 413 237 63 375 471 371 459 308 544 574 430 348 114
473 191 382 210 18 0 332 358 266 116 276 429 414 360 246 373 382 171 246 392 374 348 447 161 371 423 49 142 497 274 61 426 488 359 346 305 583 457 366 367 86
622 401 504 422 242 320 0 453 314 228 296 185 575 438 402 563 530 260 308 427 124 172 556 256 365 141 287 369 354 292 417 429 572 530 556 381 463 424 166 146 431
40 203 67 283 414 435 452 0 183 326 310 517 164 205 131 6 43 291 192 65 498 375 64 225 376 511 372 550 526 246 353 212 86 136 44 203 464 329 499 568 331
170 145 161 274 289 303 346 205 0 167 98 313 304 122 83 204 141 123 89 167 349 178 253 95 244 396 295 472 321 58 299 136 165 253 167 83 286 262 354 333 341
412 205 319 262 123 120 221 397 175 0 224 254 398 256 197 427 380 112 187 333 258 157 366 131 322 311 188 292 343 140 220 312 421 389 314 212 480 507 236 249 212
243 228 215 407 356 278 318 263 84 207 0 230 409 106 162 228 194 214 153 230 311 132 342 170 137 299 369 443 235 71 405 151 253 330 243 49 261 219 196 248 364
461 466 388 494 429 372 213 536 300 350 189 0 544 276 424 545 473 381 354 487 132 101 603 322 139 129 473 641 127 221 552 304 456 499 412 254 216 328 58 50 558
242 250 231 192 353 383 570 199 304 476 437 659 0 403 213 185 211 343 293 186 670 549 128 300 467 721 373 513 667 387 324 393 276 80 211 404 669 522 637 580 349
152 212 126 404 398 365 395 185 99 333 124 337 420 0 164 174 179 232 164 234 453 257 313 194 139 463 502 522 266 170 430 37 115 290 142 62 243 188 365 292 430
161 62 100 198 270 219 345 154 98 206 161 340 199 179 0 165 97 124 31 90 469 280 209 120 253 534 306 418 395 139 250 176 212 117 128 150 462 351 410 351 270
39 172 48 283 375 418 601 7 200 386 278 429 168 224 159 0 34 293 157 50 471 344 92 274 312 534 475 574 374 289 465 177 113 137 38 225 401 340 433 457 364
54 160 16 286 372 331 561 49 137 334 205 493 206 183 128 43 0 182 127 48 535 363 114 224 324 501 404 541 408 214 364 147 100 115 28 154 357 249 460 393 407
296 64 229 166 190 152 352 271 114 106 176 366 357 247 110 285 252 0 74 225 349 249 311 25 319 477 176 266 410 112 197 237 296 198 239 200 379 442 289 297 201
175 51 127 186 229 247 358 169 76 158 208 416 218 183 39 181 152 77 0 150 358 299 228 80 255 453 296 327 418 104 215 247 221 146 174 137 373 339 430 319 260
99 176 69 206 374 326 577 64 157 348 275 493 172 220 107 58 43 174 157 0 539 317 105 228 404 653 425 407 518 224 311 177 118 83 90 195 483 385 519 498 279
549 475 548 492 357 418 134 496 364 326 313 122 600 422 380 520 431 437 399 527 0 160 669 410 319 45 393 552 250 317 397 472 520 542 542 322 345 474 65 77 473
395 293 334 366 358 266 159 345 224 214 145 132 569 244 327 411 306 226 227 360 184 0 405 185 148 173 330 483 169 133 377 295 319 444 412 201 230 294 92 118 345
133 227 136 292 415 407 655 71 226 396 386 560 121 293 227 85 120 276 230 100 735 536 0 303 458 736 412 532 566 362 441 291 192 108 136 340 577 388 576 560 432
241 87 205 219 157 146 316 239 97 100 132 376 369 190 112 252 214 27 65 199 391 185 278 0 234 410 240 327 380 94 241 274 307 256 254 173 372 422 275 363 172
276 318 317 408 428 470 372 347 212 363 134 169 456 177 309 322 336 325 254 336 291 139 397 252 0 318 442 496 104 205 494 168 247 434 299 132 142 203 192 185 517
581 568 580 577 381 514 135 561 385 302 368 126 638 440 431 509 596 355 495 595 42 229 759 471 312 0 520 557 248 331 523 535 503 659 581 376 408 452 118 114 542
487 248 453 237 48 55 360 498 278 194 314 479 398 465 335 378 421 174 253 344 383 315 464 234 526 422 0 100 557 269 39 455 425 325 448 367 575 685 496 449 79
453 280 516 214 137 142 381 466 360 271 490 608 462 467 339 451 423 272 333 467 602 379 445 351 593 566 92 0 602 434 93 477 541 467 559 420 603 663 535 447 111
377 355 435 550 459 410 268 447 305 381 220 130 643 250 443 464 391 443 331 498 245 190 457 301 107 292 623 701 0 296 636 253 413 540 446 252 104 236 164 199 571
251 150 190 264 228 218 309 257 61 146 71 240 319 153 131 295 181 123 108 238 277 142 312 92 201 300 318 381 301 0 315 170 255 299 222 90 284 272 296 235 292
468 222 425 177 72 68 306 351 321 168 347 547 325 478 300 431 363 169 250 324 491 408 415 203 471 556 37 105 539 285 0 397 488 285 379 347 638 666 519 429 44
170 300 132 413 454 471 410 176 166 333 147 303 355 36 171 174 139 241 236 174 422 260 281 203 184 477 443 585 302 167 516 0 92 279 154 95 218 161 380 304 409
54 283 81 324 484 492 460 100 171 411 255 389 290 120 209 116 89 294 199 151 581 361 154 303 307 529 440 535 332 277 506 110 0 260 56 160 351 223 481 395 502
166 152 139 149 293 318 486 145 196 380 302 494 105 282 120 114 141 204 168 78 561 497 117 215 364 532 404 414 483 254 343 251 206 0 167 271 555 431 553 476 269
28 198 25 257 403 366 436 53 182 396 263 406 236 169 146 49 34 227 178 81 535 392 140 198 256 568 428 578 341 256 471 144 53 155 0 178 343 240 472 494 355
200 190 161 319 336 299 313 243 82 239 50 297 435 66 161 250 176 187 139 230 384 174 290 157 141 364 403 443 256 85 353 94 194 254 189 0 266 181 259 293 359
348 492 340 671 643 480 396 501 318 505 210 208 586 256 451 496 431 489 352 380 327 310 565 400 144 304 639 674 110 330 527 230 301 602 435 293 0 147 305 270 546
240 395 308 501 602 547 483 277 292 465 276 391 457 180 395 330 248 380 391 309 425 286 366 407 220 523 529 611 285 274 499 143 187 470 303 221 197 0 424 338 516
437 404 409 538 398 379 141 542 301 310 193 61 705 313 422 492 514 347 416 491 70 100 600 340 227 97 478 559 152 240 414 400 475 465 468 268 245 378 0 0 402
439 443 401 469 408 382 138 476 323 243 236 64 573 373 443 511 535 328 347 447 60 118 519 285 184 113 468 532 167 299 454 347 491 520 537 305 313 458 0 0 464
347 197 303 134 116 93 361 383 339 170 417 545 329 397 272 427 317 204 192 319 501 434 420 206 403 453 77 135 468 272 40 446 457 289 324 330 662 666 482 546 0
