     0.000      6.106      1.469      4.039      6.048      3.064      2.678      5.691      2.703      1.408      5.477      3.126      5.614      1.698      2.918      1.461      2.631      1.676      4.323      1.488      3.760      5.810      4.782      3.479      3.923      2.691      6.505      2.042      2.441      1.916      2.366      5.643      2.262      2.110      5.387      7.000      5.744      6.123      4.637      4.525      1.865
     7.893      0.000      6.882      3.399      4.165      4.261      4.583      4.383      4.926      7.324      1.167      3.646      1.035      6.498      4.690      7.473      7.146      5.189      3.319      7.630      2.731      4.702      2.859      2.913      4.821      5.504      4.224      4.673      5.228      5.843      5.472      1.383      4.476      4.907      3.600      0.928      1.142      2.049      2.719      3.327      6.425
     1.330      5.760      0.000      3.634      4.041      2.515      1.695      4.600      1.265      2.674      4.863      1.846      5.632      1.480      2.344      1.845      2.900      0.719      3.201      1.114      2.850      4.314      3.761      2.424      3.064      1.824      4.552      1.572      1.357      2.298      2.006      5.264      1.466      0.867      3.690      4.944      5.881      4.057      2.962      3.619      0.873
     4.082      3.590      3.402      0.000      5.517      1.036      2.583      6.133      4.324      3.835      3.540      2.341      2.724      5.505      4.580      4.587      5.806      3.015      2.979      4.883      3.082      5.374      3.434      3.360      4.509      4.045      6.747      2.369      4.539      2.636      1.674      3.953      2.399      3.760      5.113      3.622      4.295      3.896      0.969      0.863      3.512
     5.789      4.013      3.804      4.636      0.000      4.100      3.294      0.872      2.614      6.506      2.728      3.268      3.571      3.649      1.917      4.418      5.582      4.371      1.715      4.052      1.644      0.924      1.688      2.156      1.436      2.648      0.831      3.251      2.839      4.709      5.024      2.812      3.594      2.872      0.382      3.284      3.477      2.036      4.766      3.873      3.349
     2.666      3.786      2.446      1.190      4.949      0.000      1.288      5.269      3.148      2.593      3.256      1.132      3.018      3.761      2.940      4.604      5.419      1.925      2.786      4.357      3.130      5.326      2.705      2.409      3.903      2.995      4.216      1.291      3.672      1.963      0.842      3.588      1.291      2.071      3.962      3.888      3.345      3.907      1.010      1.046      2.984
     2.609      3.609      1.530      1.943      3.661      1.042      0.000      4.456      1.655      3.774      3.315      0.319      3.626      3.372      1.908      3.868      3.633      1.429      1.437      3.164      1.616      4.646      1.740      1.545      2.893      1.684      3.375      0.569      2.422      2.661      1.244      2.981      0.157      1.298      3.149      3.804      3.846      2.724      2.093      1.635      1.534
     6.418      5.737      3.893      5.719      0.773      5.161      3.292      0.000      3.043      7.061      3.926      4.197      4.399      4.656      1.981      5.777      4.841      5.144      2.284      5.654      2.609      0.705      2.531      2.610      1.504      3.157      0.140      4.254      3.367      6.205      5.881      3.141      3.842      3.484      1.042      3.566      3.767      2.780      4.665      4.602      3.861
     2.359      6.080      1.704      4.655      2.420      3.199      1.690      2.685      0.000      4.474      4.049      2.370      4.922      1.874      0.606      2.204      2.500      1.945      1.767      1.938      1.971      3.462      2.463      2.223      1.415      0.392      3.149      2.090      0.986      2.873      3.213      3.574      1.971      1.050      2.980      5.102      4.743      3.154      3.632      3.638      0.731
     1.384      6.619      2.268      3.629      5.788      2.996      3.566      7.608      4.571      0.000      5.987      4.052      6.721      3.787      5.179      2.840      4.045      2.610      4.389      2.509      4.798      8.296      4.429      4.316      6.063      4.044      7.730      2.313      3.419      0.885      2.306      5.613      2.800      2.765      5.983      6.600      5.503      5.611      3.734      4.251      3.108
     5.029      1.503      4.283      2.913      2.653      3.296      2.486      3.200      4.630      5.943      0.000      2.254      1.114      5.818      3.744      5.456      6.991      3.705      2.437      6.616      1.678      3.416      1.381      2.189      4.215      3.180      4.292      2.917      4.502      5.125      4.316      0.249      3.062      3.561      2.638      0.426      0.582      1.473      2.334      2.850      3.876
     2.890      3.949      2.314      1.865      2.991      1.276      0.339      3.843      2.209      4.039      2.708      0.000      3.028      3.820      1.833      3.963      4.641      1.356      1.665      3.917      1.602      3.630      1.638      1.409      2.954      2.020      3.699      0.869      2.907      2.783      1.578      2.559      0.445      1.241      2.936      2.968      2.831      2.724      1.498      1.663      2.216
     6.936      1.145      5.037      2.542      4.128      2.454      3.369      4.517      4.038      5.847      1.221      3.307      0.000      5.707      4.907      6.188      6.312      5.042      2.588      6.727      3.061      4.755      2.424      2.602      4.011      4.211      4.941      3.899      4.710      5.617      3.141      1.390      3.850      4.258      3.649      1.090      1.130      2.586      2.249      1.967      5.237
     1.540      8.170      1.209      5.340      4.514      4.047      3.044      4.866      1.627      2.905      6.322      3.650      6.772      0.000      2.333      0.749      1.181      1.961      4.144      0.410      4.633      4.489      4.771      3.859      3.014      2.071      4.732      2.373      0.983      2.691      3.955      4.751      2.580      1.832      4.049      5.893      6.520      5.942      4.093      4.245      1.563
     3.685      5.771      1.814      4.320      2.146      3.666      2.280      1.966      0.570      4.995      3.385      2.016      4.674      2.500      0.000      2.988      3.325      2.404      1.490      2.543      1.620      2.982      2.431      1.313      1.191      0.433      2.235      2.119      1.593      4.265      3.475      4.061      1.817      1.583      1.909      4.844      4.011      3.286      3.885      3.374      1.334
     1.639      6.847      1.814      5.659      5.616      4.996      3.551      5.242      2.628      3.044      6.239      4.025      7.013      0.842      2.932      0.000      0.763      2.737      4.526      0.491      4.752      6.624      5.810      3.845      4.159      2.858      6.052      3.581      1.824      2.784      3.416      7.440      3.681      2.530      5.601      5.816      6.404      6.164      6.036      5.985      2.324
     2.576      7.373      2.856      6.566      5.440      4.488      4.420      4.654      2.947      3.658      7.998      4.339      6.405      1.207      3.390      0.927      0.000      2.673      4.335      1.179      6.090      7.029      6.163      4.415      3.981      2.831      5.952      4.210      2.178      4.535      3.936      6.856      4.318      2.765      6.238      6.372      7.548      7.031      5.370      6.625      3.008
     1.598      5.179      0.741      2.533      3.483      1.829      1.157      5.105      1.478      2.225      4.797      1.574      4.933      2.181      2.467      2.735      3.663      0.000      2.995      1.874      2.717      4.612      3.167      2.864      3.149      1.544      4.192      0.893      1.537      1.473      1.639      4.391      1.228      0.640      3.885      5.388      4.355      4.271      2.442      2.682      0.943
     3.959      3.880      3.057      3.478      1.882      3.051      1.517      2.263      1.980      5.706      2.315      1.756      2.480      3.977      1.671      4.257      4.270      2.969      0.000      4.275      0.247      2.157      0.645      0.239      2.141      1.465      2.555      2.111      2.632      4.659      3.137      1.860      1.603      1.859      1.324      2.822      2.415      1.793      2.968      2.578      2.273
     1.639      6.766      1.189      5.285      4.269      4.476      3.016      4.915      2.399      2.879      5.198      3.513      6.240      0.474      2.609      0.540      1.141      2.081      4.111      0.000      4.906      6.168      3.893      4.124      4.043      2.297      4.956      3.251      1.281      2.883      3.132      5.059      3.219      1.832      5.125      6.809      7.172      6.397      4.052      5.065      1.620
     4.624      3.056      2.968      3.364      1.354      2.941      1.923      2.299      2.444      5.266      1.818      1.522      2.969      3.956      1.996      4.892      5.048      2.626      0.294      4.268      0.000      2.494      0.438      0.402      1.740      2.009      2.367      2.365      2.682      3.898      2.811      1.856      2.000      2.179      1.219      2.008      2.547      1.744      2.331      2.984      3.101
     7.323      4.700      4.447      5.406      0.937      4.535      4.448      0.693      3.267      6.367      3.353      4.008      4.016      4.769      2.788      6.043      5.281      4.698      2.541      4.920      2.687      0.000      2.751      2.598      2.237      3.811      0.789      4.093      3.683      5.630      4.944      3.169      4.249      4.501      1.129      3.207      3.279      2.089      5.893      5.275      4.862
     5.278      2.678      3.902      4.016      2.038      2.436      1.819      2.549      2.564      5.891      1.672      1.679      2.631      4.194      2.064      4.949      5.517      3.319      0.659      4.354      0.388      2.473      0.000      0.626      2.136      2.012      2.539      2.329      3.083      4.139      3.098      1.536      2.544      2.991      1.443      1.671      1.871      1.127      2.910      2.645      2.837
     4.167      3.106      2.382      3.518      1.933      2.741      1.256      2.303      2.063      4.703      2.026      1.156      2.442      3.553      1.760      3.776      5.466      2.879      0.195      3.879      0.376      2.893      0.614      0.000      1.957      1.760      2.549      2.254      2.890      3.967      3.132      2.024      1.528      1.672      1.696      2.700      2.552      1.880      2.629      2.847      1.938
     4.556      5.131      2.993      5.936      1.484      4.694      3.022      1.142      1.620      5.790      4.313      3.208      4.333      2.956      1.186      4.439      4.021      3.372      1.823      3.418      2.364      2.102      2.612      2.093      0.000      1.423      1.302      3.778      2.000      5.582      3.845      4.105      2.709      2.295      1.602      4.221      3.972      3.315      4.115      4.693      2.438
     2.934      4.856      1.643      3.416      2.340      2.712      1.635      3.232      0.437      4.033      3.303      1.804      3.592      2.280      0.420      3.202      3.404      1.769      1.782      2.830      1.973      3.321      2.106      1.732      1.341      0.000      2.992      1.589      1.304      2.928      2.462      3.765      1.492      1.052      2.507      4.830      3.781      3.296      3.541      3.329      0.903
     5.935      4.896      4.289      6.434      0.768      5.438      3.884      0.128      2.697      6.347      3.270      4.452      5.642      4.824      2.503      5.319      5.206      4.904      2.024      4.865      2.295      0.832      2.705      2.972      1.450      2.446      0.000      3.890      3.933      5.806      4.542      3.598      3.935      3.769      1.387      4.798      4.504      2.315      5.849      5.850      3.576
     2.319      4.638      1.488      2.227      3.969      1.371      0.585      3.807      1.954      2.503      3.930      0.866      3.186      2.988      2.352      3.062      4.265      0.810      1.951      2.881      2.795      4.759      2.620      2.272      3.444      1.953      4.140      0.000      2.610      1.598      1.255      3.727      0.438      1.079      3.372      3.754      3.429      3.615      2.073      1.834      1.587
     2.626      7.073      1.247      4.417      3.043      3.262      2.132      3.261      0.922      3.359      4.495      2.318      4.785      1.016      1.255      1.686      2.285      2.079      2.746      1.247      2.896      3.734      2.964      2.642      2.164      1.102      3.315      2.335      0.000      3.749      3.010      5.603      2.638      1.186      3.615      5.923      4.901      4.235      3.927      4.319      0.918
     1.756      6.508      1.996      2.486      6.012      2.112      2.706      5.475      2.972      1.176      5.249      2.351      5.183      3.587      3.265      3.223      3.592      1.822      3.868      2.887      4.454      6.730      4.931      3.252      4.284      3.189      6.214      1.966      2.913      0.000      1.010      5.381      2.043      2.768      4.615      5.126      4.782      5.231      2.452      2.626      2.485
     2.793      4.208      2.158      1.263      5.377      0.853      1.394      5.624      2.674      2.112      3.376      1.732      3.168      3.596      3.118      4.299      4.142      1.633      2.854      3.584      3.676      5.274      3.691      2.541      4.915      3.256      5.345      0.997      3.053      1.150      0.000      4.215      1.281      1.877      4.484      4.177      4.421      4.629      1.470      2.040      2.729
     6.544      1.538      4.193      3.674      2.944      2.947      2.872      3.397      4.032      6.084      0.244      2.328      1.266      5.819      3.599      5.865      7.999      3.604      2.081      6.132      1.993      2.966      1.564      2.365      3.282      4.204      3.321      3.362      4.925      5.651      3.947      0.000      2.779      3.587      2.636      0.664      0.389      1.212      2.918      2.346      4.605
     2.833      4.641      1.641      2.322      3.318      1.176      0.178      4.403      1.676      3.076      2.690      0.512      3.399      2.977      2.052      3.210      3.695      1.083      2.009      2.660      1.909      3.678      1.857      1.681      2.748      1.293      4.104      0.433      2.342      1.996      1.574      2.767      0.000      0.838      3.285      3.665      3.862      3.586      2.059      1.961      1.407
     2.208      5.026      0.810      3.479      3.141      2.058      1.116      3.971      1.066      3.132      4.452      1.612      4.295      1.998      1.642      2.184      2.921      0.770      1.846      2.118      2.509      4.738      3.133      1.813      2.507      0.987      3.739      0.999      1.245      2.398      2.014      3.360      0.923      0.000      3.069      3.823      3.845      3.700      2.694      3.355      0.596
     6.201      3.643      4.049      4.058      0.399      4.490      3.037      1.340      2.853      6.034      2.320      3.219      3.288      3.755      2.304      4.991      5.015      4.172      1.427      5.146      1.177      0.977      1.241      1.524      1.289      2.357      1.320      3.187      2.889      5.485      4.590      2.340      2.695      3.429      0.000      2.791      2.624      1.696      4.001      4.565      3.766
     6.598      0.993      4.869      3.157      3.553      3.020      3.903      4.639      4.616      6.099      0.485      3.518      0.986      6.231      4.635      6.418      7.328      4.891      2.972      6.730      2.284      3.485      1.849      2.516      3.848      3.529      3.647      4.094      5.819      5.642      4.525      0.594      3.438      4.389      2.836      0.000      0.463      1.449      2.539      2.608      4.859
     6.416      1.004      5.438      3.296      3.408      3.126      2.979      4.418      4.058      7.565      0.607      2.766      1.470      5.592      4.473      6.288      6.941      4.688      2.095      5.929      2.282      3.677      1.507      2.476      3.940      3.467      3.281      3.547      4.465      5.786      4.991      0.483      3.181      3.653      3.050      0.392      0.000      1.210      2.914      3.258      5.138
     5.501      2.741      4.205      4.983      2.141      4.021      3.428      2.607      3.420      6.214      1.258      2.932      2.142      6.331      2.725      6.708      6.293      4.360      1.780      5.058      1.484      1.746      1.404      2.043      2.950      3.058      2.615      4.042      3.895      5.920      5.245      1.028      3.351      3.723      1.302      1.411      1.281      0.000      3.220      3.690      3.681
     4.177      3.194      3.338      0.920      4.306      1.039      1.964      4.812      4.198      4.233      2.447      1.506      1.986      4.455      3.880      5.302      6.515      3.183      2.477      5.215      2.670      5.791      2.807      2.671      4.970      3.309      4.474      2.072      4.277      2.609      1.890      2.786      2.112      3.316      4.272      3.012      3.465      3.408      0.000      0.000      3.366
     4.791      3.180      3.848      0.816      4.041      0.900      1.707      4.957      3.645      4.139      2.176      1.379      2.284      4.616      3.748      4.727      6.240      2.579      2.646      5.181      3.175      4.712      2.993      2.851      4.838      3.917      5.557      2.050      3.856      3.190      1.765      2.787      1.881      2.783      4.304      2.552      2.584      3.232      0.000      0.000      4.041
     1.805      6.233      0.798      3.978      3.242      2.494      1.785      3.474      0.608      3.141      4.805      2.350      5.207      1.583      1.244      1.958      2.674      1.030      2.565      1.479      2.301      3.971      3.397      2.649      2.386      0.938      3.761      1.551      0.920      2.612      2.861      4.865      1.452      0.542      3.701      5.127      5.397      3.601      3.798      3.165      0.000
