0 741 151 436 748 319 400 690 329 165 607 388 803 222 434 166 296 184 526 176 584 741 541 457 558 340 745 325 249 222 245 662 350 286 544 777 808 734 424 464 258
963 0 727 443 444 417 449 561 671 721 152 431 119 735 558 1030 837 703 457 994 428 512 373 350 719 555 611 585 726 827 518 160 478 657 396 85 146 299 369 326 783
148 796 0 375 483 333 194 479 202 336 636 229 581 181 240 248 280 67 345 168 366 631 433 393 354 228 466 189 182 236 228 562 227 105 523 619 598 524 475 388 100
390 491 461 0 571 135 287 676 484 412 381 284 306 537 468 539 801 361 448 574 472 795 403 448 687 495 627 282 525 269 189 406 268 373 542 389 453 446 93 113 443
669 425 554 541 0 502 411 83 323 718 356 342 548 543 236 703 629 444 214 524 218 127 200 235 139 260 92 375 384 754 611 317 355 396 39 404 389 256 439 604 402
424 452 364 119 455 0 152 686 403 396 371 129 355 539 380 540 515 213 268 440 360 680 347 278 482 338 653 148 374 263 87 363 173 252 499 468 408 532 97 122 310
383 480 238 245 412 129 0 480 218 428 350 33 346 420 207 428 507 139 171 396 214 437 208 153 398 186 439 71 340 263 187 323 24 154 331 343 377 381 212 201 210
714 665 536 698 97 572 486 0 397 912 394 490 503 545 310 721 590 588 290 539 318 89 283 321 167 332 15 564 399 776 706 471 461 415 152 537 437 298 604 562 433
317 595 204 504 361 374 251 378 0 436 449 281 628 231 67 303 366 170 229 228 259 372 328 260 177 53 387 260 102 449 365 535 248 101 368 561 473 372 460 398 97
162 778 323 334 795 343 334 768 482 0 642 477 741 404 534 384 398 262 556 348 712 896 674 502 731 432 686 335 481 134 261 641 392 420 734 835 657 905 444 540 394
592 178 520 405 355 335 343 481 500 625 0 294 130 663 485 875 816 539 246 678 223 463 185 221 499 403 403 368 626 584 480 28 358 482 266 59 53 170 247 280 588
372 384 271 259 346 122 41 497 261 438 360 0 344 441 248 478 548 173 169 391 215 435 237 154 330 182 468 94 281 315 218 280 63 157 402 425 378 326 181 162 258
817 135 606 394 425 314 423 595 529 680 117 375 0 653 491 907 971 595 295 874 299 595 283 337 645 542 596 388 658 501 440 176 423 492 464 113 140 278 271 271 639
235 820 182 595 600 449 402 484 226 348 629 421 767 0 316 85 157 207 518 61 457 721 486 389 395 256 563 348 114 365 433 644 345 234 479 647 856 608 606 530 180
448 518 234 470 240 432 235 289 66 464 473 257 540 330 0 440 422 268 163 338 228 371 260 195 131 63 229 222 162 507 374 459 263 157 210 463 552 393 437 486 164
217 872 210 663 647 444 363 611 333 346 728 481 810 110 352 0 111 313 569 54 514 811 678 530 510 381 605 442 230 440 466 651 476 315 598 864 854 726 539 626 278
306 1086 255 695 742 608 517 576 299 470 815 627 987 129 438 88 0 416 679 160 726 815 601 560 470 458 593 496 267 416 536 853 492 415 718 866 850 690 832 703 314
216 563 72 357 497 234 147 502 173 300 577 161 542 257 243 284 325 0 332 210 337 554 404 335 413 210 536 110 220 213 206 557 134 99 481 636 564 442 287 281 136
453 450 346 380 197 268 176 310 244 561 231 206 357 506 203 539 689 358 0 482 36 290 90 26 259 214 275 303 318 540 362 227 192 284 173 329 275 220 342 356 254
202 875 145 666 643 444 354 506 245 331 803 378 827 49 330 53 120 238 539 0 444 614 502 415 459 326 527 332 143 307 426 710 388 216 576 756 776 701 501 527 221
552 383 389 396 173 314 232 264 272 539 233 191 299 483 224 503 722 386 33 489 0 286 47 46 260 211 261 247 354 537 379 189 252 286 172 275 262 167 310 369 295
672 531 632 701 99 641 444 82 482 967 339 451 473 571 355 790 700 555 265 758 300 0 338 359 245 371 116 485 421 799 781 331 421 416 109 471 339 269 706 669 458
630 393 433 378 243 325 248 320 374 549 154 236 293 597 288 690 713 433 71 600 54 279 0 89 291 234 291 288 405 442 370 137 260 359 159 252 185 137 342 338 335
558 350 359 450 234 276 152 335 227 606 246 178 344 430 172 502 565 279 26 539 52 321 91 0 285 177 290 276 390 400 401 251 171 246 177 361 260 200 298 293 247
582 697 422 715 163 434 306 182 199 696 410 371 646 377 119 459 529 341 253 386 278 228 332 249 0 156 168 362 246 539 606 389 358 327 169 542 544 375 620 458 327
372 532 202 481 238 337 170 301 44 459 401 190 479 243 65 306 426 228 209 288 218 451 285 184 167 0 317 231 135 352 389 475 200 103 327 429 446 346 442 414 92
583 665 523 675 115 687 536 16 359 731 516 480 531 590 288 716 693 492 263 629 268 115 325 294 160 297 0 453 407 768 700 477 544 490 157 543 487 352 532 516 494
324 532 182 265 388 156 71 473 221 323 441 95 407 316 295 335 494 83 254 383 277 593 309 259 328 218 529 0 278 204 132 471 55 111 436 447 552 505 215 259 213
291 779 168 504 435 362 325 365 106 474 585 328 559 129 187 246 285 203 357 166 369 486 470 359 261 158 462 268 0 451 352 529 237 137 435 712 725 486 573 444 86
187 700 282 241 671 202 248 691 415 133 663 337 669 349 481 352 529 181 420 319 478 646 587 456 682 335 655 186 372 0 127 565 261 264 616 631 710 672 336 309 290
273 497 270 151 646 106 203 618 386 274 431 207 409 480 427 441 510 164 317 412 343 691 396 405 593 366 598 134 464 129 0 498 181 261 539 483 616 556 206 230 305
798 154 495 475 327 385 335 491 536 763 22 340 175 697 444 766 961 494 228 657 203 329 174 244 500 488 481 416 663 552 545 0 430 433 318 60 56 136 366 271 543
353 556 200 304 408 170 23 444 198 415 381 66 439 363 254 369 521 127 243 399 236 447 227 210 293 165 525 49 321 303 151 387 0 116 341 493 402 382 200 201 162
258 592 101 380 429 290 145 388 122 379 406 191 483 249 194 261 375 92 219 213 256 573 326 200 274 103 477 124 174 284 286 499 131 0 393 551 543 419 330 351 63
693 488 484 492 40 517 353 130 274 814 319 358 369 600 232 684 743 410 176 521 131 122 181 184 191 328 168 453 376 668 624 341 351 439 0 361 300 176 445 532 423
637 106 524 406 474 391 461 491 467 885 61 337 96 869 568 766 941 531 303 841 252 497 261 363 570 538 448 501 712 576 510 79 423 594 419 0 55 197 293 325 542
696 122 675 536 317 434 375 510 485 709 63 397 173 854 503 685 750 583 249 678 226 446 211 322 452 539 397 472 661 641 501 59 416 584 342 44 0 143 325 349 617
824 327 495 569 256 389 382 322 513 831 162 314 258 718 382 871 793 608 182 716 200 228 123 205 359 403 297 510 488 728 546 124 464 520 201 197 150 0 471 353 443
463 320 353 97 598 117 190 669 376 469 290 208 213 632 377 537 683 305 294 504 330 526 317 268 620 458 628 269 566 287 239 363 206 411 447 288 417 349 0 0 485
458 329 420 91 549 96 205 699 441 445 257 207 252 564 371 546 609 364 366 560 299 638 278 326 499 469 575 276 464 309 239 276 216 307 522 295 399 366 0 0 365
268 597 95 519 392 299 200 442 74 425 524 217 480 155 167 253 315 145 324 197 322 485 327 288 307 103 411 178 94 287 313 598 210 61 364 564 571 542 384 374 0
