0 742 382 228 317 178 401 376 141 464 514 574 456 639 611 349 552 680 337 440 234 206 58 572 303 304 81 399 351 247 225 241 283 246 97 29 540 319 562 352 618 607 326 503 66 433 455 124 392 420 127 150 228 158 655 82 462 303 121 448 261 468 587 306 160 303 598 390 238 459 162 611 324 378 325 379 634 395 387 161 664 507 442 424 295 183 516 144 313 294 419 161 438 77 495 679 574 545 596 696 353
666 0 349 525 547 624 550 452 623 271 226 175 525 197 295 389 205 168 501 450 420 526 761 263 323 339 657 345 274 374 561 509 387 394 601 572 113 381 193 534 219 230 529 142 629 369 280 514 428 409 521 786 504 659 66 576 204 507 519 331 374 180 218 422 552 358 537 530 672 367 571 246 380 360 359 421 67 287 276 444 181 148 182 213 573 572 305 762 434 544 254 477 284 620 275 170 480 322 128 109 407
403 278 0 152 275 316 352 285 298 195 145 150 343 224 364 115 138 251 315 337 234 258 292 251 69 100 330 148 78 106 346 193 147 104 276 379 191 84 347 405 237 309 329 212 341 256 122 347 250 209 294 402 187 323 326 312 117 329 319 59 97 172 249 174 256 104 464 335 261 125 265 277 76 123 48 273 268 33 109 203 269 153 160 90 317 229 315 456 274 324 140 186 130 398 160 333 450 285 298 258 59
224 427 148 0 157 290 215 151 202 277 360 284 269 289 331 236 321 391 134 208 55 268 204 374 238 107 139 117 241 55 243 31 34 59 180 223 376 159 396 229 380 312 223 324 183 259 283 157 156 328 207 250 22 198 387 147 231 345 113 160 100 275 264 245 201 141 440 182 349 332 192 338 149 162 138 211 459 218 274 186 473 313 288 294 285 75 355 297 128 143 172 50 229 239 215 415 444 294 417 320 155
303 571 273 167 0 384 63 45 357 216 422 382 177 401 359 397 381 320 19 59 116 348 266 351 333 159 215 168 322 202 471 115 202 211 345 287 354 372 377 56 381 306 46 333 295 138 356 180 100 525 415 211 127 165 433 221 336 508 209 255 256 315 254 437 332 242 296 61 430 455 291 293 288 196 266 74 529 332 384 366 405 391 380 356 559 117 331 228 35 24 257 190 396 333 254 448 308 273 374 394 318
191 649 296 218 340 0 407 357 17 482 356 421 461 577 582 230 404 575 391 387 294 49 236 586 257 346 176 296 235 241 31 301 232 203 104 141 479 216 608 381 638 544 435 513 241 543 303 251 374 254 29 352 208 271 673 167 366 134 200 356 250 539 566 134 9 212 556 508 90 318 51 517 218 354 298 416 475 265 352 69 687 418 382 413 135 245 494 282 354 372 458 182 303 238 398 605 620 585 473 563 245
332 555 370 231 74 468 0 79 395 248 403 395 118 334 295 442 431 322 66 12 180 441 364 328 436 256 257 193 451 241 496 186 285 239 405 364 504 356 377 34 280 362 67 412 288 140 451 266 137 518 398 280 254 238 579 324 386 536 291 273 282 346 263 528 427 341 270 12 554 468 388 290 359 239 287 58 455 385 382 454 447 479 461 461 553 201 333 265 105 64 254 253 455 361 253 403 207 312 348 420 405
380 475 253 160 51 465 76 0 466 244 369 385 135 341 272 403 318 349 64 71 138 451 317 227 324 135 248 127 375 160 418 153 175 171 336 361 320 289 342 95 249 238 92 366 337 103 362 206 43 376 384 253 164 197 504 275 353 580 229 255 238 316 265 421 401 252 260 55 466 368 355 232 258 202 243 37 401 340 323 330 339 399 325 287 537 138 245 320 72 31 176 188 335 310 196 359 221 240 379 366 318
152 581 315 237 347 17 388 371 0 417 444 347 552 509 547 239 447 540 434 431 279 65 172 573 246 341 142 300 269 266 51 246 188 199 91 125 480 189 634 390 550 468 470 573 236 450 323 245 397 235 20 281 247 270 541 188 366 162 204 346 208 451 560 115 13 171 675 466 116 255 46 508 236 335 311 458 512 252 318 59 584 474 430 304 148 231 480 262 303 347 432 222 312 277 420 606 529 530 518 534 202
421 251 197 250 260 439 291 201 391 0 228 195 263 87 168 275 118 103 247 282 249 410 453 91 251 151 376 120 255 234 482 290 248 224 474 503 192 235 161 276 106 111 278 120 420 172 299 352 173 407 392 420 284 382 240 334 185 484 376 114 241 63 42 435 441 276 248 282 467 313 325 84 256 83 179 217 239 192 186 388 180 137 200 185 402 309 141 412 241 277 38 265 295 510 17 166 242 162 152 151 228
449 214 160 289 435 435 408 361 381 224 0 51 423 219 380 174 130 226 434 467 403 375 548 281 158 274 483 235 100 233 439 394 260 276 448 500 110 198 279 431 317 296 454 167 518 364 101 503 397 178 414 561 329 440 234 399 45 433 372 133 202 175 212 282 354 217 505 482 386 102 395 302 239 195 204 444 150 117 53 372 282 94 60 41 312 335 296 628 325 407 175 286 95 465 223 256 414 376 212 193 187
447 192 161 251 377 461 412 396 450 175 47 0 435 140 330 179 70 184 409 362 351 417 406 255 185 217 391 227 126 223 402 275 279 271 411 547 53 202 194 439 246 275 483 131 506 370 136 398 267 252 384 541 312 422 172 507 43 435 453 150 203 152 184 285 450 240 473 379 401 144 335 211 192 159 168 354 112 122 98 322 257 33 27 40 344 416 318 583 335 372 177 347 109 522 129 243 381 328 167 145 214
419 451 393 327 169 577 114 120 475 258 459 439 0 290 165 397 336 277 208 123 209 574 445 265 430 273 446 219 409 338 514 272 274 292 405 506 443 425 284 182 286 262 181 359 434 54 405 352 152 552 479 349 328 350 420 439 348 708 327 274 381 260 208 529 528 389 106 109 527 426 407 215 389 283 307 92 390 337 430 447 322 387 392 431 516 249 168 360 171 143 225 359 410 474 240 275 117 192 309 364 350
587 197 250 383 301 435 333 313 506 95 244 179 289 0 195 288 88 33 338 395 329 440 501 87 344 229 539 251 293 321 550 292 353 259 531 578 122 287 60 415 71 98 434 40 511 238 342 529 224 423 440 486 315 529 141 460 181 470 532 161 265 37 66 409 512 351 328 402 583 292 458 78 343 162 217 305 154 250 230 399 95 136 127 219 505 421 133 521 283 299 152 347 252 540 103 61 296 175 52 38 332
544 391 308 363 353 706 241 303 591 197 449 293 185 207 0 562 252 209 319 289 409 692 588 134 474 268 470 297 403 318 636 319 358 321 601 600 315 416 182 301 114 101 295 257 485 156 448 554 239 598 718 491 349 424 273 532 352 599 503 341 338 200 162 620 663 384 104 253 635 448 593 111 369 253 346 247 367 404 400 503 160 307 308 358 676 427 61 555 304 308 239 459 414 565 187 197 118 47 263 245 457
375 431 135 211 417 243 445 394 268 319 140 214 491 317 451 0 201 361 389 509 295 175 310 363 41 239 345 257 68 187 242 305 205 179 320 337 285 66 349 473 427 371 454 376 315 403 54 319 305 73 229 452 275 460 394 321 122 225 344 206 136 318 314 127 233 140 471 509 198 70 204 350 121 204 184 364 331 118 93 184 464 248 209 135 196 345 367 443 330 453 211 257 58 458 248 387 472 409 331 300 90
522 182 125 243 325 496 366 340 441 123 100 53 367 104 279 198 0 125 395 411 263 342 565 163 201 179 419 199 157 238 432 329 295 285 386 453 64 246 185 446 137 199 433 91 446 294 176 449 222 308 419 614 326 400 193 435 96 521 421 108 208 73 140 329 412 278 319 318 431 198 377 132 259 139 167 299 134 160 122 406 163 42 78 82 452 371 245 542 285 391 123 303 157 601 100 170 316 248 112 93 193
591 186 273 370 365 549 387 276 534 135 276 210 302 31 163 311 105 0 414 374 402 535 572 80 294 302 458 285 302 282 596 318 386 279 522 526 133 393 31 349 50 64 464 48 521 259 370 500 278 473 642 602 402 466 139 561 196 641 447 194 325 70 98 521 542 338 317 397 508 302 558 74 360 214 296 311 146 219 292 505 41 164 196 189 598 407 135 622 328 391 148 358 305 675 99 33 288 160 42 44 342
359 523 347 147 21 440 69 71 325 269 465 364 166 404 366 406 387 386 0 61 109 366 301 338 386 213 224 181 376 188 454 136 192 181 304 298 490 383 409 49 323 340 33 372 282 174 377 170 128 509 347 209 181 156 464 206 444 457 243 256 229 299 347 452 332 238 276 71 496 368 316 291 331 275 258 117 542 296 463 345 489 458 484 415 527 118 284 289 44 35 218 201 440 331 241 402 328 367 457 412 272
441 493 373 179 47 452 11 75 469 312 510 480 125 338 324 448 397 316 55 0 181 507 371 295 425 223 292 191 442 257 417 181 252 228 342 410 463 323 448 39 293 347 59 402 287 115 527 281 103 448 381 250 183 197 480 290 478 478 256 279 287 297 277 477 444 338 202 11 559 419 388 341 377 263 280 65 541 383 459 421 441 352 400 434 550 183 262 290 96 41 271 244 466 413 249 411 238 280 340 410 335
245 565 195 52 98 333 181 128 289 223 325 343 241 354 327 308 343 310 113 179 0 269 181 340 214 128 168 115 281 95 369 21 67 96 179 206 426 191 403 154 396 368 152 354 173 236 327 134 111 366 246 254 45 146 437 167 351 444 128 212 157 286 246 278 283 160 363 147 362 346 256 297 191 156 162 145 485 220 306 258 384 341 369 293 378 60 338 274 69 106 188 77 353 252 279 330 306 391 410 350 172
186 648 275 275 404 42 413 383 50 450 328 374 564 485 524 195 386 598 466 468 337 0 255 444 208 341 187 347 241 242 50 250 230 234 169 196 448 195 531 442 605 498 486 544 224 516 252 289 380 196 67 335 275 354 564 214 314 104 217 289 207 383 522 84 42 159 694 463 69 262 62 519 208 332 249 530 536 297 300 55 505 399 461 356 106 274 576 332 383 453 424 218 277 276 422 572 540 484 471 460 172
46 618 315 175 288 194 305 286 198 474 477 514 374 496 510 376 474 654 260 343 236 209 0 565 379 342 48 368 435 258 240 216 260 206 84 68 588 272 549 301 590 637 279 473 21 483 470 78 382 428 158 121 200 137 693 46 407 323 68 414 261 509 525 285 181 290 577 293 320 411 151 490 284 321 286 377 662 423 360 207 612 518 515 496 388 139 591 108 225 342 345 133 454 67 443 586 481 589 574 633 307
588 239 275 283 348 506 291 251 597 89 233 196 252 72 140 340 165 62 296 267 284 598 539 0 393 192 542 198 329 338 522 286 266 270 569 546 230 373 88 345 22 20 297 113 513 201 402 502 253 498 563 580 352 471 170 507 299 594 436 197 300 73 45 491 598 365 196 314 555 374 421 5 342 162 279 275 256 236 318 434 105 193 193 267 615 432 48 547 278 323 118 346 306 665 108 89 206 86 113 93 376
396 361 82 232 356 201 351 292 194 213 134 162 374 346 434 37 218 327 405 356 215 172 313 377 0 167 324 199 40 161 237 257 179 163 229 289 257 31 368 398 377 388 425 310 374 412 89 346 323 123 251 497 196 327 347 287 111 284 305 127 98 262 321 121 202 83 471 425 228 93 192 297 81 168 109 334 290 63 82 157 393 203 211 133 213 317 424 470 320 386 218 226 68 414 281 334 485 443 315 364 53
296 359 112 113 160 338 258 127 290 121 274 234 224 200 345 213 181 261 209 205 111 264 312 219 189 0 257 38 168 78 316 103 96 86 304 288 222 168 300 216 288 257 213 276 342 211 240 214 100 324 332 370 131 308 344 261 171 352 204 76 82 213 198 301 302 121 326 222 352 212 264 247 130 62 68 207 346 164 235 211 291 244 222 219 324 165 236 317 164 193 101 129 243 321 134 331 291 226 253 281 112
79 594 296 127 274 160 331 286 156 405 425 404 338 556 482 266 487 441 251 341 183 242 61 505 310 246 0 236 320 210 242 167 175 153 62 75 495 298 517 244 469 568 294 453 64 419 370 61 274 329 135 168 120 114 645 11 427 337 20 316 177 507 414 267 209 221 606 257 290 340 145 424 248 350 278 342 471 349 339 187 574 439 506 412 276 129 516 163 200 251 327 109 413 142 358 571 585 523 484 547 266
297 413 147 106 154 296 165 131 321 113 265 224 201 214 286 297 237 245 170 187 113 366 306 231 210 44 267 0 219 97 387 139 125 129 322 391 311 233 235 229 239 261 177 291 266 157 292 256 78 360 303 299 128 238 321 290 211 439 257 125 156 185 152 270 382 174 255 193 357 263 337 172 154 83 110 165 293 194 222 332 323 209 281 252 388 145 255 358 120 118 101 184 267 343 127 274 312 272 236 242 168
362 288 77 237 330 236 381 296 258 262 105 143 418 222 429 63 166 270 359 420 307 248 390 324 45 204 337 205 0 192 276 283 220 172 291 301 199 74 337 357 355 291 462 263 340 327 61 309 328 117 253 493 222 381 299 317 76 302 366 109 127 267 296 159 233 124 545 338 238 74 265 298 90 200 105 349 231 47 49 190 297 171 172 76 213 279 306 456 332 404 159 247 59 415 248 329 536 317 243 312 73
229 415 104 54 196 261 286 208 241 202 287 214 349 338 335 182 241 376 189 214 96 221 205 269 145 67 197 103 180 0 288 91 17 10 198 209 335 111 381 269 317 325 262 304 266 261 260 182 161 240 255 287 79 250 438 171 257 352 172 137 51 304 237 181 260 81 356 280 324 236 171 258 80 157 83 246 419 130 230 160 331 272 275 247 327 121 335 269 157 190 169 84 202 310 220 346 407 378 390 348 106
181 689 286 260 474 37 552 493 54 527 446 448 505 526 743 253 485 588 408 522 351 43 210 494 256 391 224 414 237 315 0 339 273 294 131 162 533 217 612 562 628 580 431 616 290 563 273 265 475 211 56 333 296 312 581 218 325 97 253 318 217 448 474 131 47 210 619 511 76 326 106 523 266 446 285 564 602 328 359 92 618 416 507 422 111 328 644 326 395 387 371 254 252 261 496 690 769 665 624 536 228
219 447 191 29 136 244 208 142 283 221 362 288 269 377 396 304 321 415 115 188 21 271 195 366 208 123 156 118 218 71 271 0 69 78 192 258 415 187 378 216 366 378 144 395 210 216 312 116 131 294 267 247 27 150 422 132 303 337 119 181 117 329 278 316 241 139 373 213 374 365 195 324 174 201 153 176 445 205 299 203 447 373 350 307 334 49 378 255 89 116 204 57 277 221 264 454 430 346 438 443 205
265 477 150 30 187 206 227 185 207 201 316 307 311 360 353 211 275 361 207 240 74 234 201 298 170 77 149 111 212 19 259 69 0 18 183 240 298 131 395 273 312 315 242 359 188 277 255 154 185 303 228 282 57 185 423 147 208 320 174 172 66 308 244 212 235 78 395 244 334 247 167 327 97 135 79 239 457 168 240 180 453 259 336 213 315 131 360 270 166 204 164 75 233 281 205 388 351 293 353 327 108
282 487 120 59 172 245 229 178 230 182 275 241 300 278 400 163 231 307 185 274 84 257 248 307 163 80 191 124 192 8 230 86 22 0 167 235 333 134 402 304 359 286 260 365 275 223 194 167 148 230 222 310 62 244 384 177 249 365 162 132 39 287 242 193 231 79 350 262 316 243 167 286 68 154 74 249 370 127 241 157 437 294 295 225 333 136 283 278 164 182 162 72 249 325 199 342 351 294 346 369 81
93 508 256 189 312 111 397 349 88 443 387 483 475 493 491 236 416 501 273 404 201 136 91 419 235 243 71 332 254 195 169 156 153 196 0 55 402 256 493 292 560 506 319 517 126 434 382 110 312 258 76 186 169 175 606 75 380 272 85 307 186 516 389 223 95 161 575 414 240 347 69 542 220 305 260 347 520 318 303 98 638 437 392 407 271 206 443 173 261 281 362 132 363 132 445 530 573 470 488 590 207
29 604 366 236 356 133 372 321 121 495 505 535 537 581 523 278 519 554 294 346 242 189 63 522 301 353 80 381 306 225 181 235 239 270 58 0 559 315 576 411 593 612 314 601 89 408 363 131 422 300 93 214 224 203 759 97 480 237 114 411 248 514 581 270 155 229 556 384 215 422 117 595 245 392 359 457 657 304 426 178 634 553 491 407 233 177 646 189 280 322 435 161 415 122 396 628 651 526 576 557 275
604 120 164 335 486 416 418 389 409 162 86 65 400 150 370 278 77 159 395 387 368 404 553 218 209 281 444 315 188 346 449 366 300 263 514 522 0 240 187 514 175 204 535 118 578 314 179 458 357 271 442 653 345 574 133 554 106 499 471 162 257 147 190 399 383 319 387 370 464 180 426 207 290 172 248 409 77 202 157 362 165 41 32 96 438 419 249 625 360 477 192 371 200 667 160 151 464 314 129 112 259
328 415 75 181 352 210 411 311 214 265 171 206 456 345 500 73 245 377 361 385 225 192 350 402 29 183 298 236 60 142 221 244 140 129 262 299 260 0 349 338 344 343 411 269 267 331 95 258 237 153 190 387 219 373 447 241 148 258 217 133 71 295 346 139 171 52 430 332 234 130 192 387 49 216 108 408 354 78 136 145 349 233 202 149 178 281 434 439 264 334 239 168 118 322 268 356 434 435 290 352 31
596 155 297 414 454 526 341 332 530 147 253 203 318 57 163 388 151 38 359 345 355 532 553 77 386 329 505 288 374 320 580 351 342 423 573 651 150 350 0 453 69 79 366 71 585 303 314 444 300 525 614 530 468 594 110 466 251 547 442 260 397 104 93 421 655 458 302 423 628 393 588 88 344 222 312 332 192 296 323 537 13 197 207 236 584 500 125 560 408 388 198 448 318 753 150 3 283 146 58 59 324
313 586 304 194 61 391 39 96 389 276 448 482 156 356 366 470 457 460 47 36 153 395 308 316 411 205 282 226 406 231 531 195 246 246 356 368 425 373 389 0 381 360 23 439 263 158 557 262 151 502 370 267 244 169 562 317 390 493 253 296 324 381 312 525 481 367 301 43 558 417 346 392 379 299 309 101 624 429 488 447 491 401 510 419 484 188 359 258 97 63 312 260 458 312 265 460 274 319 396 382 292
657 259 269 305 377 547 383 252 529 99 320 224 287 75 128 328 167 61 350 384 290 525 481 23 374 244 549 249 281 353 587 404 298 369 504 635 197 413 54 312 0 21 391 86 597 236 350 448 250 452 621 637 345 510 159 493 266 636 525 208 366 75 61 508 557 379 265 303 609 317 545 30 333 164 240 305 198 301 276 470 64 185 245 242 581 436 61 570 367 289 170 370 365 701 105 63 231 76 85 106 293
628 242 237 347 286 613 269 290 617 98 248 217 266 77 96 418 148 63 379 351 303 478 528 25 347 288 434 208 375 362 644 374 354 280 484 652 234 318 75 307 20 0 345 133 616 190 323 550 259 462 622 501 310 503 181 443 302 600 447 252 341 106 67 414 518 322 209 298 634 398 572 31 390 215 233 277 251 248 277 562 93 203 238 249 624 372 37 628 322 331 151 458 404 672 132 80 201 78 98 112 295
334 626 305 189 55 411 66 102 415 348 390 388 174 336 294 441 355 348 28 50 124 368 265 370 335 250 249 192 442 205 499 168 225 209 285 374 459 348 493 25 433 335 0 378 290 152 423 200 137 472 413 195 182 179 507 223 424 525 245 263 313 370 377 379 396 325 268 60 448 474 421 297 364 268 270 121 602 368 453 376 439 477 460 428 454 156 298 247 83 55 336 208 412 266 325 495 339 294 436 448 320
667 138 277 366 331 519 468 296 520 111 192 145 356 36 241 354 99 51 342 430 425 564 582 105 279 219 535 234 296 358 527 436 383 274 444 578 103 351 65 360 83 121 441 0 474 289 251 521 269 369 509 617 351 455 97 441 215 492 453 193 299 72 107 446 549 310 355 446 583 294 436 115 344 167 235 296 111 231 269 435 70 120 145 190 469 485 184 544 372 394 148 416 308 660 118 62 319 198 13 14 348
75 665 310 183 294 222 340 303 206 412 456 434 384 515 526 406 443 517 273 278 209 278 26 601 366 331 56 296 358 240 283 221 247 202 97 99 540 273 643 333 523 550 246 541 0 391 446 72 303 475 211 118 198 94 677 60 422 318 70 402 280 527 483 290 233 253 624 372 277 465 168 557 305 403 351 300 719 374 374 229 592 458 571 449 395 178 535 79 205 335 451 160 421 53 501 562 625 613 625 525 265
431 409 319 235 143 480 105 98 518 166 346 310 56 249 150 452 321 230 162 134 229 421 360 216 376 197 422 148 358 261 603 205 273 279 423 453 354 336 232 169 207 226 146 267 353 0 465 313 102 537 531 423 219 331 406 333 382 656 366 234 319 252 202 458 479 332 176 110 481 448 456 199 368 200 249 56 413 290 386 366 256 346 377 313 468 272 150 482 157 124 168 316 359 461 193 293 140 131 262 281 337
491 367 146 242 482 253 541 424 268 230 98 155 527 340 497 69 174 334 486 495 319 227 486 310 79 275 327 271 73 208 328 266 251 243 377 375 204 123 330 481 384 429 395 296 484 445 0 392 369 94 284 477 303 420 381 399 83 305 398 186 191 306 325 185 317 171 477 499 239 2 258 341 138 240 203 416 275 98 58 198 368 177 179 94 253 334 450 600 332 449 251 260 18 517 289 403 455 487 258 273 154
110 659 288 129 191 214 297 266 244 404 390 419 363 546 543 311 485 418 193 280 116 229 83 415 293 250 54 261 373 178 307 121 148 197 141 108 423 302 562 215 451 524 227 436 70 293 408 0 286 337 238 134 108 82 611 40 348 365 35 267 222 380 395 299 243 223 510 296 310 331 168 445 250 305 299 241 566 307 433 183 492 407 516 432 369 79 442 129 153 226 386 88 372 140 363 523 502 497 578 467 271
339 364 203 171 77 364 135 51 428 149 356 291 120 230 280 306 230 232 97 110 121 402 351 241 292 99 299 71 285 172 467 117 176 153 295 379 377 288 251 125 225 199 158 293 313 102 328 229 0 482 443 302 173 277 408 305 334 555 300 159 178 244 218 384 422 256 270 91 454 311 376 213 209 116 155 83 458 222 278 357 297 323 292 273 427 150 190 400 89 67 158 193 369 364 153 304 239 231 338 315 265
335 357 168 265 468 238 575 415 214 400 218 259 580 363 585 65 335 454 419 458 375 213 335 452 128 328 374 326 140 294 235 309 235 285 309 377 325 131 427 456 457 404 448 330 356 545 117 331 483 0 277 598 365 389 511 307 196 154 307 292 198 330 435 105 187 197 650 575 164 87 201 456 175 306 204 457 344 168 158 159 433 244 244 227 152 398 511 550 390 469 316 305 100 486 365 480 563 491 447 374 149
117 528 303 265 374 31 472 370 20 390 375 478 523 508 707 249 431 549 319 479 276 71 187 617 226 352 143 319 251 215 69 291 229 233 84 114 424 225 540 492 499 600 408 465 207 549 328 238 447 217 0 268 228 312 639 190 323 168 171 386 264 522 479 143 32 171 725 436 137 368 59 471 220 357 281 424 476 314 392 94 675 477 426 366 161 300 582 317 352 435 439 168 358 191 413 679 664 644 596 588 241
172 740 468 233 227 339 331 345 337 425 640 582 385 627 565 411 500 531 242 255 265 427 116 563 380 330 149 289 525 273 381 258 325 265 194 220 578 385 710 269 513 563 260 685 124 435 483 112 276 461 302 0 254 71 612 151 523 492 134 453 394 590 474 410 304 345 598 299 421 561 319 631 398 471 411 283 772 429 495 328 688 626 672 452 546 166 459 25 236 235 429 224 525 123 432 589 575 494 715 568 442
219 544 193 18 158 207 197 164 258 242 363 321 309 300 399 254 326 402 172 195 48 244 170 298 252 123 150 139 230 62 285 24 53 77 172 208 389 187 457 184 358 337 216 432 192 239 317 127 148 269 220 197 0 177 509 145 303 305 102 182 113 360 288 277 242 148 380 236 356 279 170 281 141 159 129 211 423 217 321 166 460 359 366 331 373 60 309 256 114 186 192 43 319 262 303 376 454 338 442 425 168
181 595 332 209 179 307 250 219 327 361 500 563 348 558 551 433 460 579 164 218 144 305 152 539 415 315 141 226 439 220 363 166 199 206 202 191 563 332 633 163 500 472 162 497 96 289 457 88 261 489 271 64 152 0 701 121 452 453 119 408 271 426 477 419 319 296 442 236 437 388 252 492 331 366 320 292 650 369 392 322 577 522 546 410 434 110 477 82 150 229 326 159 467 126 383 557 450 419 513 510 304
673 64 362 415 541 640 575 402 566 236 217 206 381 134 246 364 185 112 557 462 477 520 638 220 411 395 553 406 284 485 726 486 401 416 505 637 136 339 98 595 184 210 621 98 660 436 380 584 431 507 654 593 404 699 0 525 254 718 527 276 428 194 199 580 530 385 416 436 699 395 488 191 456 329 376 489 122 318 264 477 116 171 209 221 547 580 255 670 426 416 276 502 379 756 196 114 360 215 83 82 351
93 657 305 168 237 166 256 260 202 429 508 417 346 500 463 292 483 514 248 258 166 193 50 543 343 272 10 251 330 205 207 159 169 213 96 83 530 312 571 229 567 579 252 455 49 312 431 46 297 355 201 167 127 105 630 0 412 360 19 293 211 381 427 242 208 200 594 254 307 382 142 479 261 279 246 300 504 324 355 194 593 403 402 378 331 127 415 125 179 275 406 112 353 110 377 529 568 567 551 523 287
393 236 87 279 382 329 368 352 354 182 38 45 448 233 329 146 109 209 437 365 310 353 513 258 105 173 441 268 91 190 369 255 220 212 374 381 119 169 304 455 245 321 403 189 463 303 101 389 341 215 321 588 303 472 254 377 0 417 334 132 166 199 187 272 383 198 446 405 332 103 297 221 195 141 138 426 178 73 46 303 243 92 76 8 357 412 294 459 309 370 142 275 82 591 150 229 440 372 194 227 176
277 688 369 315 468 129 567 519 163 472 360 400 550 511 614 224 415 579 592 509 461 91 317 562 222 337 319 481 251 305 85 367 300 364 280 272 538 247 667 592 505 710 593 592 342 594 252 377 571 153 148 446 344 503 602 338 380 0 358 424 279 561 503 123 131 246 814 525 39 258 161 629 279 416 330 624 473 324 292 181 734 500 491 311 42 378 533 420 403 599 495 297 240 444 527 519 674 708 580 631 248
112 574 325 130 258 217 291 227 191 396 405 451 325 458 429 309 463 434 188 251 157 227 64 479 297 258 20 211 267 143 207 119 144 185 94 107 539 228 488 252 478 539 216 501 75 390 413 42 239 308 195 170 94 135 510 17 362 327 0 344 202 450 453 237 192 171 458 267 292 315 164 455 201 334 230 330 529 256 414 174 623 496 380 333 375 104 506 165 204 246 376 74 305 135 344 603 533 416 489 426 251
370 336 55 171 239 282 261 245 332 119 153 110 314 169 292 163 118 242 294 315 213 281 321 171 164 78 329 106 105 134 385 194 135 152 367 338 187 140 213 332 244 228 311 218 388 212 165 274 178 235 346 463 189 327 308 319 99 381 256 0 117 122 153 281 322 133 333 286 366 198 262 184 117 54 54 253 249 70 120 289 299 114 138 118 405 271 260 468 253 234 64 212 165 440 96 281 333 293 223 207 136
249 348 76 102 254 227 260 243 195 243 233 230 361 255 396 159 240 332 269 316 164 191 236 313 125 87 183 149 129 57 212 143 68 40 229 256 259 95 332 257 325 363 296 313 292 256 189 181 215 252 204 342 114 250 461 234 197 300 194 99 0 283 261 161 198 40 374 325 268 199 153 280 39 129 53 274 355 124 197 174 437 244 211 198 288 171 339 345 227 269 173 100 179 303 192 337 475 374 366 303 56
582 174 174 287 371 495 299 259 508 67 199 126 290 30 234 281 81 63 365 352 341 388 484 78 257 225 491 203 204 302 465 350 271 247 397 535 113 301 117 356 82 103 361 70 536 215 257 501 246 326 465 462 361 398 170 464 195 564 453 146 295 0 61 349 423 335 339 343 583 280 362 77 233 132 226 280 205 197 222 345 98 119 162 143 485 307 123 492 260 305 91 390 220 474 59 91 243 169 82 76 249
603 246 195 311 262 554 329 244 535 45 257 198 257 80 162 291 130 73 318 254 259 516 556 41 303 160 398 143 252 228 450 275 243 245 524 500 198 288 113 330 60 66 327 94 555 176 345 412 186 432 413 460 303 430 206 365 248 524 401 133 293 46 0 374 496 314 285 283 503 282 482 34 277 106 228 204 264 255 292 371 125 157 171 211 466 328 100 570 275 243 83 364 334 555 51 123 200 126 125 123 256
264 550 182 277 464 122 396 417 126 416 252 310 444 405 602 133 333 394 438 398 303 71 243 447 142 229 270 285 157 210 108 263 236 230 195 277 310 120 444 463 463 543 424 419 260 531 183 290 364 106 139 450 253 386 477 272 271 105 218 281 180 379 472 0 123 137 618 456 90 204 116 447 126 290 251 487 419 234 184 77 460 364 337 301 94 309 542 417 365 467 300 198 161 347 361 492 621 545 426 411 153
188 637 241 261 351 12 495 453 17 467 336 330 438 463 631 240 426 509 386 504 253 36 166 546 184 258 162 340 238 261 45 299 210 231 126 145 410 166 617 418 597 501 374 553 252 545 270 230 448 222 32 380 251 356 666 187 290 132 218 330 186 428 534 119 0 155 590 456 88 262 57 559 168 312 284 446 510 273 347 61 680 407 432 399 119 228 557 359 374 348 370 181 295 256 377 507 712 576 555 590 218
235 398 88 116 299 155 364 286 169 237 240 213 422 375 432 131 236 325 248 365 199 143 269 387 85 123 214 194 111 99 182 170 93 65 190 217 340 47 332 305 412 362 323 373 226 362 144 210 284 186 177 372 120 308 360 202 179 277 167 165 38 252 349 122 195 0 528 323 245 189 151 398 21 193 106 297 313 117 153 126 425 293 301 227 248 187 369 354 217 283 241 111 144 304 218 374 476 372 314 359 35
674 492 480 454 280 663 271 277 538 233 444 438 133 300 101 630 378 252 255 261 348 682 481 241 526 369 601 289 523 435 647 371 415 379 504 567 370 533 250 289 256 242 335 330 579 173 504 552 259 700 699 574 434 387 410 505 399 737 501 381 388 298 211 577 605 479 0 255 817 500 501 219 509 319 351 198 475 386 450 653 270 433 429 460 675 441 189 533 261 299 292 434 509 675 301 280 11 170 339 344 494
332 456 274 245 71 441 12 73 429 242 471 365 104 312 241 404 412 367 70 10 174 480 326 303 416 213 272 170 346 273 442 189 262 245 328 444 388 409 359 53 336 335 71 333 326 113 447 264 94 486 373 335 237 218 520 336 443 482 331 327 308 325 238 421 413 288 193 0 509 399 347 269 340 205 237 51 527 315 484 424 392 353 407 372 470 170 308 317 108 57 256 218 451 388 304 380 213 304 450 445 356
236 547 311 317 451 114 594 430 119 472 378 458 590 479 759 183 463 576 410 486 411 82 328 589 226 380 286 443 245 294 75 395 333 305 231 276 391 258 554 512 672 641 535 630 270 498 261 291 498 199 149 466 339 481 539 260 320 37 271 385 229 459 501 86 92 201 772 595 0 259 132 515 228 419 372 506 497 332 347 116 670 469 465 333 41 319 650 349 367 563 401 326 238 399 473 703 764 672 552 524 233
464 347 131 324 456 252 398 417 317 268 89 151 528 325 546 55 205 289 367 436 332 214 469 316 72 281 334 270 72 220 295 342 241 194 299 339 215 130 308 484 356 356 442 266 363 471 2 423 404 87 370 611 305 429 318 349 109 291 348 195 214 301 288 164 265 152 626 513 240 0 268 392 165 267 154 418 220 87 49 231 392 163 184 108 247 397 376 530 437 481 263 299 18 539 290 323 600 450 268 257 158
133 543 250 212 361 64 466 373 56 389 412 376 504 468 503 232 394 512 356 380 214 64 189 476 202 299 136 245 233 194 107 240 147 204 75 113 390 152 488 352 455 543 321 512 202 496 252 197 317 264 61 254 192 233 492 162 354 166 157 314 167 409 489 99 42 152 494 422 170 315 0 440 146 323 231 437 424 296 302 41 591 364 334 327 176 198 451 234 328 365 302 160 302 251 362 444 506 444 545 447 152
625 277 283 345 333 596 261 273 443 84 294 212 233 65 136 412 163 82 308 300 300 454 515 6 372 251 458 171 294 262 597 293 329 339 508 507 192 306 92 327 25 24 388 129 435 160 363 376 230 388 549 495 300 471 227 501 279 498 424 168 354 81 33 439 583 313 203 330 486 401 445 0 323 135 289 232 261 285 255 415 95 195 202 218 573 412 50 600 304 299 110 402 356 506 93 80 198 74 132 117 291
292 360 79 127 321 231 311 295 215 197 210 230 426 298 485 108 229 326 282 349 157 186 231 380 74 134 220 147 87 72 193 164 96 78 204 257 274 49 387 367 380 323 299 266 302 333 176 216 201 202 221 407 159 276 342 258 187 268 236 139 32 307 308 164 179 25 440 303 240 141 189 351 0 143 65 287 365 89 157 158 364 266 256 169 220 208 371 405 258 238 186 129 138 299 255 364 491 377 338 354 18
454 354 97 166 216 319 223 158 392 81 189 175 220 163 253 229 134 194 229 237 160 351 402 183 225 72 368 69 166 118 395 158 135 138 368 417 217 197 203 319 177 168 297 163 392 189 223 273 146 345 325 453 184 308 278 338 179 426 258 47 149 127 131 335 345 171 300 271 361 241 315 170 166 0 91 214 279 133 216 322 220 158 193 184 332 255 179 482 212 211 28 242 190 448 76 235 286 181 214 177 185
364 319 55 122 230 293 273 208 264 143 175 184 283 225 381 154 191 239 242 263 161 246 344 215 133 58 280 119 122 78 328 145 101 74 265 290 236 105 282 288 263 279 243 232 355 284 191 267 169 251 323 374 145 276 320 275 145 338 214 50 61 201 181 249 308 110 359 286 373 163 196 257 70 96 0 283 317 92 133 181 348 208 183 135 320 210 274 362 222 274 112 156 150 362 134 289 443 322 265 278 74
469 483 332 201 95 410 57 49 503 212 341 320 73 286 246 434 376 329 108 55 145 503 412 245 368 211 309 124 418 263 572 201 240 237 381 340 376 376 364 108 308 288 110 362 361 54 372 309 81 486 501 360 213 303 468 266 383 650 332 215 318 242 264 388 387 294 229 59 462 494 375 276 330 230 214 0 393 281 375 395 334 316 431 344 496 222 194 399 110 53 218 250 398 417 194 305 202 185 365 399 276
611 61 239 384 549 465 445 487 518 238 145 140 414 165 388 314 119 194 553 584 452 556 526 220 267 367 568 366 246 428 485 398 424 422 581 570 72 343 200 560 243 208 453 127 658 379 263 595 439 315 606 585 505 574 125 587 192 604 570 213 359 189 207 370 569 358 439 526 493 293 470 247 367 314 272 522 0 225 182 424 169 128 121 193 433 475 280 633 416 542 236 402 239 777 192 179 453 324 149 109 310
413 259 27 167 274 287 343 249 308 183 114 129 373 199 400 98 160 260 317 324 212 228 343 225 81 148 299 156 45 127 266 191 193 167 318 353 204 94 301 371 305 297 425 219 318 304 105 277 282 196 352 515 240 349 333 359 64 366 272 76 118 210 211 170 251 116 494 390 285 119 215 242 91 138 90 326 265 0 73 255 349 124 145 90 274 298 334 481 251 336 126 211 81 440 162 300 364 305 287 243 78
414 292 112 233 413 340 407 301 326 227 52 81 462 244 465 98 133 261 428 366 351 299 367 317 87 218 405 280 50 208 333 318 229 176 375 387 146 127 293 404 302 277 499 224 447 374 60 352 310 128 306 541 298 416 278 417 48 318 398 123 154 207 221 229 292 140 528 466 325 48 256 330 159 185 141 359 187 64 0 251 286 141 135 58 252 351 294 575 317 359 166 316 33 524 231 297 431 340 220 273 113
168 452 218 194 363 62 353 353 65 423 357 314 480 486 501 187 417 458 368 353 202 49 201 403 177 207 169 302 214 205 103 226 189 172 103 168 369 151 478 403 506 568 420 381 225 371 257 199 321 166 89 333 173 299 518 209 267 173 154 239 138 451 479 82 60 116 611 425 115 203 43 527 134 305 184 376 443 231 267 0 474 418 316 311 152 216 416 302 269 344 319 182 217 307 311 526 633 427 421 406 147
566 178 338 343 390 631 459 307 551 148 316 259 311 91 176 346 186 41 390 357 369 506 709 103 348 344 484 257 365 430 629 437 376 413 580 618 176 372 15 513 68 92 413 74 629 312 360 506 287 409 622 723 415 479 106 544 286 602 482 257 364 112 113 591 662 442 281 358 645 398 528 94 328 228 330 395 208 317 303 532 0 177 186 245 519 418 125 569 420 431 174 423 391 595 144 20 300 125 65 66 377
459 164 159 338 403 498 383 400 501 150 96 28 347 142 297 198 43 156 385 464 319 440 461 208 216 215 454 227 144 254 453 353 248 259 371 463 38 208 160 473 172 227 452 95 448 369 190 475 258 236 517 531 347 460 197 512 77 408 399 137 203 98 165 304 465 247 349 413 391 199 332 224 204 186 177 306 98 121 121 420 192 0 26 71 408 378 241 560 310 387 145 299 138 599 138 177 387 273 119 131 238
587 181 141 309 392 362 509 349 377 191 55 22 423 141 352 224 77 179 485 466 392 333 494 246 203 235 513 252 172 284 507 363 281 313 432 520 32 252 195 389 195 229 432 153 499 381 150 453 275 238 422 515 390 526 156 520 63 369 508 159 210 161 215 318 392 240 443 429 415 172 382 225 242 206 209 372 120 166 112 360 229 30 0 76 393 342 316 556 349 415 182 361 143 511 147 225 420 254 148 133 192
484 262 108 281 376 363 462 334 331 188 46 39 398 188 387 131 109 207 429 393 329 297 397 218 128 202 433 237 85 227 411 281 253 194 324 396 105 142 239 496 223 288 432 190 403 361 91 407 342 186 333 444 274 400 229 384 9 377 428 99 216 164 199 294 365 211 435 423 331 106 365 236 181 166 128 360 161 87 53 270 282 79 74 0 378 389 343 521 400 414 135 344 75 438 186 280 432 303 185 223 140
352 538 281 379 521 120 573 455 177 413 311 394 527 471 687 210 470 632 444 599 367 110 320 475 209 386 296 356 259 265 113 311 282 297 249 260 370 170 513 533 620 602 515 529 390 540 264 300 512 131 194 402 364 472 636 326 370 39 293 355 224 554 551 87 144 205 715 478 52 235 184 581 268 418 309 496 541 249 280 165 580 357 368 380 0 406 622 389 504 514 479 260 282 329 497 550 622 546 528 530 224
217 604 271 95 123 299 180 179 226 291 350 430 264 341 392 282 419 403 126 201 66 313 152 386 253 161 103 181 312 150 366 66 109 140 155 198 364 253 420 176 461 362 160 496 142 225 427 79 166 337 304 184 70 104 512 114 316 360 91 223 152 328 384 259 289 200 386 171 374 392 223 347 184 205 188 208 512 319 342 279 492 350 347 345 361 0 377 196 104 154 241 74 387 190 314 461 424 449 497 504 249
677 286 318 293 314 538 295 229 508 148 308 274 173 147 64 420 206 130 285 269 364 632 635 47 350 236 553 243 310 381 627 389 328 382 593 528 288 375 122 316 63 46 297 141 487 140 419 453 249 446 565 492 376 523 242 554 297 719 400 234 317 146 100 523 633 345 156 277 657 466 474 45 345 217 257 264 335 300 362 523 149 214 253 258 690 365 0 484 356 273 202 452 411 659 137 105 157 27 184 169 307
165 811 373 297 258 282 313 312 318 557 639 595 480 592 601 478 537 618 233 279 231 378 123 495 471 376 130 339 417 284 332 202 255 343 222 180 601 377 725 295 521 544 278 629 95 446 463 139 371 482 264 26 228 78 743 113 480 455 138 366 316 475 579 368 325 362 493 341 392 559 272 478 392 456 424 330 741 451 545 272 725 485 574 534 475 167 474 0 217 285 454 206 575 75 492 625 586 519 587 628 438
266 432 224 135 42 310 110 63 363 229 448 347 176 339 297 385 369 406 40 88 67 335 237 266 293 121 227 110 288 132 358 96 165 176 256 295 430 278 434 105 368 356 87 423 246 142 440 199 92 428 327 226 128 172 429 230 371 469 207 265 210 272 284 405 368 217 341 86 396 388 340 325 260 166 224 104 428 261 326 274 340 387 369 346 459 78 296 235 0 58 208 144 354 269 240 397 294 322 322 441 271
350 587 329 177 25 419 50 38 334 231 452 419 125 303 331 352 367 411 46 37 115 413 318 337 327 166 304 132 399 184 401 119 175 182 295 359 373 338 427 55 321 333 54 408 310 104 426 217 72 512 438 282 190 205 414 243 360 556 205 244 258 329 288 466 389 279 218 56 493 462 369 271 323 219 231 57 514 365 427 351 403 430 385 405 490 132 308 276 57 0 195 233 421 377 221 384 293 295 339 382 330
430 239 135 220 236 425 246 169 339 44 165 132 203 115 246 254 99 176 250 269 240 425 372 151 245 99 304 106 202 152 481 220 196 169 405 356 203 241 202 301 133 174 265 177 391 215 240 306 136 360 390 376 245 382 227 333 165 435 338 57 180 106 92 326 391 190 314 246 401 207 322 134 218 30 111 193 263 124 183 344 229 150 183 173 424 239 173 448 257 218 0 250 196 423 43 182 323 206 151 145 159
214 523 192 49 174 180 292 186 181 269 332 387 308 326 436 222 326 366 174 213 72 228 139 332 230 152 84 186 212 82 234 58 70 75 111 156 401 172 419 254 361 454 222 374 158 313 319 100 185 260 197 251 39 160 510 98 351 277 95 244 98 336 335 249 179 128 405 225 294 305 150 342 136 190 152 269 442 261 303 156 473 368 412 291 325 85 362 233 159 177 245 0 269 201 339 505 456 358 423 413 141
428 276 109 308 392 264 501 416 252 237 79 111 384 313 454 63 173 264 435 458 289 298 362 303 83 195 308 268 44 201 309 283 275 253 288 441 187 98 363 408 390 326 411 249 441 446 18 334 350 122 346 592 323 464 367 417 79 249 336 178 183 284 327 181 262 150 550 421 247 14 315 367 154 211 183 406 266 95 35 211 348 187 138 89 225 345 438 445 372 406 238 272 0 418 270 300 555 366 306 275 143
81 652 455 307 364 289 411 379 236 548 547 560 439 569 586 367 614 717 336 302 229 269 67 629 345 366 128 385 488 353 288 227 282 343 172 121 652 418 617 318 512 703 344 636 62 467 420 111 364 485 260 97 235 166 615 102 540 384 116 500 321 527 497 301 284 368 525 405 349 455 264 613 344 468 418 417 646 454 488 316 616 653 533 525 455 228 636 85 340 334 407 227 448 0 576 647 683 518 548 720 384
449 226 183 279 227 419 286 193 492 13 226 161 241 90 201 287 81 103 306 321 274 396 418 114 205 134 362 123 202 217 428 222 232 196 390 472 144 239 167 346 95 136 302 126 516 182 229 333 167 339 397 519 280 383 222 445 203 499 360 116 192 53 46 314 475 208 246 259 516 259 440 94 213 67 140 232 217 195 185 422 162 150 156 158 438 286 131 464 238 254 44 260 239 556 0 124 236 183 131 145 205
581 172 322 332 346 665 335 348 600 131 290 215 265 67 175 338 154 37 448 432 412 637 567 79 412 300 474 266 319 339 589 430 352 390 592 676 181 441 3 469 57 76 485 82 511 297 380 455 343 468 616 579 363 532 129 565 253 630 502 262 345 93 122 531 587 436 297 418 616 332 518 72 324 190 314 302 162 316 283 591 20 177 234 266 666 456 94 613 399 380 175 452 353 679 167 0 249 114 68 67 310
677 395 451 376 267 535 258 213 533 296 514 402 123 331 95 493 392 299 309 251 304 606 560 216 580 333 522 319 484 381 566 408 383 360 476 691 442 475 238 277 262 194 307 329 467 155 449 522 267 683 641 483 432 448 383 460 494 791 534 372 466 289 207 695 687 440 9 205 717 448 580 224 445 255 390 188 434 470 520 528 274 467 437 486 695 406 183 563 303 241 273 367 480 648 239 309 0 160 337 336 413
589 352 280 328 276 589 286 259 653 142 385 349 168 173 45 504 247 157 322 311 367 594 504 75 355 290 481 226 343 309 705 354 342 340 486 547 314 412 154 296 79 76 302 181 604 160 390 506 201 567 630 560 399 508 229 483 280 634 436 294 319 183 92 452 556 332 170 283 690 394 591 75 347 235 296 196 361 336 361 584 155 256 274 307 575 415 25 638 256 315 201 425 359 614 153 158 159 0 216 194 348
644 109 236 414 355 564 350 392 530 127 185 163 307 44 233 383 117 42 389 405 341 542 570 93 359 254 441 245 265 374 525 369 373 338 540 490 97 380 67 470 107 133 501 15 621 245 321 489 279 376 588 661 453 563 103 557 219 502 578 221 319 81 120 490 533 372 340 336 594 336 558 118 334 220 288 314 144 270 275 433 65 120 146 185 524 498 136 531 360 355 162 410 289 719 115 75 353 179 0 0 332
535 144 274 405 429 543 458 391 504 130 212 170 299 39 227 319 95 36 379 389 444 470 657 113 326 257 530 228 235 291 537 331 316 334 553 491 115 296 52 456 105 101 407 12 595 330 262 474 327 436 466 694 449 471 88 483 200 585 504 220 366 74 127 388 523 381 361 424 477 279 570 129 307 214 231 393 117 278 231 436 63 132 124 183 521 439 144 528 331 391 144 452 290 540 117 74 361 189 0 0 281
342 372 54 122 299 202 312 261 231 235 162 191 325 309 477 98 238 299 308 345 172 176 315 306 60 118 238 187 89 108 239 189 101 75 205 244 260 30 349 329 320 357 302 324 335 273 124 238 264 154 255 436 178 349 429 249 153 275 256 100 50 239 241 155 205 40 478 325 210 133 171 274 14 174 77 362 298 74 135 172 344 232 208 158 247 257 353 438 245 310 196 169 154 363 227 419 530 432 288 364 0
