0 726 420 223 369 145 418 428 177 536 530 581 497 511 694 310 570 659 358 352 273 241 45 644 305 299 96 323 339 243 208 198 224 224 81 33 625 363 591 375 562 620 371 643 64 525 486 124 350 320 122 158 200 178 683 105 525 326 93 371 268 607 570 426 171 256 517 350 229 486 143 642 312 350 407 462 607 396 415 223 655 538 564 508 281 194 628 147 313 365 381 202 478 97 501 615 677 623 658 632 302
620 0 306 449 600 583 481 545 694 221 248 217 521 147 330 342 210 172 586 528 428 485 667 261 359 394 652 418 338 394 673 454 439 373 531 590 130 396 150 515 237 250 640 139 670 468 331 576 393 366 618 656 448 633 71 551 252 530 518 325 352 181 264 267 674 404 469 471 599 274 608 252 435 295 254 541 61 344 250 590 186 190 158 270 591 613 280 683 555 424 299 541 288 812 258 203 403 311 116 130 421
384 337 0 185 295 304 306 285 322 196 145 147 332 210 420 109 127 260 291 297 216 249 314 258 84 99 307 146 76 106 278 202 154 122 296 301 208 97 309 356 266 291 365 245 353 258 143 295 212 201 285 383 158 396 276 317 94 358 233 51 83 187 243 56 281 92 403 332 294 125 230 265 73 102 84 302 282 34 98 244 349 151 181 102 244 227 346 436 253 267 142 210 106 396 144 293 454 291 220 215 62
211 540 178 0 133 235 246 161 270 266 317 315 315 289 439 209 267 398 164 189 55 260 191 350 195 86 156 126 238 47 313 28 32 57 158 199 390 190 393 234 378 308 184 378 221 205 324 140 159 313 241 284 23 187 527 130 238 387 115 171 102 277 248 236 256 139 459 242 290 287 173 358 117 190 202 196 367 198 253 210 428 261 292 283 346 91 375 216 134 149 210 60 288 303 269 437 331 337 405 355 163
352 559 257 136 0 453 77 52 369 283 389 420 153 399 358 411 398 311 23 54 125 373 241 351 333 198 213 142 368 174 423 110 157 176 264 329 429 336 455 65 385 311 53 363 296 161 405 228 94 462 390 255 135 150 561 266 414 557 238 271 206 373 298 340 376 252 309 67 549 351 286 276 292 218 263 78 460 362 334 402 468 411 462 424 414 115 278 276 43 21 274 193 352 354 248 419 250 288 420 391 263
184 558 304 232 371 0 488 383 14 490 442 466 611 473 544 206 495 612 432 440 279 39 188 604 202 265 167 311 294 217 35 261 246 266 108 153 488 181 577 487 624 625 469 584 198 430 251 207 411 215 34 380 237 300 701 188 381 149 197 314 200 554 416 332 10 175 748 495 88 298 65 606 181 323 385 451 450 297 335 79 528 441 442 327 133 311 560 278 385 463 354 236 284 270 452 548 665 649 506 551 206
448 602 339 217 57 504 0 75 404 273 484 428 106 323 336 488 323 371 73 10 196 526 373 336 375 195 326 159 405 214 561 213 216 230 328 336 468 432 445 40 288 341 57 342 377 143 444 241 111 510 404 251 208 200 420 271 460 650 306 304 314 296 274 400 467 289 211 9 500 474 391 355 364 286 296 59 435 393 428 401 350 425 393 481 591 199 303 322 116 59 246 219 530 309 268 453 268 275 357 417 372
404 426 289 155 52 463 73 0 442 236 444 305 119 328 295 378 276 350 78 61 112 353 283 286 293 143 265 110 380 177 377 164 176 195 356 376 375 364 381 104 241 254 92 297 263 110 398 263 40 523 371 256 172 216 412 255 324 461 299 233 248 238 228 275 419 305 269 71 545 410 367 288 312 189 242 37 497 260 404 405 411 360 429 301 524 178 209 273 60 36 190 187 432 355 238 317 219 259 330 326 272
149 502 279 201 380 17 400 382 0 458 355 344 439 424 709 256 405 459 322 457 278 57 194 553 211 319 183 313 239 265 60 282 255 232 99 139 478 208 547 479 573 506 454 609 196 496 337 208 370 205 20 356 210 265 539 198 352 146 162 367 183 535 480 265 13 187 676 506 128 297 48 458 194 360 303 436 583 247 330 72 673 377 412 329 168 241 536 292 345 400 406 168 322 251 487 632 583 594 516 584 243
526 248 168 251 262 402 278 176 384 0 249 155 243 101 169 320 97 107 275 273 229 429 452 81 276 137 390 133 217 192 400 210 257 224 448 435 157 233 161 286 113 112 300 124 507 166 273 389 186 414 473 451 289 435 210 382 179 545 364 99 247 58 52 198 474 234 303 275 517 292 405 94 223 66 81 234 261 213 203 331 162 146 189 168 488 319 150 559 248 225 44 321 214 533 15 165 234 164 164 145 236
518 219 139 306 470 437 390 431 377 236 0 53 478 237 357 163 136 212 423 473 323 381 415 269 135 275 372 252 109 251 438 322 236 220 429 499 88 189 253 511 252 339 428 166 442 334 98 514 353 216 336 660 312 441 273 420 46 317 400 161 252 213 262 91 390 207 566 432 325 90 305 302 194 229 151 348 168 121 63 342 261 75 66 40 290 408 327 623 399 478 226 317 93 476 197 297 417 368 244 239 182
460 160 132 343 362 425 476 361 345 166 52 0 335 180 368 173 70 154 442 473 361 315 482 186 198 190 439 237 152 293 454 326 243 254 422 407 56 202 236 422 185 270 497 168 492 382 163 467 265 250 353 485 358 528 185 405 52 399 399 110 224 136 188 124 401 215 498 468 396 120 431 258 238 142 121 356 138 135 88 298 224 28 27 48 361 442 252 574 407 415 172 324 122 630 152 228 366 291 154 155 205
425 410 348 294 140 481 117 124 463 199 482 341 0 293 195 463 374 285 153 105 256 542 471 251 420 228 412 194 384 264 549 262 285 327 527 526 342 402 316 169 237 209 165 279 446 61 552 324 130 578 520 448 285 367 362 449 388 623 323 289 391 287 205 366 519 394 127 127 706 548 427 186 366 274 292 76 419 315 370 508 328 328 429 350 515 243 187 388 200 121 252 322 390 445 236 274 128 175 309 394 427
597 157 262 335 331 489 392 320 482 83 179 161 339 0 211 347 87 36 325 393 285 526 528 68 298 223 515 231 275 303 446 324 269 273 505 548 150 310 67 430 67 85 378 43 503 237 260 423 263 450 509 629 366 539 152 444 222 558 390 164 260 30 77 224 580 338 350 394 513 278 432 85 347 177 163 251 142 249 274 490 92 117 135 209 483 437 127 487 361 324 151 387 262 692 81 62 297 148 38 51 329
629 305 313 381 315 646 253 304 514 197 373 381 152 195 0 436 244 205 308 263 402 644 518 115 488 281 523 269 435 389 731 424 406 385 483 504 335 429 165 378 116 96 304 258 542 191 455 490 261 538 664 613 348 539 251 556 386 675 476 349 402 210 162 425 524 378 133 250 658 521 584 132 455 291 295 265 375 353 465 465 189 330 320 311 588 414 79 545 326 321 243 401 453 693 198 178 110 39 242 201 488
317 417 130 237 389 204 379 355 196 314 142 173 525 297 475 0 202 401 441 400 340 168 406 417 46 194 367 246 59 196 233 234 197 188 296 332 261 70 417 455 433 408 400 293 321 460 52 327 379 82 227 466 242 348 447 314 146 220 280 181 167 273 331 85 197 140 500 443 229 63 196 432 129 240 190 354 354 102 85 157 393 212 182 126 198 299 448 508 335 427 273 212 77 460 266 452 490 405 395 376 99
498 180 144 248 325 482 427 331 437 94 108 66 352 86 252 264 0 110 417 373 321 468 528 158 184 203 417 223 174 254 419 291 274 211 490 509 62 232 186 382 140 187 345 103 459 256 185 491 228 259 513 589 274 469 167 380 97 416 398 116 202 66 118 134 476 282 389 398 448 186 390 140 235 139 102 367 129 161 145 334 164 32 68 81 485 414 215 481 383 288 97 281 166 568 79 174 338 222 99 104 225
669 191 284 365 314 557 365 279 530 120 259 162 263 37 207 311 108 0 408 349 374 533 536 60 366 297 476 237 264 363 608 346 376 353 459 578 170 340 35 430 46 79 350 43 552 236 283 566 268 478 624 643 435 571 130 549 210 653 441 183 292 59 75 277 580 344 322 405 629 342 535 86 322 190 207 270 151 293 288 502 50 149 185 199 587 437 135 595 386 358 143 407 324 524 106 41 322 139 40 47 279
344 571 287 167 24 445 67 82 321 299 407 353 170 387 293 335 407 358 0 59 93 421 313 335 351 203 252 163 422 192 433 133 176 230 322 282 429 366 477 53 373 307 34 391 261 166 370 170 102 418 318 265 156 160 466 265 391 556 221 236 243 322 341 378 362 244 284 63 555 496 286 339 288 221 220 112 534 360 406 304 389 392 490 369 511 121 284 255 39 42 246 207 353 347 272 400 262 296 415 413 293
435 457 277 207 46 500 12 76 392 236 480 472 128 353 307 457 376 385 57 0 145 460 309 361 397 197 329 174 451 239 496 175 208 287 310 386 392 366 329 40 290 331 46 463 273 128 516 231 121 437 485 272 174 181 547 325 350 553 311 312 279 367 249 383 453 360 237 12 555 536 403 273 322 228 314 67 522 386 451 360 476 399 447 392 463 189 315 295 89 46 286 219 490 343 325 378 247 247 360 358 369
224 440 222 43 125 321 154 123 295 220 295 371 287 386 312 318 309 380 107 169 0 323 224 346 222 94 141 103 278 77 375 17 73 88 206 246 433 241 340 188 368 391 163 420 194 243 372 116 126 319 234 198 51 153 423 142 277 346 119 218 125 309 260 265 311 202 416 176 351 284 236 299 157 187 221 177 459 259 256 210 380 288 395 302 399 54 327 217 63 113 186 73 365 243 278 432 319 315 441 349 189
210 564 299 232 422 38 499 457 62 376 375 349 484 568 595 198 411 469 467 427 319 0 235 554 182 300 216 297 224 267 46 250 257 193 136 203 385 165 582 507 591 556 485 539 275 428 223 279 447 176 77 351 274 305 574 249 345 112 213 309 185 477 479 240 45 139 727 509 68 255 72 557 210 383 352 421 424 293 275 49 648 335 379 367 114 299 640 310 358 412 391 238 218 313 445 469 547 500 542 505 221
55 702 315 212 256 226 327 273 183 434 561 473 412 474 506 375 484 543 279 315 179 203 0 579 341 267 62 336 355 242 238 203 255 200 107 69 598 285 697 269 490 634 294 566 25 376 414 87 282 408 145 117 192 152 634 55 420 338 84 348 226 453 567 361 205 275 620 360 298 492 196 585 268 337 419 362 606 324 490 197 639 475 447 513 390 157 553 109 219 282 468 181 472 65 465 565 619 522 515 564 329
652 279 290 348 299 539 314 240 604 101 240 207 261 80 109 377 182 72 285 286 351 530 527 0 289 204 518 233 270 330 589 366 292 320 490 629 187 379 79 327 17 23 302 102 503 181 340 474 192 464 601 546 396 527 162 535 278 575 435 214 267 80 41 272 484 359 208 254 523 354 546 5 349 183 195 239 260 299 322 511 96 205 246 283 541 392 50 507 291 313 138 427 349 491 115 76 242 83 122 121 311
348 309 88 219 339 224 456 331 262 241 157 177 405 306 505 39 235 289 410 412 240 211 289 346 0 173 332 210 45 144 227 243 144 145 295 309 272 32 371 384 311 320 371 266 310 383 94 341 335 107 249 408 222 409 387 345 143 221 308 145 119 236 314 58 245 85 431 389 228 84 206 335 79 194 181 385 351 80 84 166 371 213 210 152 216 326 409 477 299 398 233 229 68 393 276 355 520 341 339 344 68
342 400 121 93 153 304 246 130 348 123 261 209 270 245 318 226 206 238 177 226 95 324 347 202 193 0 279 38 186 61 337 97 93 70 235 275 278 142 312 216 255 229 186 251 344 208 208 269 100 330 335 303 119 235 345 285 172 442 192 75 111 195 165 152 296 156 384 247 313 210 240 253 119 75 95 200 293 139 196 225 327 221 257 223 373 191 221 323 131 173 107 173 197 340 148 254 278 242 236 290 123
87 630 334 161 243 155 358 256 145 332 416 463 346 538 516 284 451 507 243 303 148 208 61 443 293 279 0 255 310 194 211 131 187 194 73 73 521 224 465 237 544 499 271 488 54 401 377 47 325 298 154 166 147 144 638 10 414 288 20 345 187 416 459 311 164 222 547 266 244 315 118 534 259 367 323 307 653 320 370 200 641 479 489 454 307 132 494 164 196 300 360 109 307 107 395 482 571 576 456 553 246
383 394 157 126 167 352 194 121 371 147 269 262 197 225 228 284 214 249 183 205 111 292 333 194 253 39 283 0 189 116 347 140 107 101 287 338 251 243 314 214 228 266 185 224 334 169 246 225 76 377 389 332 131 311 367 285 213 406 208 126 144 210 190 181 356 172 321 198 372 285 312 182 150 70 89 162 289 197 210 313 251 215 262 194 397 157 190 352 101 126 92 150 291 436 117 314 300 226 292 254 166
386 294 61 256 411 280 353 316 320 221 119 129 371 223 436 56 171 282 338 454 292 237 360 286 42 155 343 252 0 153 313 287 185 173 255 397 198 75 326 369 298 305 438 266 405 415 59 382 318 125 328 523 200 466 298 307 73 253 292 111 149 204 301 18 265 117 464 360 299 64 243 344 115 191 141 316 276 38 41 215 373 147 143 79 204 351 413 484 282 394 182 213 49 422 246 283 431 317 240 270 85
222 470 116 44 180 244 224 200 247 207 302 263 319 344 326 188 250 377 211 257 79 245 216 269 180 71 176 101 197 0 312 75 15 9 199 237 307 143 397 290 357 350 242 355 214 240 273 159 141 264 219 259 62 213 415 167 246 297 188 121 44 234 262 158 211 91 468 273 304 237 174 307 89 127 145 258 406 164 251 165 422 278 290 209 258 149 341 267 174 198 182 97 211 330 215 379 444 368 282 347 104
210 516 271 265 485 35 472 499 46 534 440 410 575 547 666 256 381 518 361 463 370 47 209 557 230 287 188 432 260 265 0 266 305 290 163 196 427 227 540 509 572 618 408 458 244 468 322 262 503 200 69 370 269 382 699 221 394 99 213 306 276 467 468 337 37 215 628 527 66 264 106 546 260 348 315 508 617 286 338 100 526 401 403 417 105 268 673 367 418 381 439 244 308 270 399 666 670 521 647 602 217
254 438 212 29 137 240 162 160 240 284 300 279 245 335 352 315 357 407 138 160 21 250 169 348 200 117 141 138 291 88 262 0 66 95 170 249 431 205 433 156 361 354 160 315 173 222 366 130 122 330 218 210 27 136 454 151 252 427 119 174 126 347 262 227 268 137 415 192 348 342 218 359 157 164 212 206 424 241 301 225 373 325 300 268 372 52 393 222 102 119 222 58 335 253 275 399 316 297 421 342 201
253 375 126 38 172 267 248 202 247 237 252 242 298 289 439 185 229 353 162 269 84 218 202 274 146 72 186 125 207 17 293 66 0 18 179 251 307 166 366 213 311 359 200 332 204 228 271 165 173 235 212 298 46 188 414 179 222 368 173 139 64 274 264 164 210 107 468 215 272 292 192 278 98 133 149 261 390 178 267 173 457 330 253 275 267 135 393 254 155 164 155 66 242 289 225 338 352 343 386 336 117
275 399 109 51 222 234 289 182 250 193 270 261 315 264 440 163 270 375 181 248 84 234 255 277 158 78 211 101 158 9 267 92 18 0 196 230 313 131 317 284 270 382 263 286 245 247 214 195 200 233 240 291 82 275 461 164 184 339 193 150 33 238 279 153 226 66 372 214 263 207 170 266 71 157 141 224 399 158 222 183 330 278 233 234 256 147 381 294 175 189 172 91 185 311 182 355 339 401 304 299 99
70 604 246 188 341 119 360 350 111 416 418 354 440 423 595 255 399 488 274 305 188 122 86 507 286 285 58 324 263 205 153 194 190 162 0 60 554 231 502 335 542 525 278 430 100 478 361 109 380 279 94 242 152 169 681 86 394 271 84 330 224 430 491 325 102 201 487 377 212 359 85 476 180 319 278 319 609 296 290 122 554 505 442 346 283 169 478 174 271 303 395 120 298 145 392 574 584 525 614 484 187
35 694 283 205 310 126 438 308 123 512 480 441 482 546 689 362 448 613 295 384 209 182 64 598 334 288 86 299 380 259 159 223 245 218 48 0 455 252 619 384 570 480 385 487 95 447 359 117 386 357 102 195 186 207 561 87 376 285 92 347 234 512 518 349 156 263 531 427 280 361 110 579 265 334 436 451 650 323 440 142 575 498 566 442 265 176 503 147 266 329 347 152 412 102 411 696 656 580 554 496 264
514 127 221 383 396 467 484 435 391 153 101 69 424 143 329 211 63 132 435 480 391 435 629 192 207 301 494 291 225 328 506 322 335 263 493 534 0 287 191 476 198 206 392 89 544 317 203 523 285 271 478 605 393 482 140 514 121 394 463 146 308 123 204 192 514 277 399 399 477 171 404 215 286 202 190 342 65 183 134 420 210 44 33 120 442 409 241 553 364 468 164 333 156 603 135 194 361 321 131 116 279
322 339 81 173 284 221 371 282 186 237 208 197 448 333 507 56 247 326 322 334 214 150 343 390 28 193 234 197 67 117 216 246 164 125 192 297 291 0 411 404 395 350 370 334 336 386 128 275 303 129 257 411 196 322 409 229 163 212 278 158 94 279 327 70 226 60 574 361 191 125 149 371 49 169 171 296 330 93 135 133 448 260 226 150 173 300 418 382 331 380 212 196 103 400 212 338 482 405 333 284 40
617 160 313 371 409 530 420 316 627 172 309 251 264 62 161 374 167 32 453 395 382 505 583 94 363 253 547 328 342 406 672 459 403 411 530 681 185 362 0 377 66 69 506 64 503 271 373 443 267 501 588 646 415 474 133 486 304 535 460 254 380 113 111 307 482 434 248 412 503 418 483 82 375 228 265 352 195 283 298 472 14 173 238 293 632 519 128 652 326 333 173 435 313 704 127 3 251 135 59 68 390
343 591 357 243 56 378 37 80 499 261 545 502 171 452 361 378 386 375 54 33 144 496 267 335 361 238 281 235 451 220 442 190 277 279 313 417 450 399 424 0 385 400 29 435 258 182 456 203 139 525 398 268 194 167 571 273 483 655 261 302 278 397 316 434 398 296 265 40 524 427 395 360 368 302 273 86 463 412 492 461 472 495 482 487 454 149 287 273 93 66 295 205 439 331 354 438 301 276 505 397 320
529 211 251 360 354 507 389 258 535 106 249 190 284 57 130 442 168 46 379 318 349 445 517 21 378 238 540 247 299 330 558 404 336 365 487 572 177 298 67 363 0 20 430 106 626 241 405 479 215 503 584 497 354 499 187 523 291 556 414 213 319 80 56 254 483 360 228 336 527 312 443 23 393 183 211 262 225 280 346 467 64 168 233 240 512 346 55 543 363 275 144 338 355 516 105 48 236 94 95 98 306
591 276 327 333 354 616 310 306 590 119 331 204 261 81 96 400 180 76 332 336 293 507 593 18 306 215 490 247 315 296 507 340 300 331 538 557 209 426 73 350 20 0 396 103 554 178 311 473 275 504 554 629 327 442 189 512 236 605 458 204 315 85 61 292 555 349 216 333 635 340 521 29 304 174 199 279 216 250 315 463 86 218 232 270 503 433 42 634 322 336 170 415 406 556 111 63 217 79 103 110 363
294 508 308 203 44 450 62 79 419 310 454 502 201 459 396 415 439 444 29 52 127 388 307 397 435 257 275 169 356 220 405 153 213 206 321 290 472 395 456 29 394 368 0 495 231 196 435 178 153 564 377 257 179 191 609 268 380 597 233 265 267 316 276 409 384 319 327 74 496 387 336 298 356 274 264 126 580 352 393 432 395 415 396 417 517 121 344 226 89 57 274 245 429 262 363 379 297 375 513 398 295
498 118 217 314 342 449 368 325 532 130 166 152 334 44 268 341 105 46 465 375 315 576 555 104 299 274 459 252 255 340 489 398 343 320 440 511 98 299 68 421 97 99 362 0 562 270 273 555 321 361 452 549 433 525 103 431 163 464 479 225 306 58 114 279 482 338 388 451 453 253 513 103 366 201 191 284 140 240 252 391 71 101 128 206 567 490 153 564 374 373 149 441 308 635 134 78 374 210 12 12 262
64 732 296 191 304 254 283 308 231 485 465 440 456 463 566 377 470 541 292 313 217 288 26 510 302 294 69 310 390 236 280 179 193 243 108 77 558 349 525 257 585 598 304 633 0 356 391 81 271 390 179 125 191 98 671 58 418 361 75 321 236 437 484 432 217 239 542 332 309 470 194 549 329 328 365 342 648 432 366 261 560 566 461 477 355 128 488 87 271 257 360 160 448 63 396 511 556 625 537 600 344
428 423 244 273 155 525 122 88 514 155 424 291 59 227 148 354 257 241 174 135 234 475 422 199 403 180 320 161 307 289 526 252 239 245 352 385 329 400 254 154 191 176 191 277 420 0 407 367 82 440 543 339 280 320 332 406 380 619 361 275 266 213 190 323 485 363 137 110 520 447 367 168 301 184 204 58 406 292 386 473 268 300 342 367 635 271 192 384 161 110 165 302 424 453 158 288 132 173 244 287 337
364 368 114 255 391 299 529 384 271 273 96 132 470 318 520 62 213 277 379 423 379 234 454 325 92 219 419 304 66 266 261 342 253 240 326 380 184 114 404 416 358 422 494 257 449 405 0 419 408 103 354 454 332 492 396 350 97 253 363 172 209 268 317 89 245 148 610 444 299 2 318 335 133 271 184 408 262 97 51 234 331 178 159 120 237 377 377 490 384 368 271 251 16 524 262 413 490 356 264 353 150
151 591 322 125 182 226 281 276 195 323 384 467 341 460 558 342 463 464 191 222 150 292 77 396 329 255 58 277 347 203 247 114 165 212 107 118 559 255 605 217 408 523 195 427 81 384 455 0 235 438 244 138 114 90 690 41 358 404 42 333 225 440 384 348 251 261 518 244 303 386 207 410 226 283 365 252 624 379 410 223 609 509 385 372 370 70 467 107 196 206 293 95 427 120 382 515 432 511 480 492 236
425 426 199 171 83 422 115 44 415 142 377 262 125 229 232 373 219 270 120 103 118 448 344 232 297 95 244 76 274 155 421 123 163 173 310 322 355 286 335 154 281 258 159 320 302 78 302 235 0 407 415 347 179 269 447 253 326 554 228 172 203 250 215 251 333 286 216 98 465 329 308 237 266 117 145 83 365 274 330 294 272 288 301 298 542 190 194 386 99 77 172 204 367 423 198 292 258 204 258 258 244
429 442 198 291 386 259 472 389 209 390 200 220 514 440 602 85 298 382 486 560 299 163 445 500 128 314 327 380 142 236 247 395 255 216 306 348 285 138 442 516 479 436 497 442 406 569 107 342 437 0 283 566 300 454 455 376 188 202 327 219 217 415 415 166 238 166 571 515 170 90 241 436 191 277 245 494 384 156 143 186 443 258 298 181 142 396 474 434 384 506 332 260 124 445 348 514 553 566 341 406 178
161 686 288 243 387 35 418 377 20 488 443 378 445 546 579 249 429 598 340 478 264 78 199 477 238 281 169 326 276 234 53 217 251 229 91 118 553 204 686 463 529 593 384 512 207 554 365 219 393 293 0 351 270 296 555 161 424 150 203 317 238 533 467 291 40 211 693 445 142 360 64 471 190 356 413 472 618 281 386 73 681 504 409 348 190 265 501 250 325 358 361 197 344 193 515 634 631 534 537 642 212
152 698 390 296 259 350 281 341 350 522 633 507 409 629 498 397 613 520 270 322 240 325 134 563 419 298 166 375 481 319 316 253 268 286 209 173 564 430 569 242 654 532 194 529 117 446 536 121 360 580 323 0 200 84 619 126 453 398 169 401 397 600 592 487 299 317 588 259 410 580 249 567 415 421 416 363 622 454 575 314 574 613 572 459 523 200 501 30 237 314 404 202 571 118 407 617 490 561 539 704 393
233 519 180 22 137 280 242 154 253 258 348 357 296 405 410 224 344 335 130 221 51 250 204 382 251 99 134 132 279 60 283 24 53 63 189 226 324 206 473 176 388 422 170 433 179 248 303 100 178 286 239 263 0 173 443 115 247 340 111 176 119 305 263 206 209 148 366 233 318 285 171 334 129 203 193 212 380 253 312 164 415 296 376 261 295 73 399 252 131 190 192 39 323 235 248 364 390 422 459 353 182
179 691 336 184 184 273 213 214 342 384 495 537 356 531 524 433 500 518 148 203 178 339 112 503 412 278 132 265 441 252 405 155 202 200 187 182 528 319 601 214 498 474 192 593 120 273 464 73 255 512 257 66 180 0 623 129 473 414 109 313 299 464 459 450 285 255 477 246 434 523 307 438 257 330 401 222 694 447 390 335 524 460 580 499 477 87 542 84 183 167 368 183 421 123 376 570 399 510 509 487 306
746 54 273 499 524 683 555 454 604 193 284 195 474 147 296 363 197 102 571 543 507 530 663 187 440 354 562 361 325 431 645 507 481 359 517 748 139 380 109 557 198 196 619 98 561 329 404 553 339 397 720 746 425 551 0 638 253 614 500 282 459 152 178 377 572 385 414 473 577 326 574 201 343 275 301 403 120 364 323 492 116 162 192 238 620 544 253 781 436 422 268 582 363 754 257 135 426 238 83 97 374
92 537 323 131 271 194 262 295 177 339 458 493 411 434 558 328 504 519 190 318 139 232 57 422 288 240 12 227 318 168 202 144 146 217 91 89 573 249 633 276 510 419 285 566 53 373 444 40 272 329 164 143 127 97 647 0 439 364 17 304 204 399 403 350 198 237 570 313 339 346 159 393 205 288 368 338 642 293 429 214 576 436 523 453 307 98 500 147 202 281 362 113 405 97 354 559 500 508 448 465 276
414 231 103 243 400 348 448 297 375 173 40 54 446 203 361 156 109 258 415 424 329 344 507 252 117 217 374 269 83 229 383 277 207 250 361 382 125 169 285 403 220 239 464 165 518 370 106 373 270 210 378 462 286 407 220 418 0 412 345 135 189 190 254 68 361 195 398 469 324 100 332 275 191 192 117 356 203 83 36 317 317 89 71 8 357 387 305 569 374 371 144 319 84 582 159 285 414 354 231 208 155
323 541 341 389 466 138 544 505 165 460 322 408 710 567 678 205 522 675 528 532 394 107 304 597 276 353 334 388 269 279 93 431 366 306 213 253 458 201 673 657 688 653 590 501 406 614 309 320 415 186 153 494 365 510 564 335 392 0 329 355 326 529 486 317 120 266 842 526 32 245 177 567 298 409 459 469 494 349 290 153 672 440 422 359 41 356 532 455 543 468 462 350 324 447 561 626 674 711 641 508 306
114 607 279 138 190 184 244 297 185 428 381 458 430 500 509 335 432 564 222 312 151 232 73 477 283 216 19 225 304 173 217 141 173 173 73 117 462 271 511 240 543 508 260 424 69 305 306 44 307 362 202 179 100 133 492 22 404 314 0 285 223 379 451 288 166 216 548 256 298 420 156 483 222 323 313 300 622 317 335 188 597 452 453 385 344 109 476 165 182 220 332 78 370 129 401 520 412 514 488 448 201
360 339 59 146 228 284 254 199 383 107 131 150 271 166 298 188 131 196 264 292 217 285 324 181 150 82 330 98 116 134 361 206 173 146 276 406 154 125 209 330 226 252 336 202 406 263 198 323 195 284 360 491 205 360 266 320 133 404 307 0 120 127 141 105 369 125 389 251 400 168 284 218 142 52 22 290 247 82 139 268 242 123 145 109 392 226 204 440 219 273 60 251 165 488 118 251 371 283 197 190 137
277 405 71 80 208 199 320 258 244 199 240 196 301 259 419 157 238 316 222 266 136 225 304 299 124 101 207 121 128 42 279 136 53 39 229 219 286 78 390 267 315 354 316 329 281 291 171 242 229 228 263 301 97 313 439 234 189 282 181 108 0 287 244 110 241 49 472 328 236 161 170 329 31 158 134 270 298 121 201 137 321 259 281 204 262 157 306 358 212 266 194 97 179 306 181 373 453 299 300 362 52
478 181 173 278 328 509 284 229 503 62 196 120 267 31 177 346 69 71 324 354 349 390 452 68 282 208 410 222 268 226 460 324 312 244 436 542 135 317 99 338 74 102 419 60 436 196 244 384 226 382 539 618 295 527 177 489 167 539 407 154 219 0 46 251 474 277 266 345 516 265 363 84 298 144 133 232 187 174 202 469 102 106 135 166 439 324 122 499 334 296 87 324 241 595 57 89 318 176 72 87 246
545 275 231 287 289 486 279 250 521 50 252 192 260 60 181 315 148 85 341 253 265 480 487 44 306 183 387 146 260 298 489 258 295 309 496 420 211 335 102 324 63 69 343 114 539 160 301 392 170 384 452 536 257 378 232 432 187 523 462 133 254 47 0 279 523 342 262 264 575 346 509 40 261 106 112 221 246 244 236 358 144 163 180 223 547 321 89 505 287 245 84 308 276 503 49 123 251 106 114 107 241
395 316 59 203 305 239 367 295 261 236 112 116 416 235 391 98 150 291 302 379 291 282 394 325 64 176 293 198 20 187 255 238 195 166 268 362 159 79 348 469 287 291 424 269 397 285 67 339 261 176 315 502 240 405 313 311 72 273 331 100 140 242 278 0 304 108 487 427 251 88 229 257 114 157 108 360 232 23 50 199 335 129 138 69 266 282 338 531 322 287 141 271 58 379 174 301 502 334 249 254 72
150 529 239 240 427 11 458 396 16 397 387 446 571 425 606 223 405 576 348 382 287 34 226 546 185 352 180 346 258 265 40 265 236 217 115 153 438 217 560 476 593 527 441 532 245 535 248 215 428 228 37 318 233 304 523 166 308 140 184 309 204 399 483 279 0 181 564 444 113 302 53 497 169 411 364 498 489 234 344 63 563 366 482 355 131 237 561 301 344 351 320 223 280 271 407 616 684 625 497 476 222
242 407 88 119 302 160 345 270 205 273 197 227 401 324 374 118 209 354 281 382 201 144 270 332 78 127 175 165 136 85 192 138 108 71 159 237 286 62 446 298 377 310 307 311 245 296 159 213 252 170 217 326 158 307 492 192 183 290 214 135 44 250 342 139 186 0 544 386 228 163 132 318 26 159 162 328 423 131 180 107 362 270 267 213 216 213 382 314 246 280 235 136 143 375 229 452 488 450 313 303 33
550 455 415 406 266 563 236 212 548 237 446 465 134 287 112 564 342 281 340 221 333 713 637 240 517 337 463 321 433 347 681 426 375 439 518 692 399 575 284 300 260 185 290 313 502 141 483 557 259 598 584 587 384 431 446 512 464 831 423 376 395 328 251 442 578 429 0 266 685 604 496 222 405 327 302 195 455 515 475 592 291 367 373 474 643 423 174 477 309 279 299 458 473 672 265 323 10 146 342 334 504
341 553 324 190 68 388 9 71 442 296 435 428 125 367 286 505 358 402 64 13 178 412 335 278 335 178 290 162 380 247 491 161 250 239 316 372 468 337 345 46 292 301 74 352 326 98 485 256 90 455 493 259 209 221 411 300 373 474 303 259 309 328 237 329 518 289 259 0 613 400 402 339 377 262 305 59 522 357 483 385 386 439 410 414 457 186 244 291 101 47 247 243 409 381 287 331 253 287 442 427 335
254 567 286 318 473 86 570 462 120 487 309 467 583 566 648 217 473 577 543 503 396 80 312 541 227 361 267 441 297 272 71 391 262 330 232 249 461 228 517 553 572 574 502 593 340 517 228 383 526 152 130 469 303 435 626 295 313 34 314 350 228 533 491 268 108 244 691 456 0 267 155 614 265 460 401 527 569 351 317 150 589 504 446 304 57 322 657 474 407 435 428 289 322 332 405 675 747 704 523 549 223
490 355 151 295 386 271 437 350 261 313 90 138 483 248 455 75 177 339 469 393 330 246 385 396 81 243 373 239 56 207 292 305 220 200 296 384 171 97 302 475 343 346 503 291 462 376 2 357 406 120 320 447 321 397 307 344 80 256 424 198 173 278 315 84 256 145 514 536 277 0 254 337 180 266 194 464 254 87 58 226 338 155 152 95 211 389 397 583 409 371 264 333 17 556 304 322 470 456 262 351 125
143 531 219 217 311 68 457 342 43 396 371 420 439 397 643 183 432 536 372 443 259 62 196 557 178 217 159 287 264 169 83 175 183 148 80 116 408 169 483 344 490 562 419 467 162 444 230 172 386 245 49 284 182 270 663 157 283 153 164 284 193 428 407 276 56 143 676 427 157 317 0 462 145 275 321 384 548 217 334 40 494 369 422 334 146 255 453 289 281 350 334 140 230 240 374 487 592 603 424 579 191
489 261 225 298 308 611 314 272 490 96 281 239 191 67 122 353 175 82 308 328 283 500 551 6 392 247 460 207 289 306 523 271 357 279 517 475 234 355 84 336 26 25 316 110 561 170 403 432 214 508 448 463 363 432 177 487 252 624 489 212 332 81 41 243 523 389 239 286 514 365 501 0 374 172 171 265 265 280 292 532 89 178 201 211 463 348 54 562 278 274 145 366 329 663 101 75 239 81 101 110 369
289 437 65 109 316 234 336 300 183 227 225 218 355 293 466 106 193 391 255 372 190 196 301 285 70 128 196 174 101 95 235 168 111 80 232 232 277 50 397 335 336 294 282 328 316 265 151 203 227 175 224 345 165 265 377 264 191 238 224 114 31 225 289 99 227 21 515 326 251 179 172 271 0 170 126 330 326 110 135 131 331 268 210 178 206 245 365 305 206 310 197 140 149 305 233 399 466 421 291 319 17
466 337 93 183 198 356 278 175 341 65 196 161 276 138 281 224 124 186 249 207 191 312 384 140 217 59 324 75 171 127 365 209 132 142 318 320 227 220 257 291 191 168 229 209 367 178 249 352 135 288 324 425 162 340 322 296 164 394 324 56 135 118 137 148 410 160 333 255 417 248 320 135 153 0 32 187 273 144 176 283 271 147 186 165 411 276 178 404 228 211 32 185 242 380 84 252 352 224 171 209 182
355 326 98 189 255 351 294 218 312 89 150 148 263 173 241 210 122 203 288 261 172 329 363 186 145 88 348 84 165 158 366 210 177 126 375 360 176 196 238 254 200 215 324 201 374 207 197 340 191 240 367 496 205 406 287 359 151 431 278 30 121 132 133 120 364 174 334 252 346 234 258 187 151 32 0 259 242 104 155 314 211 122 144 138 321 285 190 451 226 238 47 237 195 373 85 262 321 264 184 226 154
372 420 329 234 86 455 65 42 454 190 388 374 70 264 204 382 305 309 116 71 155 442 372 278 380 176 296 169 310 245 441 161 192 278 418 345 393 358 294 109 279 303 111 299 313 60 443 266 65 508 440 351 207 275 448 356 382 549 332 212 228 280 207 307 387 287 208 44 605 387 350 260 306 194 262 0 423 343 365 453 363 334 396 362 619 206 217 304 99 64 197 270 433 377 247 308 206 212 353 380 369
590 62 309 431 503 494 553 372 543 223 148 115 455 179 351 274 147 174 559 457 408 553 581 200 300 357 623 380 282 388 482 420 457 436 553 511 71 316 204 469 253 218 620 140 636 452 288 476 452 332 566 577 432 649 111 538 178 460 577 291 317 184 251 263 559 383 479 423 567 280 543 234 366 276 234 457 0 231 230 403 213 125 112 145 441 477 282 589 536 442 268 483 239 796 254 204 430 318 111 120 289
437 318 28 232 322 294 355 285 300 153 121 125 395 232 330 122 118 258 289 299 229 271 397 243 70 152 364 185 42 147 273 238 139 149 292 379 174 73 315 383 245 288 317 227 399 305 109 357 240 187 328 395 186 373 363 314 82 353 330 72 114 209 246 24 291 135 469 411 326 118 246 261 81 137 116 328 285 0 60 236 349 149 153 89 243 247 303 493 293 358 120 252 90 457 197 329 378 307 235 221 77
469 324 89 268 445 267 392 398 302 230 57 95 408 225 357 95 166 279 420 486 297 237 359 301 105 237 344 237 49 209 274 290 252 200 328 361 152 111 290 477 342 288 438 275 375 421 51 414 302 170 336 575 257 380 291 375 48 366 400 120 195 251 238 40 354 194 573 462 286 53 283 271 161 199 186 387 236 73 0 293 315 126 133 50 249 327 388 480 380 344 173 286 31 568 197 276 539 337 223 222 145
199 506 249 168 313 67 425 386 72 389 268 353 555 487 587 166 380 532 363 439 218 60 231 398 190 242 185 318 230 198 85 196 156 184 133 136 400 161 474 352 471 472 409 473 217 407 203 223 313 182 72 318 187 294 569 211 320 151 203 237 169 344 430 230 48 117 542 432 135 261 37 434 162 298 251 347 500 250 229 0 542 378 321 248 145 253 561 267 318 413 308 145 243 295 420 450 614 549 493 396 133
623 162 356 344 383 648 446 310 509 176 245 189 334 88 161 405 148 50 476 348 368 542 617 89 346 324 493 270 298 319 574 435 375 445 646 644 205 422 13 463 77 79 493 74 696 265 347 578 291 493 562 550 481 483 98 596 262 711 531 243 429 132 116 352 677 359 296 381 651 386 504 93 343 232 223 371 166 357 358 567 0 167 200 284 604 479 139 594 436 383 181 514 328 777 152 16 275 174 74 76 365
477 149 169 320 346 440 377 399 426 163 72 38 378 137 274 236 34 150 426 364 280 386 553 202 225 231 468 233 138 306 443 338 302 246 476 413 44 225 193 431 190 193 389 117 529 333 152 474 290 281 457 506 305 558 193 433 76 440 441 115 275 127 170 156 420 224 410 463 405 162 351 175 233 179 140 314 106 154 149 326 222 0 27 71 467 373 229 487 399 339 155 392 140 663 114 185 358 282 117 107 247
464 162 143 326 444 496 379 337 427 169 55 25 350 173 302 208 76 195 371 418 309 430 454 201 184 238 512 239 157 300 384 293 323 246 501 550 41 197 186 486 211 234 391 148 467 316 146 478 290 244 392 562 360 444 188 401 68 446 475 140 249 157 198 148 375 277 461 486 377 173 441 186 258 160 182 429 95 147 130 386 223 30 0 68 351 399 292 624 383 438 178 309 151 617 154 220 488 312 168 142 260
438 271 118 256 418 348 392 333 412 179 42 47 432 173 373 146 109 234 388 395 277 303 486 260 149 233 423 194 98 193 383 262 272 213 344 463 102 172 289 435 259 312 365 215 430 388 119 421 272 217 326 539 265 434 254 341 8 337 379 114 202 169 192 66 352 194 496 386 371 100 359 232 187 154 130 399 187 67 58 270 234 64 58 0 346 326 265 472 393 405 178 300 96 505 185 267 464 304 208 229 184
360 609 331 367 438 117 556 426 159 425 309 362 621 543 701 210 464 630 477 467 375 87 362 622 195 324 312 349 246 342 114 304 323 326 241 248 455 205 603 611 593 572 530 516 397 602 205 403 533 138 166 530 331 371 526 379 272 47 289 346 247 543 560 281 136 207 756 599 46 258 166 561 270 388 430 490 494 234 320 159 677 442 390 324 0 445 589 512 401 430 397 281 224 391 379 509 673 605 569 604 217
200 466 226 87 106 319 186 158 291 315 432 338 274 361 433 316 400 427 118 172 63 254 166 318 301 175 113 188 264 127 302 56 122 156 177 192 424 269 448 171 332 426 147 409 157 289 316 91 142 330 304 184 66 111 512 122 409 353 92 294 153 375 311 256 295 191 332 184 404 384 192 386 186 270 217 222 446 255 303 205 515 408 471 334 433 0 440 198 78 150 312 76 413 190 318 441 343 411 430 430 238
643 308 277 296 279 576 285 257 528 147 290 244 169 127 73 400 211 117 307 305 389 526 491 59 380 273 466 239 353 289 575 368 290 284 545 577 251 439 97 368 60 40 316 187 462 163 374 447 188 440 510 632 361 527 194 569 360 550 548 234 338 112 75 356 603 442 192 321 589 430 485 46 365 229 249 202 272 364 378 503 133 269 294 339 564 433 0 510 315 267 163 380 321 647 157 115 188 27 185 180 385
131 836 390 255 280 354 316 328 257 566 601 492 375 657 658 477 634 625 212 266 209 393 130 538 430 294 127 325 531 297 398 223 240 272 180 148 553 371 536 308 490 627 246 535 86 378 476 120 310 548 286 23 218 90 692 116 549 490 138 399 383 610 594 402 346 368 530 308 433 442 236 486 331 397 450 407 639 382 432 266 617 525 606 524 491 154 580 0 256 321 423 234 458 90 539 671 618 516 553 532 323
276 528 257 113 43 335 87 57 399 266 359 343 177 302 300 395 275 397 49 85 59 384 221 312 283 154 203 101 272 150 352 104 169 152 288 311 455 244 365 87 306 348 90 428 221 164 410 164 74 382 336 226 133 152 420 230 393 466 166 194 193 275 249 284 377 240 263 110 401 336 310 288 253 164 190 115 433 264 305 344 367 386 383 372 432 85 300 238 0 58 205 152 314 346 228 417 341 303 423 364 276
328 421 246 164 21 450 63 29 370 263 410 317 128 358 314 418 377 321 38 46 135 387 351 317 397 190 283 160 357 214 463 152 196 189 288 383 466 330 334 71 319 271 51 362 272 130 412 246 72 489 341 279 169 212 446 229 340 516 255 274 216 299 260 363 413 238 250 50 415 425 365 294 278 233 222 55 470 290 350 338 364 348 460 328 528 140 246 260 57 0 225 170 455 335 271 399 296 308 333 399 308
414 312 133 188 273 339 282 200 368 38 202 141 282 128 239 291 108 159 219 239 207 431 380 137 239 114 310 115 217 182 361 208 190 182 412 351 169 240 207 333 127 170 324 137 410 171 264 350 173 314 416 475 188 352 254 334 186 417 365 56 169 98 87 187 400 232 307 249 407 216 356 151 189 34 43 239 236 137 190 330 236 141 142 146 364 235 149 515 215 259 0 271 215 529 37 184 314 200 175 143 186
159 546 200 60 207 234 252 192 173 304 324 314 358 353 413 231 382 474 171 226 71 241 131 337 218 168 91 146 234 89 207 72 67 76 104 157 407 158 395 264 416 446 247 365 151 321 341 83 232 333 176 259 43 184 487 107 265 341 93 186 100 343 339 219 228 146 423 231 295 324 158 427 126 211 202 261 532 246 241 141 499 326 355 346 324 76 340 257 132 194 266 0 281 204 303 404 499 351 381 429 182
450 267 126 319 450 300 462 433 343 242 78 121 446 238 434 70 192 287 373 437 316 236 454 308 89 254 399 280 53 233 295 338 245 235 390 380 213 111 320 414 381 411 450 245 494 453 18 336 357 136 336 469 329 438 290 355 91 251 370 179 207 216 261 56 323 153 449 421 248 18 237 312 133 184 197 377 277 92 36 203 404 186 167 79 266 315 422 447 380 431 215 265 0 448 277 355 498 433 261 287 111
91 752 456 293 337 285 334 374 248 543 594 586 554 624 591 408 459 717 340 319 297 306 71 597 471 376 127 411 502 351 290 245 253 261 144 102 671 439 558 368 630 543 356 560 72 493 539 111 411 521 211 116 218 130 816 124 448 445 116 412 279 653 534 514 239 333 688 389 390 487 263 598 363 493 428 417 589 410 559 265 616 489 577 597 342 243 568 87 316 389 517 235 482 0 555 560 582 570 536 715 337
425 256 146 235 309 404 246 201 375 16 215 142 204 99 205 295 80 99 263 264 245 473 451 94 275 147 452 117 229 230 501 271 198 220 354 382 150 217 169 314 105 128 330 121 454 167 218 344 206 399 487 458 236 376 259 347 161 414 378 90 188 52 62 208 370 286 242 300 476 259 390 103 246 62 85 201 229 169 192 326 162 113 186 187 448 329 125 476 271 294 42 313 240 590 0 156 267 153 147 145 256
675 170 343 446 396 587 342 325 588 150 308 206 321 58 166 397 175 32 390 349 453 463 610 71 427 268 486 311 387 373 507 435 393 396 520 691 201 325 3 405 56 66 464 77 523 250 408 599 305 450 505 622 365 601 118 501 282 561 459 272 331 109 93 319 624 407 328 425 652 356 561 90 348 245 215 379 183 324 318 584 16 181 233 269 571 434 93 592 425 335 198 509 334 664 144 0 254 140 56 72 418
535 478 416 323 314 715 194 218 632 250 549 387 124 259 110 465 403 293 330 225 366 682 551 226 560 292 580 327 528 356 720 331 465 396 618 559 358 415 276 239 257 204 252 333 527 162 612 457 210 609 599 442 386 518 450 591 471 749 479 398 445 296 274 518 598 478 11 219 812 608 576 249 490 330 306 226 476 422 427 496 323 342 385 401 655 444 153 460 321 282 316 412 482 614 316 255 0 157 357 303 425
537 363 287 347 257 527 264 205 652 159 329 337 174 138 44 442 265 164 317 309 385 632 470 70 358 272 544 219 342 292 691 326 335 358 540 656 308 377 156 285 95 72 330 171 454 148 357 432 186 565 591 580 409 531 218 540 374 585 535 280 412 159 108 350 633 345 154 265 572 486 610 75 437 211 258 248 304 332 397 549 135 265 267 272 689 394 24 527 322 241 197 423 369 618 138 128 139 0 178 175 420
607 125 260 385 403 460 438 314 557 148 186 161 382 38 198 313 126 40 458 388 321 473 511 126 359 276 578 287 293 341 537 400 414 382 610 590 117 286 72 435 85 125 515 15 600 275 353 452 297 345 494 679 332 576 92 522 239 613 443 179 287 71 125 267 594 349 383 400 633 351 557 124 285 207 207 292 151 222 231 453 58 140 144 170 451 378 163 625 384 423 148 356 289 624 112 70 377 214 0 0 321
527 110 248 320 378 618 375 352 582 141 239 181 323 46 195 378 96 40 433 378 351 446 498 113 276 240 446 231 277 292 512 336 297 320 440 572 112 389 70 395 90 132 421 12 643 310 277 572 324 436 635 687 448 537 92 441 217 624 471 183 351 79 116 248 460 377 328 436 529 318 426 111 317 186 167 395 134 238 254 406 58 136 158 222 503 371 134 601 346 427 166 352 246 597 134 59 371 214 0 0 373
347 364 59 155 272 195 381 251 187 207 164 191 350 276 451 108 196 324 270 344 160 168 280 328 56 140 259 146 78 106 200 171 100 90 212 244 227 41 409 397 310 375 337 340 338 301 145 283 241 165 234 350 164 322 454 221 132 297 216 110 56 222 254 85 188 35 416 332 215 147 179 344 16 166 149 297 341 84 141 155 320 256 189 143 210 208 336 359 289 283 158 166 135 353 209 331 447 375 291 314 0
