0 400 104 199 311 154 472 205 306 422 163 443 68 124 356 167 387 249 470 274 272 446 240 169 280 299 554 398 74 465 237 110 571 304 220 286 190 332 224 224 205 64 240 327 344 202 247 304 374 329 81 486 246 532 358 201 59 386 250 293 174 305 237 268 477 197 240 477 243 37 230 205 419 230 134 322 101 313 65 476 471 442 243 380 81 544 266 343 304 227 33 368 247 43 140 349 171 467 480 329
399 0 552 289 144 352 42 371 67 317 347 286 486 318 419 245 195 127 192 215 210 225 377 192 97 254 159 371 290 183 537 312 184 53 249 116 416 406 451 195 212 348 121 299 291 242 302 495 211 32 425 429 159 175 62 225 356 181 161 303 177 221 316 145 47 514 319 234 252 376 367 346 261 176 253 242 314 200 332 36 174 222 391 233 395 178 336 84 51 601 349 197 625 377 304 76 587 281 256 346
109 537 0 295 339 198 477 176 479 537 197 394 102 186 473 225 533 441 634 432 336 678 214 290 356 264 672 401 118 524 129 192 596 411 290 360 280 488 240 345 302 135 311 382 408 303 305 312 369 507 92 474 304 566 452 367 179 519 282 287 312 392 350 372 473 142 278 534 280 144 335 298 510 275 208 364 216 408 181 602 537 517 290 472 28 652 349 367 436 122 140 399 129 160 242 569 63 426 462 345
169 301 318 0 215 242 274 376 238 206 228 392 203 71 228 48 200 130 267 161 237 399 394 149 251 315 312 226 179 338 424 160 348 221 81 154 105 264 360 201 79 127 118 175 325 61 295 216 260 269 203 396 226 253 336 74 108 354 136 320 97 100 86 125 263 361 248 260 37 127 187 98 323 170 32 118 91 136 140 284 335 347 161 412 238 297 311 215 198 431 157 367 343 143 13 213 282 379 418 233
282 131 390 232 0 216 225 244 166 396 204 137 386 276 498 182 337 177 286 280 48 349 229 115 54 125 384 368 252 141 349 169 353 168 275 85 409 499 235 80 179 200 147 329 217 186 178 448 46 134 332 252 48 291 140 170 295 117 129 240 139 317 296 179 137 427 172 346 248 292 386 363 307 71 262 258 250 269 239 179 290 322 334 108 324 323 179 62 158 451 281 146 388 249 252 221 412 153 136 493
155 341 185 260 190 0 346 99 277 448 4 239 214 198 447 211 404 261 423 350 150 451 113 107 210 126 541 373 68 349 154 65 410 299 265 189 325 391 115 147 214 129 249 345 234 192 93 405 174 261 260 298 157 516 296 207 182 278 197 197 164 333 281 277 330 187 87 445 221 120 340 364 431 142 222 339 179 284 132 362 409 455 299 290 155 433 162 224 343 213 191 267 194 129 243 313 236 232 294 479
486 50 568 338 229 369 0 448 73 301 347 323 510 356 492 303 211 178 163 225 219 176 533 284 142 301 119 405 447 235 469 285 142 84 319 154 370 411 451 227 235 417 160 284 347 279 335 481 226 64 540 435 205 173 64 206 321 247 196 407 220 232 373 168 83 547 351 281 240 392 459 428 222 182 291 200 372 246 398 26 106 177 371 243 555 104 365 159 95 535 448 290 581 396 278 63 553 319 235 361
221 371 189 293 231 102 431 0 435 649 109 281 244 298 516 246 525 376 530 379 218 655 23 216 270 147 501 633 139 399 74 145 554 410 445 358 313 628 65 188 264 184 375 466 212 314 127 519 279 445 227 284 228 515 396 285 237 281 314 174 253 434 433 340 354 144 119 568 299 214 498 350 498 263 334 383 290 444 168 484 635 490 437 371 165 611 144 289 337 192 248 262 140 253 305 496 171 356 281 477
363 66 389 210 151 340 76 407 0 234 361 310 418 268 427 222 152 79 146 146 204 186 417 239 110 353 172 286 275 268 531 261 152 24 238 99 376 337 453 237 150 297 101 284 407 178 287 403 229 82 446 475 196 157 141 137 351 258 133 440 173 214 243 86 99 532 367 218 231 333 329 291 161 177 265 185 331 154 275 91 125 187 316 258 402 120 346 98 31 605 422 329 542 290 256 35 556 285 302 329
347 317 473 225 340 391 274 597 244 0 490 636 357 279 192 283 80 227 188 122 439 261 501 439 340 538 244 62 480 574 500 340 298 248 135 255 276 92 640 347 260 376 241 88 563 218 550 239 486 345 377 741 383 204 407 253 325 520 341 559 292 118 206 251 306 699 528 76 228 329 213 192 132 385 283 106 345 140 383 319 258 174 215 434 506 280 506 327 287 711 403 498 685 394 204 232 565 487 532 164
139 305 200 244 170 5 314 88 366 386 0 231 229 236 417 209 420 232 443 321 162 541 118 89 240 103 444 417 65 316 162 63 512 264 350 181 294 395 133 132 192 120 209 390 200 170 74 440 161 266 248 256 138 388 354 215 159 258 178 164 172 349 283 297 326 182 78 513 254 153 317 292 492 156 242 381 208 331 119 378 443 412 333 288 164 386 167 266 336 258 155 302 232 139 225 319 195 266 241 397
395 307 391 322 169 244 285 304 309 524 255 0 463 444 583 368 415 359 437 369 162 406 221 213 208 117 448 635 306 84 390 305 425 310 511 221 419 511 192 207 283 322 316 594 91 304 146 670 102 198 423 102 197 406 226 389 340 66 298 144 317 495 433 290 231 438 183 483 431 345 485 545 446 234 369 490 369 460 346 308 385 421 501 73 460 431 100 198 258 375 395 43 491 321 393 329 386 35 42 513
70 381 116 197 394 185 469 272 462 397 200 499 0 131 331 198 421 293 478 366 347 543 289 295 382 353 544 353 132 545 264 169 581 379 215 323 155 361 281 317 250 110 307 328 465 196 350 235 423 436 27 562 301 417 544 239 100 403 329 445 232 314 183 359 426 229 292 382 253 83 223 169 508 332 163 293 86 322 145 398 478 416 161 466 118 514 433 318 349 268 39 470 229 86 200 416 157 482 543 287
110 382 188 93 321 206 348 294 316 327 241 478 102 0 245 101 241 182 416 215 276 428 314 246 320 286 456 292 186 371 378 196 376 290 149 258 58 260 330 279 162 122 205 233 430 126 358 160 348 348 121 483 266 331 357 166 66 444 234 407 138 149 103 191 319 319 331 283 118 118 149 81 400 226 60 223 36 188 126 345 413 344 117 453 212 444 342 265 302 339 84 442 356 76 72 351 311 412 455 186
395 521 389 246 439 529 463 645 390 171 413 653 364 252 0 348 276 304 371 282 485 476 544 468 531 622 418 141 374 630 551 379 487 424 193 377 164 103 590 377 337 350 315 143 611 355 524 88 577 536 302 661 394 343 587 280 297 649 438 627 298 243 189 378 447 647 484 302 250 378 117 165 292 424 244 203 297 275 392 476 412 421 123 640 353 391 606 407 348 626 356 593 534 366 284 462 474 650 674 59
154 232 284 53 197 177 288 241 178 230 183 368 201 86 257 0 227 134 245 139 146 342 300 137 158 270 324 235 150 331 341 143 384 176 98 132 169 295 340 148 41 114 134 184 303 23 240 234 235 193 214 408 134 340 275 58 114 298 97 351 56 121 147 139 288 426 241 295 75 119 207 153 317 108 53 175 101 170 110 291 393 289 160 279 258 350 251 186 202 365 168 383 386 117 58 262 309 364 346 260
328 198 418 176 259 430 233 553 132 90 370 432 327 252 245 178 0 120 111 52 329 175 426 327 261 460 228 113 344 458 501 278 202 182 132 213 250 147 480 344 190 311 170 110 461 180 405 217 375 236 418 488 263 134 249 157 255 423 247 532 251 94 185 151 270 494 404 69 135 329 243 235 108 248 221 59 303 67 320 269 171 121 222 337 441 164 458 267 160 544 353 454 521 282 211 132 556 437 451 176
284 149 343 120 196 308 151 402 94 184 310 383 323 243 312 111 110 0 162 75 174 210 416 163 158 283 202 256 291 276 500 192 254 79 115 87 254 297 347 199 86 221 34 172 358 107 303 269 250 150 290 481 172 184 207 62 257 311 99 413 95 109 190 6 196 470 246 159 125 265 243 253 172 125 138 109 238 76 206 175 208 198 250 288 376 163 310 107 92 474 318 304 424 208 140 113 448 350 356 258
439 157 489 270 310 456 149 578 142 175 487 496 543 410 368 322 102 175 0 130 368 69 573 346 228 418 108 253 389 416 628 446 99 158 258 207 316 224 599 289 294 368 166 199 548 243 522 363 406 186 580 538 282 27 250 265 347 332 234 526 267 205 279 167 274 576 412 94 273 415 355 293 44 272 332 158 429 141 448 173 91 41 299 372 468 70 546 225 160 584 439 484 572 438 248 110 620 463 361 365
343 219 490 170 284 321 181 404 121 135 324 354 377 248 283 138 49 78 151 0 299 215 450 282 222 437 205 138 331 339 454 297 184 150 111 159 205 189 395 260 146 225 120 126 413 121 365 229 362 228 408 590 249 166 235 94 269 358 183 476 145 71 183 70 215 565 364 122 101 261 207 234 155 180 188 32 264 22 298 213 229 174 211 338 354 161 437 184 148 610 299 412 607 277 145 130 504 334 412 193
224 201 330 254 50 172 194 259 184 425 147 170 303 309 399 192 273 199 288 253 0 355 264 55 87 134 373 382 154 176 312 133 337 167 312 100 377 379 183 28 132 219 127 320 180 149 117 452 57 148 376 227 22 306 163 177 223 135 84 212 118 272 274 157 201 397 134 371 202 211 333 372 385 54 204 251 227 269 226 200 356 313 397 166 253 294 169 108 148 425 236 167 319 269 257 271 327 191 155 468
582 184 608 354 355 545 184 534 194 227 432 492 610 372 457 389 189 211 78 227 409 0 514 346 344 449 47 259 421 418 563 454 48 187 301 256 418 376 530 368 336 390 229 337 483 277 591 482 447 272 601 534 367 46 273 280 535 413 318 639 350 270 369 243 219 684 430 177 336 430 491 345 104 328 322 195 466 219 489 169 48 73 477 433 570 41 506 306 202 625 517 503 756 548 325 130 623 394 396 342
234 378 188 331 297 123 524 25 382 484 94 220 271 344 577 324 424 374 533 411 210 526 0 192 364 157 601 547 142 307 105 168 648 375 395 300 414 674 44 183 346 202 369 553 190 318 88 573 267 372 304 218 247 595 472 388 288 309 303 140 310 460 444 381 409 166 110 651 363 187 400 383 638 260 351 501 315 455 196 505 666 531 459 280 172 647 135 365 456 175 293 253 152 208 355 482 198 327 279 505
179 254 309 152 116 123 264 188 245 335 99 232 244 246 390 144 332 208 357 269 52 387 203 0 112 145 447 392 108 252 274 69 429 181 259 108 267 343 196 35 122 117 160 335 190 148 139 407 133 176 297 294 55 369 253 136 157 201 79 193 73 238 263 175 249 276 113 322 172 145 342 301 426 54 192 286 196 250 142 300 366 444 322 205 279 344 193 122 175 293 227 181 327 183 153 247 300 229 197 391
265 98 353 191 46 228 171 325 144 382 228 183 371 326 424 188 263 125 234 197 84 326 277 128 0 184 306 329 248 185 356 226 239 87 231 63 390 451 295 113 166 233 113 280 263 140 193 350 87 66 370 291 70 238 128 188 248 167 86 253 117 267 312 129 85 492 205 341 186 298 326 379 253 69 228 197 284 226 205 124 289 272 402 124 390 238 219 19 85 476 273 184 453 261 266 175 387 157 192 410
321 324 310 338 153 108 377 141 291 455 134 146 396 282 613 281 360 338 395 338 124 456 166 128 169 0 425 434 214 190 228 155 440 313 416 237 440 588 117 115 283 243 287 430 88 256 44 498 124 280 375 141 144 486 278 296 232 150 227 80 246 368 334 294 249 312 41 554 362 271 532 420 508 178 265 442 301 397 244 319 513 511 466 147 240 472 33 232 279 286 283 148 258 279 308 314 374 137 180 554
490 171 709 358 348 544 143 668 182 251 505 425 557 491 454 306 215 279 105 209 416 48 563 392 301 432 0 306 492 356 579 445 19 218 398 261 484 386 588 415 349 508 240 380 470 372 442 517 343 229 568 499 397 96 189 343 528 341 264 624 338 269 349 265 203 663 472 173 299 450 461 412 147 297 429 301 503 261 468 135 22 136 390 316 690 43 522 225 187 692 521 418 677 485 344 133 601 350 446 489
370 357 458 238 475 502 380 464 298 70 487 644 356 223 139 228 145 227 228 148 450 341 592 359 404 541 348 0 412 506 487 351 306 271 129 361 194 36 583 341 262 342 305 54 521 263 514 171 426 332 386 600 439 229 454 230 363 614 340 581 282 127 132 214 455 539 536 144 158 404 144 187 212 302 201 133 254 159 393 405 287 246 174 485 516 339 468 406 285 564 335 497 572 364 243 265 588 598 509 115
88 379 143 163 225 72 394 142 302 411 60 316 142 160 364 130 364 227 376 339 166 523 165 109 251 206 474 460 0 325 198 51 490 308 248 215 198 448 207 183 202 65 249 361 240 160 156 366 263 298 164 375 178 437 378 180 107 357 168 214 133 290 256 234 385 205 136 446 204 55 328 298 409 197 171 302 150 307 54 381 471 454 307 272 118 522 188 282 348 219 129 285 221 90 163 343 203 294 345 382
474 192 572 411 122 357 238 325 295 446 298 98 467 491 634 348 418 260 440 315 163 447 376 199 172 231 382 479 400 0 448 349 343 220 419 219 576 515 308 238 270 431 253 434 185 314 245 562 121 181 509 215 216 355 130 336 456 41 242 257 277 406 406 334 133 541 255 409 352 398 475 505 384 211 448 336 454 330 311 221 378 453 447 32 457 306 202 170 198 470 480 65 501 447 459 307 551 58 54 480
247 425 149 371 321 189 513 77 411 523 157 324 242 280 571 350 539 437 540 539 273 598 81 225 375 240 731 639 149 497 0 202 672 424 410 437 353 683 141 281 411 260 412 534 243 358 160 437 290 473 273 311 302 653 450 370 216 458 321 214 328 419 456 457 407 54 215 620 463 250 462 389 566 375 334 419 312 462 255 527 606 742 364 449 176 548 215 413 408 84 226 351 78 266 334 584 150 352 376 488
127 313 208 151 185 66 362 167 254 428 55 296 218 154 442 132 298 254 427 253 125 467 196 83 188 150 521 347 59 342 182 0 439 232 267 176 277 444 180 100 156 78 196 339 261 141 117 290 199 256 217 328 128 363 306 153 98 232 144 247 105 283 257 235 342 288 116 349 182 87 360 269 404 115 172 283 165 241 64 300 479 443 278 297 156 409 168 179 238 246 173 233 234 117 188 327 225 277 273 316
505 161 587 300 277 495 111 625 180 278 459 465 499 477 534 347 191 247 103 213 338 42 633 347 291 442 15 377 437 351 625 488 0 199 325 239 429 341 508 357 343 496 224 327 555 275 446 532 358 225 592 523 285 66 195 275 496 431 254 464 367 258 389 245 181 678 408 169 332 471 491 477 131 317 329 266 393 251 470 150 7 109 466 362 522 31 560 283 158 813 480 360 648 444 384 118 748 387 403 408
296 50 493 222 153 290 68 422 22 244 263 305 333 244 345 179 155 77 172 159 189 198 384 206 94 306 193 301 310 263 437 245 166 0 188 84 367 318 443 157 167 326 67 228 352 195 354 365 213 54 437 358 141 198 119 135 251 247 97 336 149 205 228 71 108 468 339 225 179 290 306 271 179 125 196 171 292 153 311 88 154 205 352 230 456 164 347 92 11 593 343 303 550 289 240 70 420 309 253 330
250 286 377 64 316 296 296 417 245 177 292 462 217 148 177 104 114 119 214 120 311 339 384 227 270 341 392 156 286 414 497 280 290 216 0 192 128 155 450 287 133 175 147 90 478 120 376 130 324 281 266 485 239 244 356 108 164 403 155 392 138 32 60 146 272 458 402 225 40 242 125 111 270 187 88 75 147 98 178 270 347 285 129 401 314 317 470 278 259 509 183 365 464 223 80 237 459 491 497 138
268 137 411 152 101 238 140 308 92 314 250 271 270 258 419 118 210 78 218 176 95 283 337 110 65 187 299 340 217 191 381 161 232 96 193 0 266 337 263 117 86 213 41 258 295 116 231 364 150 108 340 359 83 220 171 93 236 187 36 278 96 158 273 81 161 418 222 260 187 212 349 256 290 47 176 173 262 187 202 141 237 261 295 186 333 231 245 52 68 505 307 240 427 223 186 138 457 270 275 335
201 445 299 116 363 270 379 387 319 299 305 430 141 61 155 144 237 245 419 212 283 409 394 298 315 419 509 217 216 526 405 224 475 284 121 248 0 223 364 272 211 170 256 190 522 179 401 94 433 324 177 511 265 356 459 209 155 522 252 458 239 165 68 276 454 406 361 297 150 186 74 35 330 316 93 227 100 238 199 437 445 350 36 404 248 372 452 293 314 401 147 442 380 147 119 399 302 540 515 133
322 331 420 216 419 513 386 587 365 96 531 600 307 234 106 278 199 258 251 194 448 299 511 382 475 546 348 41 448 664 598 397 423 290 166 297 235 0 580 397 259 347 268 93 625 304 585 133 547 381 351 776 443 325 524 235 303 600 389 557 369 141 184 314 513 518 536 171 228 340 157 204 215 349 272 152 330 157 397 465 322 239 180 607 474 310 650 350 388 697 330 509 635 321 203 318 459 502 668 77
294 384 230 322 276 108 389 65 393 640 115 211 368 324 629 331 551 348 602 498 222 649 36 209 343 135 582 476 214 275 139 191 568 354 412 340 428 576 0 185 357 263 325 436 166 362 86 453 190 318 274 194 267 607 341 391 292 286 280 88 263 478 456 440 360 201 93 622 402 256 543 458 584 234 387 451 331 511 274 400 562 522 532 264 236 634 112 323 384 257 308 287 223 280 410 454 233 254 285 603
217 197 336 205 65 132 231 253 233 403 107 189 330 261 465 150 276 205 363 280 30 387 246 28 90 138 377 363 163 238 267 89 404 184 296 115 299 463 227 0 149 182 141 346 206 143 114 383 95 169 296 238 29 318 186 156 215 167 104 197 103 271 321 156 196 297 124 367 182 208 418 358 398 54 201 236 218 240 168 200 391 418 334 180 314 367 167 99 166 352 236 179 337 176 205 228 365 220 166 371
206 223 340 65 156 220 214 304 178 280 208 338 210 129 338 37 168 87 217 120 164 363 282 107 163 277 330 272 190 335 387 151 345 138 134 85 167 337 339 137 0 128 68 241 290 20 228 234 182 171 264 431 120 302 271 31 158 332 64 373 32 110 148 89 226 373 265 280 73 177 280 197 263 96 75 136 135 115 118 278 337 280 192 265 257 256 251 129 147 342 184 286 379 183 98 216 386 309 262 300
77 319 174 129 204 119 366 182 291 394 139 295 113 101 313 110 282 234 362 311 185 413 213 129 216 189 491 321 67 311 234 63 439 237 206 196 162 414 222 160 116 0 205 269 292 106 192 265 275 284 124 365 191 468 414 152 47 354 199 321 104 216 193 220 306 222 183 352 158 34 263 232 381 191 115 252 66 271 3 353 418 369 194 310 154 385 278 241 258 276 69 316 235 34 102 359 182 370 324 277
286 118 393 142 170 277 180 322 76 215 223 287 303 206 335 129 159 31 193 132 170 260 403 144 94 258 246 311 276 308 455 166 270 73 145 54 272 297 380 139 86 182 0 238 367 83 291 334 207 131 372 411 105 214 204 69 230 218 53 306 90 127 173 31 158 475 258 259 138 251 323 264 202 87 172 111 214 125 193 155 198 195 297 228 287 229 312 77 82 468 232 230 395 237 152 134 448 257 325 303
334 305 446 188 376 407 352 425 240 95 391 566 315 224 134 212 126 196 216 146 390 301 440 357 321 498 377 61 306 509 527 354 325 245 99 256 151 87 603 384 183 287 254 0 489 188 436 151 365 343 296 527 342 280 345 160 271 449 303 617 247 85 117 190 394 603 419 144 147 297 143 137 224 333 190 85 192 101 268 305 305 223 138 548 376 251 484 357 289 534 326 428 606 328 141 273 511 591 547 100
351 350 370 359 199 173 408 187 354 516 168 88 412 352 608 363 436 345 534 513 153 599 183 229 274 87 484 618 279 208 289 203 532 339 500 321 499 572 140 176 274 294 355 589 0 346 94 507 126 349 483 92 193 552 354 347 398 159 244 46 302 394 441 353 258 343 130 536 394 314 488 567 617 287 345 444 374 433 341 343 486 484 545 175 410 461 38 288 343 321 370 133 337 385 364 455 351 115 123 531
216 191 256 52 179 202 247 321 155 217 175 340 241 129 266 24 162 85 245 135 145 317 323 141 164 241 350 223 158 288 296 124 329 164 98 120 182 307 314 154 17 122 89 219 355 0 224 282 234 179 281 429 141 328 233 36 121 339 78 351 50 118 133 91 252 377 255 227 69 139 233 200 253 90 69 142 130 143 114 235 333 336 208 254 249 250 300 157 145 460 208 286 396 137 68 228 369 357 343 294
272 287 287 262 161 97 313 109 306 553 75 163 305 310 614 230 481 267 402 412 135 452 105 116 248 47 481 462 179 220 180 156 544 357 375 235 363 452 90 130 273 230 298 434 119 216 0 500 166 256 275 163 181 542 272 264 232 179 199 87 192 409 356 300 266 252 14 520 290 207 403 375 472 172 276 453 300 364 235 354 427 574 461 192 228 399 57 205 282 236 253 177 243 237 297 353 262 195 223 428
311 404 397 176 397 336 441 411 420 198 359 498 242 169 73 266 257 285 384 211 364 448 496 353 431 490 399 166 287 522 444 300 522 330 168 294 83 142 601 365 258 314 315 140 628 288 489 0 543 388 223 585 421 431 489 280 235 619 348 595 314 185 101 261 501 520 503 309 165 263 19 80 343 330 185 236 176 251 248 448 396 435 50 641 309 401 616 439 342 510 271 572 498 233 202 360 468 624 563 71
295 183 416 251 47 224 198 221 226 459 175 93 386 346 474 237 301 199 305 261 62 357 220 130 99 123 375 538 211 120 345 181 358 185 297 170 394 466 258 93 222 240 191 382 166 217 137 435 0 177 365 208 74 381 168 284 312 81 165 164 210 383 394 239 153 343 150 461 269 332 440 432 352 105 286 383 360 308 299 214 306 345 428 92 351 331 123 110 203 357 301 83 420 319 280 251 426 115 97 516
363 32 473 281 135 336 73 358 74 282 321 232 422 358 438 193 257 144 189 173 167 225 450 168 75 230 181 412 332 180 461 304 181 67 303 98 371 400 329 160 199 296 129 320 280 237 288 390 136 0 449 366 122 236 50 164 356 180 130 383 156 240 277 128 35 593 306 297 284 368 469 309 224 157 283 197 380 191 346 55 216 223 404 165 443 210 243 74 58 561 393 201 572 345 281 110 581 194 233 434
73 534 102 209 407 252 424 271 489 452 219 500 31 155 373 189 421 395 540 400 356 658 313 305 390 338 620 351 185 578 227 172 518 436 309 370 145 378 369 311 278 167 300 279 495 234 301 265 438 444 0 565 320 552 502 273 97 478 259 390 245 325 214 311 402 209 280 460 287 115 234 235 483 299 202 374 119 357 121 544 650 462 201 522 98 543 366 432 360 250 56 403 241 99 231 509 139 534 490 273
414 370 387 516 263 290 476 292 480 727 253 92 509 442 790 401 539 481 478 551 263 606 263 323 257 170 614 635 292 212 335 332 608 370 491 288 637 633 174 261 409 373 338 672 84 429 174 580 204 399 485 0 247 525 340 370 379 153 385 113 426 486 564 476 286 447 182 628 520 470 545 630 535 316 384 494 466 501 349 394 607 667 647 207 391 530 125 269 444 456 408 132 407 420 420 451 442 163 143 690
232 151 293 183 45 166 201 277 203 377 157 207 273 269 490 182 249 162 275 235 21 371 219 64 73 127 301 324 166 165 366 113 287 162 226 68 337 354 240 31 148 196 121 350 194 162 133 350 84 138 331 247 0 282 203 152 239 154 81 225 94 268 274 158 186 375 122 318 228 208 420 371 306 48 236 231 223 206 197 194 344 308 398 142 268 331 165 73 146 359 305 163 328 251 204 206 395 160 167 392
545 192 538 318 312 538 152 604 147 202 513 399 500 379 435 292 139 170 27 164 378 55 614 365 234 460 95 282 470 388 536 410 76 147 234 289 398 341 504 374 310 409 231 289 586 244 476 405 384 230 517 534 366 0 227 246 443 460 305 580 338 261 297 193 265 692 505 103 251 426 402 413 65 291 334 204 445 176 455 174 67 36 397 411 627 52 444 293 186 653 391 356 614 380 360 102 562 450 422 362
445 53 562 362 127 370 77 428 126 404 354 218 455 419 476 245 316 206 215 215 216 221 386 226 123 278 182 357 405 178 448 322 178 118 372 158 445 449 374 224 263 395 183 338 354 281 286 539 181 52 474 332 174 253 0 244 336 156 164 295 245 349 361 222 16 466 339 270 280 375 426 472 239 164 323 275 329 259 393 54 160 236 395 189 422 170 290 102 103 577 464 227 498 403 287 149 564 199 224 482
187 176 313 55 204 209 256 331 177 215 212 391 286 131 298 56 129 59 249 112 196 267 325 164 169 245 295 249 190 317 342 201 277 145 94 119 159 221 324 178 40 157 83 176 423 34 319 233 227 218 294 465 136 222 252 0 148 329 101 418 61 76 117 58 252 420 272 220 60 171 248 171 227 115 91 118 140 108 141 238 328 245 234 309 298 266 321 131 165 496 183 305 351 186 93 159 345 372 368 246
50 380 155 137 276 159 360 247 313 396 138 338 89 78 335 98 256 214 418 223 208 437 236 165 231 256 481 287 98 452 264 101 434 314 212 229 120 286 279 218 154 42 229 245 357 152 241 243 327 354 96 459 237 387 435 158 0 421 230 307 171 177 151 242 416 266 228 381 137 32 242 153 350 208 91 246 31 288 40 417 498 417 195 359 140 399 301 286 303 293 48 376 290 17 95 291 207 443 356 314
455 193 423 407 102 309 277 268 228 539 237 61 404 434 525 292 366 335 384 377 168 358 275 229 137 180 361 589 339 40 429 317 397 274 377 190 402 517 275 169 253 378 274 418 136 358 225 618 72 209 437 157 184 430 187 364 377 0 241 180 279 410 401 299 151 393 174 500 329 411 602 551 384 227 319 455 353 432 379 231 377 394 530 7 482 416 156 143 210 567 422 24 493 424 389 256 496 30 28 517
266 130 288 154 116 220 180 292 132 289 162 273 324 224 421 89 203 90 295 174 108 309 345 108 80 194 298 293 198 242 334 125 279 119 194 27 241 320 292 76 57 187 45 260 286 70 196 367 182 138 346 381 71 249 195 93 228 201 0 294 56 173 189 74 161 377 239 249 133 213 331 266 251 35 141 178 218 145 188 184 306 310 323 196 320 263 237 72 111 467 230 228 464 211 131 158 398 237 288 383
309 383 342 379 177 160 472 176 395 593 165 150 450 389 586 296 567 361 608 397 183 494 153 200 239 84 578 506 276 253 228 221 517 322 457 304 518 642 78 214 336 293 337 572 56 303 73 619 169 379 374 120 203 560 309 409 356 181 272 0 310 502 392 357 361 263 103 565 392 337 528 541 485 210 338 500 402 377 329 363 438 604 451 183 275 506 47 254 370 315 402 193 267 306 376 373 306 174 189 594
165 222 289 93 167 172 264 280 171 341 146 305 273 181 392 51 222 111 285 165 104 364 318 89 133 248 343 315 167 320 282 106 347 139 163 86 215 321 309 87 34 102 84 279 272 46 224 301 154 183 242 410 111 313 272 72 124 228 45 257 0 159 172 107 205 400 199 336 119 174 264 194 351 65 90 182 153 144 130 237 271 311 227 246 259 323 283 117 153 421 216 264 321 136 121 241 391 243 261 304
266 255 355 107 308 365 256 452 205 134 330 460 299 171 238 133 101 97 202 79 301 264 397 239 216 344 272 136 299 410 407 276 320 199 29 166 152 182 388 245 126 240 147 80 387 117 360 196 383 222 284 523 242 258 318 102 214 426 175 476 160 0 99 131 305 533 311 171 59 203 138 110 202 217 142 44 163 47 192 242 253 263 166 346 328 281 440 201 170 543 211 350 407 219 104 184 457 385 382 182
209 318 346 91 279 287 326 377 241 169 336 525 179 83 159 142 193 179 284 135 274 344 424 222 299 452 339 152 224 387 368 274 383 286 57 277 67 145 497 278 137 202 235 95 506 136 408 110 319 300 253 462 238 358 396 118 170 385 231 513 202 91 0 219 328 385 365 210 84 232 74 46 289 258 105 145 134 154 202 386 368 277 65 399 261 382 365 311 309 476 167 518 393 181 77 291 326 452 491 121
275 152 364 112 172 317 156 403 90 243 243 275 318 211 292 122 141 6 201 85 167 227 375 184 118 309 234 274 221 289 398 202 198 90 145 92 284 256 375 145 70 254 30 208 394 93 264 282 218 143 302 371 176 176 169 74 211 316 76 390 109 110 174 0 208 531 247 186 116 262 233 221 173 132 169 109 247 99 245 193 214 234 235 260 382 206 302 106 87 540 301 349 477 271 157 127 444 281 344 285
397 49 561 260 146 295 80 469 128 380 358 223 517 411 561 306 304 155 256 269 153 250 470 217 100 258 201 355 294 174 422 344 173 109 314 121 365 399 342 192 208 373 178 332 315 253 265 398 139 46 528 359 153 260 16 273 372 152 165 354 245 294 408 155 0 592 336 317 252 364 386 473 278 179 298 233 360 260 331 50 180 262 504 138 490 190 301 90 87 652 370 200 560 435 311 136 564 231 192 433
244 529 142 346 457 184 586 130 546 552 197 406 259 395 598 313 617 487 631 480 312 712 129 284 397 315 629 524 233 563 53 284 694 475 482 485 449 702 219 317 333 272 488 528 344 423 247 540 398 588 233 357 413 660 645 413 287 427 382 264 374 478 419 541 462 0 272 655 436 243 552 464 713 383 342 605 356 571 266 492 787 699 464 402 147 686 301 417 486 32 276 373 22 226 429 564 114 423 402 539
222 277 278 314 179 73 296 120 302 517 84 183 335 321 511 228 451 283 403 351 120 555 109 99 191 42 549 433 157 227 195 108 502 293 405 183 324 600 98 118 269 207 261 507 126 231 18 406 126 307 336 179 143 534 301 286 221 170 238 102 171 302 306 321 267 222 0 436 339 175 474 352 409 183 241 429 252 309 171 359 452 418 438 236 222 439 86 208 337 282 267 174 238 188 327 418 314 177 215 452
457 237 582 224 400 439 282 599 227 83 499 542 444 357 248 255 82 184 85 112 414 145 535 366 333 509 199 136 417 382 652 418 188 212 187 308 285 154 580 382 271 352 215 164 494 265 573 271 443 325 399 625 398 131 347 192 329 447 272 495 273 170 215 168 357 587 507 0 237 365 265 266 51 273 249 120 321 126 416 309 169 98 326 422 436 140 529 288 228 550 358 437 627 412 247 172 692 548 551 240
226 257 361 31 264 273 252 329 185 231 290 444 214 123 267 58 142 97 243 126 236 270 363 218 219 335 354 188 233 343 402 209 350 172 53 159 141 207 443 199 74 175 118 134 455 79 271 174 283 260 269 430 204 309 258 46 170 346 136 354 117 65 64 124 269 434 265 249 0 181 173 116 257 143 59 96 111 86 145 297 281 269 132 373 320 337 411 197 225 492 203 448 485 172 52 185 401 345 352 207
41 301 138 139 300 112 434 215 282 427 145 343 107 90 343 118 311 238 433 292 227 462 215 167 245 277 473 375 62 457 241 82 524 303 245 230 167 353 251 207 177 34 215 307 282 142 193 261 247 323 113 387 240 383 355 213 37 398 201 314 136 266 226 265 353 283 190 398 185 0 270 202 457 197 118 298 65 286 33 337 500 465 205 384 117 429 250 279 294 288 48 331 251 16 156 305 165 442 369 325
252 450 304 152 455 358 366 379 330 185 420 615 209 129 88 203 214 288 395 222 417 368 519 394 423 433 425 153 278 560 477 325 435 382 126 338 70 159 522 400 222 239 303 140 567 208 388 24 395 359 215 716 393 438 504 245 211 515 338 596 242 167 95 322 455 524 451 273 147 280 0 59 363 289 151 191 201 216 254 384 420 400 33 554 342 361 457 391 329 541 227 601 451 268 166 422 353 620 612 89
231 367 338 116 419 358 344 393 324 230 279 569 194 90 168 185 187 232 356 188 299 421 386 284 387 364 479 145 284 484 451 255 453 360 88 264 40 155 411 339 164 178 266 142 557 181 427 86 454 328 191 511 291 327 458 182 161 527 267 450 229 147 39 194 375 443 354 307 113 211 44 0 346 266 115 161 141 191 237 354 357 332 31 493 306 368 432 304 327 413 174 451 475 203 124 357 318 533 457 101
406 219 626 259 305 490 202 650 162 153 505 527 397 390 338 339 104 197 50 131 335 88 587 361 340 493 164 220 515 373 690 379 120 199 215 287 325 225 590 397 281 456 224 225 511 244 478 332 413 290 493 523 307 63 292 241 430 424 280 529 326 196 326 207 276 718 442 48 293 389 323 280 0 308 356 136 434 147 414 220 152 30 317 467 479 98 599 266 180 723 376 482 579 393 301 122 547 516 471 342
221 168 306 167 83 195 172 304 167 345 169 205 275 247 399 109 246 133 239 208 57 380 263 67 80 154 296 364 182 237 311 134 322 113 194 43 270 435 227 54 89 156 98 249 249 113 189 309 137 123 325 344 46 267 192 111 168 215 32 236 62 181 221 127 188 425 200 293 183 172 286 295 361 0 153 235 220 228 176 189 286 309 318 175 277 253 219 83 110 383 268 223 341 216 153 179 391 221 195 377
138 332 271 27 293 199 284 267 237 272 243 446 154 46 278 51 202 182 312 156 184 334 268 169 265 306 448 236 149 360 363 158 387 199 92 189 101 219 317 225 77 108 164 210 408 64 252 169 333 282 194 512 171 311 302 100 77 367 135 337 113 144 87 161 337 375 300 311 69 99 166 131 274 172 0 149 62 165 108 358 324 340 144 371 191 360 385 200 269 307 113 367 339 111 21 236 295 402 451 238
290 237 435 117 324 378 230 493 149 121 378 409 310 231 205 159 46 91 151 31 322 226 521 265 237 387 292 157 280 413 410 249 273 178 80 166 182 182 421 297 132 262 130 105 395 135 352 252 298 212 388 473 268 197 285 105 279 387 149 471 187 43 123 95 233 465 323 141 85 308 172 181 164 236 168 0 187 12 264 257 250 208 190 412 423 188 459 187 177 509 250 403 509 304 136 182 505 470 377 210
94 319 175 100 251 174 415 264 329 319 167 391 103 36 313 104 263 222 323 247 226 464 281 186 266 297 523 310 113 357 307 128 495 318 135 256 96 255 305 242 128 69 217 222 419 124 262 169 314 289 106 526 214 389 389 140 36 358 202 387 159 166 125 210 409 284 225 307 118 76 180 122 347 192 55 225 0 229 72 428 393 384 147 339 142 346 342 251 251 274 59 443 347 50 84 311 267 470 460 233
281 224 371 120 236 311 207 490 168 113 278 425 325 227 249 160 65 75 138 20 273 235 374 250 199 404 285 160 292 381 541 233 235 142 75 145 186 201 514 250 150 216 105 106 424 128 328 198 363 231 296 482 242 189 300 97 270 435 149 469 155 44 118 92 287 554 377 114 100 313 252 158 158 166 174 16 226 0 288 203 228 190 220 360 394 202 430 183 153 437 294 436 491 287 126 139 475 342 373 202
66 304 176 128 206 114 323 183 302 389 107 368 117 123 312 96 317 254 354 228 215 460 234 134 220 259 493 386 57 378 204 71 500 321 233 239 200 345 258 184 147 4 192 304 261 130 219 276 279 320 144 351 188 382 420 161 42 304 174 324 139 208 184 262 397 257 211 350 166 30 233 172 382 184 122 304 81 259 0 332 435 403 243 297 108 446 263 217 313 243 89 359 216 32 137 284 238 365 304 289
435 37 452 265 209 332 25 421 87 293 388 313 418 438 549 301 267 192 165 222 211 206 424 247 126 281 151 320 383 216 530 344 140 85 334 175 384 434 410 228 277 356 168 348 339 262 346 480 231 57 488 378 198 191 43 220 439 239 174 354 210 294 367 152 65 552 396 296 266 408 434 347 236 215 363 247 411 269 343 0 154 245 384 239 541 142 377 126 78 588 484 290 490 341 302 81 517 268 236 380
462 139 682 370 295 506 110 568 136 226 425 432 541 410 493 378 225 250 81 207 306 47 498 398 253 461 28 309 494 329 550 357 7 143 287 261 381 372 597 385 354 447 252 303 545 296 436 397 410 171 641 459 296 74 189 330 519 370 259 455 306 312 317 244 210 758 399 208 296 484 442 463 151 296 317 238 415 199 401 118 0 118 384 383 602 26 540 261 207 687 563 392 655 462 319 115 736 422 391 446
400 250 544 297 298 456 200 609 152 181 528 416 439 388 318 353 133 181 38 173 412 81 590 427 307 494 106 245 514 480 639 362 116 198 272 307 348 234 491 420 292 387 214 208 459 258 513 380 460 212 564 673 353 36 266 288 404 466 258 616 313 196 266 237 294 659 453 83 270 490 386 383 32 286 378 194 420 189 367 184 105 0 396 381 542 92 506 264 192 719 427 458 700 471 351 116 637 535 527 335
181 340 313 126 371 301 387 362 395 228 379 561 152 94 156 157 249 220 416 254 365 385 478 326 413 376 462 181 304 444 377 271 490 367 123 285 46 178 439 342 211 217 303 165 476 217 403 64 499 451 222 546 396 338 434 177 162 425 285 562 253 176 71 264 417 465 375 286 159 225 39 26 321 267 150 227 141 241 203 439 372 337 0 428 314 443 498 325 363 472 152 550 444 220 150 372 405 460 605 114
401 179 511 394 116 308 230 371 262 553 250 78 397 464 584 359 410 270 360 422 158 353 292 240 157 146 354 447 355 41 342 274 339 214 366 237 532 596 305 194 273 282 271 478 146 263 215 559 73 169 542 182 135 409 169 321 368 6 216 202 275 415 442 324 136 384 180 494 365 312 511 496 442 180 390 401 361 408 287 182 370 423 524 0 485 392 164 170 248 418 390 33 480 341 357 273 409 38 36 491
85 484 31 244 351 158 437 183 450 533 187 395 124 222 388 273 384 385 445 462 250 512 198 271 327 313 517 463 119 522 147 164 661 352 304 351 233 401 207 287 308 122 366 443 344 235 235 330 389 480 101 363 267 590 553 321 137 361 301 355 237 318 298 346 461 176 240 440 316 93 301 283 552 269 227 384 171 431 142 441 549 640 266 476 0 514 341 336 380 135 89 370 153 126 223 502 87 375 502 415
480 150 561 298 346 467 124 470 142 240 430 463 488 424 431 345 168 210 82 193 381 45 640 313 240 388 54 314 528 359 519 439 33 146 280 210 442 343 504 371 251 353 195 339 506 250 442 461 353 180 473 531 306 56 179 238 445 366 229 445 310 242 383 215 181 580 466 138 271 520 416 433 116 265 363 184 392 232 474 132 21 77 375 403 620 0 474 242 149 649 418 411 577 474 345 87 691 361 392 444
305 313 386 311 142 142 304 177 312 486 150 92 438 361 532 307 521 349 532 422 137 553 169 155 247 33 430 488 250 201 251 227 530 331 392 216 386 524 105 140 306 284 286 455 44 297 75 482 109 276 356 128 165 461 305 373 287 150 271 45 238 434 364 282 336 306 75 483 378 257 515 412 588 235 360 360 291 343 251 340 507 561 490 137 336 418 0 205 305 297 332 122 279 350 367 372 375 164 159 640
319 102 441 188 69 228 157 374 122 334 244 246 400 281 507 193 229 113 227 185 84 272 341 121 15 225 241 314 267 169 401 197 246 90 230 38 346 335 357 117 143 277 84 283 282 144 221 400 117 57 405 280 66 254 129 140 257 143 63 300 140 258 252 134 92 390 254 304 230 288 368 315 256 77 208 203 310 187 281 136 285 308 382 155 315 253 256 0 63 521 290 181 431 250 222 156 397 201 166 368
308 53 494 206 160 315 93 333 31 294 259 235 406 271 445 200 194 79 180 156 173 239 447 198 86 294 172 281 299 206 384 269 190 10 216 82 336 319 374 167 133 277 76 278 354 162 291 435 180 64 451 376 127 187 109 153 260 210 100 360 167 193 236 74 94 538 273 224 206 352 367 265 198 121 253 149 252 174 261 92 183 245 319 195 447 178 338 81 0 603 317 276 426 322 231 88 507 290 291 338
207 518 154 448 385 214 532 152 468 566 255 381 224 383 641 350 619 425 692 616 402 659 194 285 525 314 835 651 262 482 98 315 638 450 497 402 397 597 192 381 454 290 421 569 412 422 297 541 486 540 238 401 392 601 502 498 286 452 420 359 416 493 395 527 629 42 270 601 362 253 472 468 642 337 420 586 289 474 244 579 614 606 436 472 156 745 343 503 472 0 227 409 19 269 343 517 72 475 474 547
27 373 111 137 308 180 498 227 310 322 186 368 53 102 283 171 299 291 481 306 275 492 285 188 371 324 607 356 128 434 219 134 568 349 207 247 158 348 304 212 186 72 300 255 441 152 310 248 369 418 63 524 282 465 464 217 41 426 267 364 221 239 160 275 392 255 223 449 189 54 241 162 510 227 113 278 62 265 81 422 516 411 190 469 118 522 324 282 388 284 0 392 222 40 160 441 157 468 428 333
356 267 470 325 133 265 311 323 312 479 230 37 420 444 614 385 466 339 359 380 168 372 281 225 166 149 464 575 275 65 378 242 459 288 434 216 522 672 273 179 269 310 264 455 121 300 216 596 82 192 424 141 149 453 226 360 384 29 252 183 287 461 513 339 187 509 198 447 405 381 539 563 398 212 349 378 446 361 343 222 447 487 490 36 499 448 135 178 292 405 380 0 486 429 435 303 517 8 9 520
232 486 143 435 449 195 653 162 501 640 231 451 276 288 470 328 518 455 701 517 346 628 162 343 371 254 724 521 204 473 62 223 794 594 451 392 327 671 181 310 344 280 471 549 390 369 280 524 430 470 222 374 388 629 558 356 304 408 387 316 338 423 484 512 486 26 307 588 363 202 518 382 554 383 376 557 275 492 236 611 583 571 364 409 131 601 284 436 462 24 241 521 0 231 364 491 78 417 466 472
37 408 147 143 242 148 431 208 353 329 171 428 84 83 364 122 337 229 389 297 255 432 213 178 256 264 533 314 86 445 268 94 521 356 206 200 151 401 245 195 167 33 239 315 375 145 204 259 329 377 103 476 216 367 370 171 20 422 210 341 135 225 163 244 426 283 201 442 144 17 222 205 355 208 120 254 55 258 35 375 496 498 217 439 114 400 336 302 354 265 38 429 219 0 128 411 230 390 396 266
172 253 269 17 272 250 307 367 270 227 195 345 203 69 229 43 166 124 305 186 208 415 346 203 233 325 363 247 160 409 337 163 359 259 72 158 101 207 350 177 86 140 177 194 408 76 349 189 307 284 216 495 205 287 326 77 120 355 125 326 110 92 75 163 279 375 272 236 51 143 145 101 345 186 22 129 69 142 115 352 310 355 133 418 225 313 381 191 263 360 122 417 351 109 0 259 329 408 345 189
398 99 482 234 209 417 62 526 37 203 334 296 402 351 341 218 134 106 102 120 221 137 537 257 186 331 126 263 383 299 452 307 120 71 220 170 346 367 511 283 203 363 124 228 432 184 433 429 276 116 478 462 254 88 120 201 313 306 151 393 244 219 245 117 124 494 330 178 243 334 371 298 126 171 233 179 314 124 289 79 119 138 311 297 405 95 371 161 79 604 367 284 605 359 283 0 543 380 372 364
164 611 60 340 402 182 502 170 570 605 255 498 205 305 548 341 558 438 701 553 305 691 230 355 370 303 675 541 214 592 115 221 723 574 443 445 344 546 227 395 304 229 420 517 438 336 319 341 445 489 177 483 373 544 535 379 242 433 423 319 349 431 390 376 615 92 248 573 423 175 413 383 584 368 297 439 215 529 216 612 761 579 335 486 97 712 404 416 521 92 186 443 76 212 270 619 0 521 473 392
372 277 484 395 139 247 286 336 332 513 283 32 475 414 681 285 509 348 489 358 181 454 266 195 194 160 469 531 277 62 430 316 451 237 434 202 464 685 279 205 361 389 245 475 127 315 212 622 99 224 512 117 206 447 204 388 439 28 285 201 312 486 398 367 203 425 189 565 339 388 538 562 432 257 365 361 409 407 370 240 436 528 525 35 428 353 156 176 266 534 458 9 437 358 423 274 543 0 0 630
410 257 441 391 161 244 256 283 314 612 276 42 557 482 720 366 496 370 467 450 148 434 284 244 179 160 453 522 291 67 391 320 469 266 500 265 557 613 220 198 330 359 263 515 115 338 178 519 105 247 498 151 174 376 179 284 437 27 247 205 239 422 537 362 217 410 179 438 423 360 468 515 436 231 441 373 356 438 355 284 341 458 447 41 456 439 128 201 277 501 493 8 491 420 340 286 445 0 0 563
307 401 449 233 376 482 435 480 362 152 423 624 247 234 55 249 227 239 329 225 448 385 580 412 457 493 474 110 395 534 450 360 357 316 123 322 139 74 490 414 228 295 287 90 688 258 468 62 530 368 289 778 347 321 451 214 261 490 352 666 293 178 131 295 474 579 436 225 201 297 80 107 253 386 182 157 207 232 344 420 413 346 122 571 357 330 601 356 376 475 263 503 510 289 222 347 436 506 521 0
